1753774283.1770446
1753774283.225359
1753774283.2577505
1753774283.2862828
1753774283.3171477
1753774283.3271267
1753774283.3550153
1753774283.3866017
1753774283.414791
1753774283.442252
1753774283.482135
1753774283.5090997
1753774283.5377192
1753774283.5728142
1753774283.606802
1753774283.6377857
1753774283.6718717
1753774283.7018366
1753774283.7278745
1753774283.7550528
1753774283.7835855
1753774283.811145
1753774283.842791
1753774283.8743644
1753774283.9047966
1753774283.93456
1753774283.9641511
1753774283.9925106
1753774284.0204487
1753774284.0473993
1753774284.0856502
1753774284.1129074
1753774284.14212
1753774284.1689622
1753774284.2097476
1753774284.2307558
1753774284.2585425
1753774284.284396
1753774284.3102539
1753774284.3379095
1753774284.3627553
1753774284.3889928
1753774284.4143972
1753774284.4398937
1753774284.4646668
1753774284.488779
1753774284.5243328
1753774284.5449579
1753774284.5664306
1753774284.5883749
1753774284.610637
1753774284.6309144
1753774284.6513307
1753774284.6718068
1753774284.6929426
1753774284.71393
1753774284.7324915
1753774284.753546
1753774284.7789595
1753774284.8056397
1753774284.8436816
1753774284.8706386
1753774284.8975735
1753774284.9238415
1753774284.9718761
1753774284.9916112
1753774285.039866
1753774285.0717812
1753774285.1064143
1753774285.1401162
1753774285.1680484
1753774285.1980312
1753774285.2407043
1753774285.2792532
1753774285.3218842
1753774285.3586595
1753774285.3938794
1753774285.4317083
1753774285.4752202
1753774285.5126517
1753774285.5454552
1753774285.5800586
1753774285.6143167
1753774285.6539192
1753774285.738094
1753774285.777709
1753774285.8179166
1753774285.8464801
1753774285.8751447
1753774285.9032695
1753774285.9450424
1753774285.9765594
1753774286.018548
1753774286.0488548
1753774286.0841277
1753774286.1272402
1753774286.163677
1753774286.2047575
1753774286.2373784
1753774286.2675552
1753774286.3233526
1753774286.3563392
1753774286.3932428
1753774286.4237053
1753774286.4734552
1753774286.5038939
1753774286.5486794
1753774286.5784733
1753774286.6264012
1753774286.6732507
1753774286.7169914
1753774286.7604969
1753774286.8011658
1753774286.8442874
1753774286.8764498
1753774286.8840022
1753774286.9224482
1753774286.9553473
1753774287.0055797
1753774287.0404048
1753774287.0802867
1753774287.1119769
1753774287.1424935
1753774287.1863787
1753774287.2194464
1753774287.2526317
1753774287.2829592
1753774287.3142064
1753774287.3623958
1753774287.39755
1753774287.4258132
1753774287.52565
1753774287.5824394
1753774287.6115952
1753774287.6520305
1753774287.685438
1753774287.723848
1753774287.7624092
1753774287.7975166
1753774287.8404396
1753774287.8821423
1753774287.909344
1753774287.947341
1753774287.9881494
1753774288.0154793
1753774288.0504973
1753774288.0771232
1753774288.1046796
1753774288.131915
1753774288.1666663
1753774288.1954274
1753774288.2215466
1753774288.263184
1753774288.2930446
1753774288.3309388
1753774288.3510938
1753774288.3888469
1753774288.4124546
1753774288.4505174
1753774288.4717422
1753774288.507629
1753774288.528877
1753774288.5539436
1753774288.577939
1753774288.6163642
1753774288.6384482
1753774288.6628473
1753774288.698302
1753774288.7197738
1753774288.7542722
1753774288.7756472
1753774288.8108222
1753774288.8317387
1753774288.870037
1753774288.8914201
1753774288.9174476
1753774288.9437869
1753774288.9679277
1753774289.0131433
1753774289.0380232
1753774289.0595193
1753774289.0828314
1753774289.122696
1753774289.1677978
1753774289.1891139
1753774289.1963887
1753774289.2216663
1753774289.2446332
1753774289.2877874
1753774289.3080652
1753774289.3419294
1753774289.3622425
1753774289.3840876
1753774289.4181554
1753774289.4380016
1753774289.4716225
1753774289.4941397
1753774289.530223
1753774289.555034
1753774289.591574
1753774289.6262815
1753774289.646357
1753774289.6832633
1753774289.7191222
1753774289.7407002
1753774289.774886
1753774289.7974427
1753774289.8357794
1753774289.8571484
1753774289.8927453
1753774289.9138675
1753774289.949884
1753774289.9723208
1753774290.0078156
1753774290.0290687
1753774290.0604599
1753774290.0788105
1753774290.1175508
1753774290.1398618
1753774290.1781433
1753774290.2000973
1753774290.2354672
1753774290.2565858
1753774290.2800024
1753774290.3187099
1753774290.3404508
1753774290.3748994
1753774290.4112175
1753774290.4305396
1753774290.4659114
1753774290.4876754
1753774290.5286713
1753774290.5510147
1753774290.5855956
1753774290.6078215
1753774290.6442292
1753774290.6785734
1753774290.6987503
1753774290.7383676
1753774290.759111
1753774290.7925768
1753774290.827623
1753774290.847853
1753774290.871324
1753774290.9060183
1753774290.9222815
1753774290.94587
1753774290.9673731
1753774290.9888985
1753774291.0253358
1753774291.0453477
1753774291.0799122
1753774291.1007354
1753774291.1398842
1753774291.1624584
1753774291.1866372
1753774291.2243495
1753774291.2483566
1753774291.271549
1753774291.2949946
1753774291.3341408
1753774291.3542798
1753774291.3893764
1753774291.4104335
1753774291.4462674
1753774291.4662147
1753774291.490197
1753774291.5114808
1753774291.5349045
1753774291.5578303
1753774291.5803707
1753774291.6075456
1753774291.6338675
1753774291.6618989
1753774291.6873949
1753774291.7141528
1753774291.7557025
1753774291.7819672
1753774291.821491
1753774291.8473547
1753774291.8731637
1753774291.8995912
1753774291.9368336
1753774291.9640145
1753774292.001024
1753774292.027538
1753774292.0648189
1753774292.0923254
1753774292.130188
1753774292.1577039
1753774292.19825
1753774292.2266262
1753774292.2696397
1753774292.2967727
1753774292.337587
1753774292.3664696
1753774292.4048862
1753774292.4416628
1753774292.4712842
1753774292.5155659
1753774292.5444224
1753775644.6699944
1753775644.7294476
1753775644.7593262
1753775644.7862654
1753775644.813262
1753775644.8228934
1753775644.853047
1753775644.8853552
1753775644.931935
1753775644.9637985
1753775645.006679
1753775645.033359
1753775645.0688965
1753775645.1095307
1753775645.1571338
1753775645.1980832
1753775645.2483087
1753775645.2816982
1753775645.315513
1753775645.3502655
1753775645.3814392
1753775645.4193277
1753775645.4517028
1753775645.4842844
1753775645.516069
1753775645.5460176
1753775645.5750387
1753775645.623546
1753775645.6565711
1753775645.688113
1753775645.7301106
1753775645.7578518
1753775645.7956612
1753775645.8224905
1753775645.8596892
1753775645.880499
1753775645.9064684
1753775645.9498775
1753775645.985031
1753775646.016061
1753775646.0438945
1753775646.07028
1753775646.0961237
1753775646.1222258
1753775646.154287
1753775646.17881
1753775646.2147014
1753775646.2370431
1753775646.2613325
1753775646.284941
1753775646.3192148
1753775646.3444657
1753775646.3710873
1753775646.4017045
1753775646.4248629
1753775646.4501193
1753775646.4795432
1753775646.5135057
1753775646.536496
1753775646.5623603
1753775646.585129
1753775646.6084204
1753775646.6348538
1753775646.6697571
1753775646.726311
1753775646.7465584
1753775646.7951703
1753775646.8171935
1753775646.8433976
1753775646.8712735
1753775646.9003124
1753775646.9333563
1753775646.9630232
1753775646.9941897
1753775647.0242505
1753775647.0590572
1753775647.1010935
1753775647.1330113
1753775647.1739466
1753775647.20381
1753775647.233349
1753775647.273337
1753775647.3604012
1753775647.4049375
1753775647.4648468
1753775647.4986198
1753775647.5455658
1753775647.5759835
1753775647.6052194
1753775647.6417458
1753775647.68318
1753775647.712949
1753775647.753523
1753775647.788831
1753775647.8316364
1753775647.8699918
1753775647.9004421
1753775647.9432507
1753775647.9741755
1753775648.0061574
1753775648.0741794
1753775648.1066487
1753775648.1493423
1753775648.1832192
1753775648.2357166
1753775648.2681289
1753775648.3133094
1753775648.3551092
1753775648.396813
1753775648.43311
1753775648.4667885
1753775648.5104504
1753775648.5453393
1753775648.5754576
1753775648.6235774
1753775648.6327884
1753775648.673447
1753775648.7091303
1753775648.8032806
1753775648.8543506
1753775648.9147928
1753775648.950171
1753775648.9807398
1753775649.028683
1753775649.0624168
1753775649.1072786
1753775649.1387355
1753775649.1734536
1753775649.2202966
1753775649.255122
1753775649.2899861
1753775649.3230357
1753775649.3777196
1753775649.4242222
1753775649.470671
1753775649.5043333
1753775649.53857
1753775649.5835807
1753775649.6282527
1753775649.7236285
1753775649.7870448
1753775649.839552
1753775649.8962274
1753775649.9661367
1753775650.0087447
1753775650.0611343
1753775650.0904746
1753775650.1202114
1753775650.1480536
1753775650.175505
1753775650.2027042
1753775650.2346797
1753775650.275002
1753775650.30387
1753775650.3419535
1753775650.3637195
1753775650.4032319
1753775650.427972
1753775650.4675665
1753775650.490731
1753775650.528071
1753775650.5516977
1753775650.5772262
1753775650.601744
1753775650.642129
1753775650.6652682
1753775650.6909175
1753775650.728076
1753775650.751112
1753775650.7881155
1753775650.810831
1753775650.8478558
1753775650.8721774
1753775650.9130173
1753775650.9365408
1753775650.9631855
1753775650.9881275
1753775651.01925
1753775651.0590668
1753775651.081273
1753775651.1043875
1753775651.1298099
1753775651.169958
1753775651.2066848
1753775651.2272036
1753775651.23559
1753775651.2619066
1753775651.288795
1753775651.3253093
1753775651.3480139
1753775651.3838167
1753775651.4057956
1753775651.4298244
1753775651.4701364
1753775651.4918485
1753775651.5272417
1753775651.550202
1753775651.5874414
1753775651.6113067
1753775651.6489058
1753775651.6867473
1753775651.70877
1753775651.744844
1753775651.7819462
1753775651.8044155
1753775651.8411958
1753775651.8636994
1753775651.902542
1753775651.9313657
1753775651.9719799
1753775651.9946256
1753775652.0336466
1753775652.0606916
1753775652.0992525
1753775652.123611
1753775652.1560013
1753775652.1749434
1753775652.2131815
1753775652.2364566
1753775652.2767594
1753775652.3013084
1753775652.3401365
1753775652.362633
1753775652.3866174
1753775652.424359
1753775652.4471037
1753775652.4826689
1753775652.5188775
1753775652.5396693
1753775652.5780537
1753775652.6012473
1753775652.643351
1753775652.6676338
1753775652.7048507
1753775652.7276776
1753775652.762802
1753775652.7994845
1753775652.8208811
1753775652.8582513
1753775652.881029
1753775652.9180682
1753775652.9561667
1753775652.9777904
1753775653.0016246
1753775653.0356314
1753775653.0543795
1753775653.0782928
1753775653.1029527
1753775653.1271489
1753775653.1663985
1753775653.188172
1753775653.2247295
1753775653.2472725
1753775653.284427
1753775653.3078465
1753775653.3324053
1753775653.3698542
1753775653.3949122
1753775653.4206045
1753775653.4435778
1753775653.480208
1753775653.5022109
1753775653.5382419
1753775653.5616663
1753775653.6036198
1753775653.633347
1753775653.6635294
1753775653.687173
1753775653.7135198
1753775653.739014
1753775653.7673044
1753775653.793002
1753775653.8209493
1753775653.847228
1753775653.8765702
1753775653.8996956
1753775653.946664
1753775653.9777799
1753775654.019762
1753775654.047422
1753775654.0751944
1753775654.104375
1753775654.1468096
1753775654.174441
1753775654.2131872
1753775654.242758
1753775654.289637
1753775654.3284073
1753775654.3766525
1753775654.4056594
1753775654.447086
1753775654.4772081
1753775654.5176632
1753775654.5482092
1753775654.5915036
1753775654.6250064
1753775654.6657152
1753775654.7045162
1753775654.7336955
1753775654.7773032
1753775654.8071523
1753777833.6123116
1753777833.6588943
1753777833.6871212
1753777833.7136219
1753777833.7435918
1753777833.7519658
1753777833.7774582
1753777833.8026063
1753777833.8274746
1753777833.8525221
1753777833.8900325
1753777833.915029
1753777833.9412644
1753777833.969512
1753777833.996221
1753777834.0208325
1753777834.046078
1753777834.0734818
1753777834.0994182
1753777834.1267927
1753777834.1530209
1753777834.1809707
1753777834.2087955
1753777834.239118
1753777834.2674997
1753777834.297767
1753777834.3259995
1753777834.353251
1753777834.380869
1753777834.4078736
1753777834.4470248
1753777834.4749048
1753777834.5042903
1753777834.5300622
1753777834.5684268
1753777834.5895545
1753777834.616958
1753777834.6430764
1753777834.6699846
1753777834.6977665
1753777834.7239962
1753777834.7499304
1753777834.7757616
1753777834.804503
1753777834.8294246
1753777834.8535533
1753777834.8912559
1753777834.9125535
1753777834.9362934
1753777834.9641676
1753777834.9961884
1753777835.0193388
1753777835.0419748
1753777835.0650024
1753777835.087303
1753777835.1089225
1753777835.1292145
1753777835.1507597
1753777835.1718223
1753777835.1946514
1753777835.216746
1753777835.2391915
1753777835.2603629
1753777835.283214
1753777835.3227332
1753777835.340019
1753777835.3764358
1753777835.3974316
1753777835.4244576
1753777835.451663
1753777835.4791842
1753777835.5056136
1753777835.5329614
1753777835.5601976
1753777835.5903745
1753777835.6199334
1753777835.6483047
1753777835.675877
1753777835.7145705
1753777835.7440474
1753777835.7717488
1753777835.7998128
1753777835.8273609
1753777835.855183
1753777835.8967993
1753777835.927553
1753777835.9722972
1753777836.0047324
1753777836.035102
1753777836.0657573
1753777836.1029058
1753777836.1317942
1753777836.1695023
1753777836.1989503
1753777836.2272363
1753777836.2634466
1753777836.292686
1753777836.331535
1753777836.3609483
1753777836.3901818
1753777836.43599
1753777836.4662306
1753777836.5042176
1753777836.5359857
1753777836.5851636
1753777836.616724
1753777836.663863
1753777836.6954873
1753777836.736794
1753777836.767386
1753777836.7982259
1753777836.8268752
1753777836.8562288
1753777836.8845453
1753777836.915315
1753777836.9229794
1753777836.96943
1753777837.0013182
1753777837.0426497
1753777837.0753684
1753777837.1137352
1753777837.144695
1753777837.1739058
1753777837.2113156
1753777837.241128
1753777837.2759247
1753777837.3061972
1753777837.334417
1753777837.378873
1753777837.409118
1753777837.4376478
1753777837.468497
1753777837.510989
1753777837.5403395
1753777837.579614
1753777837.6098824
1753777837.64036
1753777837.668313
1753777837.6958141
1753777837.7349548
1753777837.7693021
1753777837.7962544
1753777837.8311934
1753777837.8693058
1753777837.897287
1753777837.9344132
1753777837.9632149
1753777837.9928508
1753777838.0214384
1753777838.051194
1753777838.07788
1753777838.1057026
1753777838.1473887
1753777838.1739879
1753777838.2124045
1753777838.2341173
1753777838.2717915
1753777838.2961767
1753777838.3334136
1753777838.3558843
1753777838.394453
1753777838.4187312
1753777838.4447503
1753777838.4741318
1753777838.5187569
1753777838.5442808
1753777838.571064
1753777838.6142
1753777838.6421094
1753777838.6846292
1753777838.712318
1753777838.7600996
1753777838.7854776
1753777838.8298762
1753777838.8569558
1753777838.8849666
1753777838.9155943
1753777838.9431837
1753777838.9817252
1753777839.0059118
1753777839.0424747
1753777839.0748117
1753777839.1163087
1753777839.1541686
1753777839.1751237
1753777839.1823423
1753777839.2084715
1753777839.2428923
1753777839.2848692
1753777839.3083088
1753777839.3434446
1753777839.365401
1753777839.3888257
1753777839.424559
1753777839.4462786
1753777839.481742
1753777839.5042615
1753777839.5452075
1753777839.5705054
1753777839.6103196
1753777839.6497278
1753777839.6716666
1753777839.7067976
1753777839.7460556
1753777839.7687385
1753777839.8041742
1753777839.8274014
1753777839.8663814
1753777839.8926325
1753777839.9313343
1753777839.9550982
1753777839.9940026
1753777840.018195
1753777840.0560713
1753777840.0858529
1753777840.1194947
1753777840.1395202
1753777840.1779542
1753777840.2014542
1753777840.2400787
1753777840.2640603
1753777840.30387
1753777840.327353
1753777840.3527503
1753777840.3903205
1753777840.4153035
1753777840.4601219
1753777840.501503
1753777840.5232203
1753777840.5674353
1753777840.5993035
1753777840.64544
1753777840.6700974
1753777840.7073345
1753777840.730192
1753777840.7704458
1753777840.82302
1753777840.8442807
1753777840.8817031
1753777840.9045413
1753777840.940421
1753777840.9777079
1753777840.9988382
1753777841.0223253
1753777841.0571017
1753777841.0765045
1753777841.1000068
1753777841.1253304
1753777841.148743
1753777841.1851802
1753777841.2074656
1753777841.2441075
1753777841.26621
1753777841.3032885
1753777841.3267288
1753777841.3517997
1753777841.3896687
1753777841.4134245
1753777841.4405925
1753777841.4665725
1753777841.5073905
1753777841.5306199
1753777841.56886
1753777841.5931525
1753777841.6378598
1753777841.6601515
1753777841.6875517
1753777841.7121568
1753777841.7383265
1753777841.763857
1753777841.7922485
1753777841.8184621
1753777841.846354
1753777841.8721766
1753777841.9004252
1753777841.9232209
1753777841.9637952
1753777841.9898667
1753777842.0254307
1753777842.0526886
1753777842.079833
1753777842.1111033
1753777842.1676676
1753777842.1959016
1753777842.2336752
1753777842.2611187
1753777842.2995863
1753777842.3291671
1753777842.3700385
1753777842.400003
1753777842.4378686
1753777842.4664526
1753777842.5043693
1753777842.5357957
1753777842.5744581
1753777842.6045208
1753777842.6459892
1753777842.682424
1753777842.71163
1753777842.7556102
1753777842.787339
