1753774347.465959
1753774347.5162027
1753774347.5443356
1753774347.6034868
1753774347.6287858
1753774347.6496391
1753774347.6853268
1753774347.7095551
1753774347.7466948
1753774347.784247
1753774347.8074343
1753774347.8469918
1753774347.8708086
1753774347.909232
1753774347.961842
1753774347.9856524
1753774348.0229638
1753774348.0599337
1753774348.0853314
1753774348.1247098
1753774348.1473885
1753774348.1850286
1753774348.2233093
1753774348.2470133
1753774348.2846167
1753774348.3227875
1753774348.3451567
1753774348.3819942
1753774348.4062524
1753774348.4458299
1753774348.485268
1753774348.5084457
1753774348.5469697
1753774348.586089
1753774348.6199474
1753774348.6440063
1753774348.6832428
1753774348.7078779
1753774348.7507966
1753774348.7757351
1753774348.8150766
1753774348.8548837
1753774348.8778632
1753774348.9154918
1753774348.9545615
1753774348.9779596
1753774349.015413
1753774349.038462
1753774349.0761096
1753774349.1136365
1753774349.1506913
1753774349.1889172
1753774349.2144854
1753774349.2594652
1753774349.3182683
1753774349.3446407
1753774349.3847115
1753774349.4259229
1753774349.4490128
1753774349.4876864
1753774349.5128837
1753774349.5515256
1753774349.5918026
1753774349.6142597
1753774349.6525729
1753774349.692038
1753774349.7167108
1753774349.7541964
1753774349.7934628
1753774349.8161688
1753774349.8392975
1753774349.847539
1753774349.885648
1753774349.925411
1753774349.9517298
1753774349.9926493
1753774350.0180516
1753774350.0419087
1753774350.0806043
1753774350.1035225
1753774350.1419642
1753774350.1834965
1753774350.2073817
1753774350.2458553
1753774350.2840726
1753774350.3068416
1753774350.3460186
1753774350.371182
1753774350.4131598
1753774350.4516556
1753774350.4748166
1753774350.51272
1753774350.551741
1753774350.575201
1753774350.614334
1753774350.638182
1753774350.6778631
1753774350.720499
1753774350.7431128
1753774350.7814894
1753774350.804735
1753774350.8137155
1753774350.8546252
1753774350.8942707
1753774350.919558
1753774350.9662166
1753774351.0085096
1753774351.0325499
1753774351.0799701
1753774351.1218834
1753774351.1470664
1753774351.1883402
1753774351.2273233
1753774351.2545488
1753774351.298318
1753774351.346358
1753774351.3739772
1753774351.4125247
1753774351.4513636
1753774351.4781353
1753774351.5197718
1753774351.5600991
1753774351.58429
1753774351.6301155
1753774351.6690023
1753774351.6932302
1753774351.734967
1753774351.772496
1753774351.7957563
1753774351.8346074
1753774351.873804
1753774351.8984115
1753774351.9401193
1753774351.9811153
1753774352.0056596
1753774352.04608
1753774352.0747533
1753774352.1155229
1753774352.1540008
1753774352.1765711
1753774352.21577
1753774352.2531574
1753774352.276363
1753774352.3141623
1753774352.3532476
1753774352.377378
1753774352.421501
1753774352.4601254
1753774352.48303
1753774352.5228915
1753774352.5463383
1753774352.5853403
1753774352.623018
1753774352.6457014
1753774352.683734
1753774352.7216341
1753774352.7448418
1753774352.7824612
1753774352.819751
1753774352.843435
1753774352.8851185
1753774352.9233315
1753774352.9457648
1753774352.9852254
1753774353.0241234
1753774353.0540452
1753774353.0981357
1753774353.1371226
1753774353.1608176
1753774353.199556
1753774353.2396252
1753774353.2651901
1753774353.3100054
1753774353.3501017
1753774353.3756793
1753774353.4177034
1753774353.45918
1753774353.4837625
1753774353.52813
1753774353.5694342
1753774353.5934973
1753774353.6336055
1753774353.6721914
1753774353.6971555
1753774353.749341
1753774353.7897906
1753774353.8166752
1753774353.8572485
1753774353.897714
1753774353.921791
1753774353.965973
1753774354.0082893
1753774354.043385
1753774354.0935993
1753774354.1335876
1753774354.1575768
1753774354.1992092
1753774354.2367349
1753774354.260504
1753774354.2983751
1753774354.3382294
1753774354.3619456
1753774354.4041407
1753774354.4437072
1753774354.468887
1753774354.5080445
1753774354.548596
1753774354.5729036
1753774354.6143904
1753774354.6519582
1753774354.6758027
1753774354.7147138
1753774354.7376997
1753774354.7769465
1753774354.8156183
1753774354.8387597
1753774354.8786345
1753774354.9167035
1753774354.9404995
1753774354.978879
1753774355.0188613
1753774355.043675
1753774355.0875676
1753774355.126064
1753774355.149395
1753774355.1904986
1753774355.2278047
1753774355.2512925
1753774355.2937684
1753774355.331317
1753774355.3539946
1753774355.3946178
1753774355.4355319
1753774355.4611342
1753774355.5054142
1753774355.54484
1753774355.568526
1753774355.60805
1753774355.6478374
1753774355.6733167
1753774355.7113335
1753774355.75064
1753774355.773158
1753774355.8160424
1753774355.8549058
1753774355.879041
1753774355.9185147
1753774355.9586904
1753774355.983232
1753774356.0227106
1753774356.0641487
1753774356.0899634
1753774356.1302702
1753774356.16875
1753774356.1924713
1753774356.233691
1753774356.2718532
1753774356.2956457
1753774356.334226
1753774356.3718166
1753774356.3956895
1753774356.4378273
1753774356.4785247
1753774356.5021315
1753774356.541597
1753774356.5825374
1753774356.6066868
1753774356.6481075
1753774356.6707237
1753774356.7110927
1753774356.7502437
1753774356.7743835
1753774356.8154676
1753774356.8551846
1753774356.8801427
1753774356.9186244
1753774356.9568896
1753774356.9795752
1753774354.0427659
1753774354.0817163
1753774354.1054308
1753774354.144898
1753774354.1902094
1753774354.2144573
1753774354.2567713
1753774354.29651
1753774354.3214915
1753774354.360621
1753774354.398025
1753774354.4226785
1753774354.464963
1753774354.503902
1753774354.5282376
1753774354.566079
1753774354.609478
1753774354.6345105
1753774354.6772144
1753774354.71406
1753774354.7359352
1753774354.773666
1753774354.8112605
1753775713.6081328
1753775713.66136
1753775713.692577
1753775713.7360427
1753775713.7620053
1753775713.7839377
1753775713.8214104
1753775713.8474011
1753775713.8859463
1753775713.9291625
1753775713.9586747
1753775714.0023184
1753775714.029027
1753775714.0718296
1753775714.1129372
1753775714.1371036
1753775714.1739202
1753775714.2121575
1753775714.2398744
1753775714.2824202
1753775714.307807
1753775714.3551707
1753775714.4140725
1753775714.4489465
1753775714.498303
1753775714.54266
1753775714.5726137
1753775714.6196954
1753775714.6478853
1753775714.7026172
1753775714.761523
1753775714.7869556
1753775714.8262105
1753775714.8694875
1753775714.894559
1753775714.920253
1753775714.9581556
1753775714.9840574
1753775715.0240922
1753775715.0478065
1753775715.0854862
1753775715.1255946
1753775715.1501222
1753775715.1917048
1753775715.2330837
1753775715.2620008
1753775715.310488
1753775715.3385437
1753775715.383588
1753775715.4331155
1753775715.4642286
1753775715.5087905
1753775715.5430894
1753775715.5999825
1753775715.6579237
1753775715.6828768
1753775715.7239864
1753775715.7671897
1753775712.833819
1753775712.881765
1753775712.9077334
1753775712.9479854
1753775712.989683
1753775713.0140162
1753775713.054877
1753775713.0948615
1753775713.1195889
1753775713.1578586
1753775713.1999383
1753775713.2249691
1753775713.249061
1753775713.2588263
1753775713.3023324
1753775713.3409765
1753775713.366091
1753775713.4058547
1753775713.431147
1753775713.45507
1753775713.4933827
1753775713.5182395
1753775713.566266
1753775713.6075044
1753775713.6343155
1753775713.6743422
1753775713.716761
1753775713.7406867
1753775713.7801273
1753775713.807032
1753775713.8453295
1753775713.8855166
1753775713.9098992
1753775713.9506674
1753775713.9883494
1753775714.0122154
1753775714.0534174
1753775714.0797517
1753775714.121119
1753775714.1610465
1753775714.1851609
1753775714.2252445
1753775714.2560015
1753775714.2650893
1753775714.3100152
1753775714.3511388
1753775714.3770227
1753775714.416841
1753775714.4560692
1753775714.4803102
1753775714.5199478
1753775714.5607903
1753775714.5867372
1753775714.6296332
1753775714.6700897
1753775714.6959841
1753775714.7390814
1753775714.782484
1753775714.807301
1753775714.85104
1753775714.8918688
1753775714.9182456
1753775714.9589806
1753775714.9996595
1753775715.0252008
1753775715.0691187
1753775715.1096451
1753775715.1362836
1753775715.1751363
1753775715.2145545
1753775715.240561
1753775715.2833886
1753775715.3234246
1753775715.3488598
1753775715.3877733
1753775715.426782
1753775715.4527462
1753775715.50101
1753775715.5272381
1753775715.573177
1753775715.617174
1753775715.6451437
1753775715.6875339
1753775715.730359
1753775715.7569454
1753775715.7986114
1753775715.8410256
1753775715.8667908
1753775715.9107563
1753775715.9565778
1753775715.9817524
1753775716.022849
1753775716.0471413
1753775716.0858626
1753775716.124817
1753775716.1491568
1753775716.190353
1753775716.2342923
1753775716.2616112
1753775716.3084981
1753775716.3607557
1753775716.3897548
1753775716.4368315
1753775716.4847467
1753775716.5116549
1753775716.5519128
1753775716.596506
1753775716.6303573
1753775716.6834798
1753775716.7258677
1753775716.751362
1753775716.7918456
1753775716.8315442
1753775716.8574455
1753775716.904829
1753775716.9472334
1753775716.9751515
1753775717.0190737
1753775717.061291
1753775717.087987
1753775717.135752
1753775717.1787732
1753775717.206895
1753775717.2494946
1753775717.2910352
1753775717.3174164
1753775717.363372
1753775717.4072528
1753775717.4319324
1753775717.4713356
1753775717.51112
1753775717.5366495
1753775717.5816605
1753775717.6265016
1753775717.657883
1753775717.7143097
1753775717.7584412
1753775717.7872043
1753775717.8341458
1753775717.8774714
1753775717.9030879
1753775717.943524
1753775717.9848776
1753775718.0140958
1753775718.0689359
1753775718.1135988
1753775718.143301
1753775718.190805
1753775718.2356958
1753775718.2621663
1753775718.3061051
1753775718.345682
1753775718.3714023
1753775718.4141006
1753775718.4413824
1753775718.642037
1753775718.8198428
1753775718.9390416
1753775719.1136663
1753775719.277413
1753775719.3841586
1753775719.5971518
1753775719.7930954
1753775719.9323335
1753775720.1420002
1753775720.29682
1753775720.372459
1753775720.5769186
1753775720.6803658
1753775720.734278
1753775720.816237
1753775720.8901598
1753775720.9263666
1753775720.9856203
1753775721.04505
1753775721.0933096
1753775721.1451235
1753775721.1927366
1753775721.2221453
1753775721.2665203
1753775721.3120954
1753775721.3434947
1753775721.3870742
1753775721.4354124
1753775721.4696074
1753775721.5284708
1753775721.582883
1753775721.6204247
1753775721.6673236
1753775721.7101157
1753775721.7366924
1753775721.7896624
1753775721.840915
1753775721.8750057
1753775721.9246316
1753775721.9722402
1753775722.0020952
1753775722.047779
1753775722.103191
1753775722.1344717
1753775722.1916182
1753775722.243226
1753775722.2719483
1753775722.3188524
1753775722.3634255
1753775722.3922148
1753775722.4362762
1753775722.4823859
1753775722.5140316
1753775722.5696583
1753775722.5979338
1753775722.6437538
1753775722.6892145
1753775722.7171636
1753775722.7616181
1753775722.8085349
1753775722.8378487
1753775722.889521
1753775722.942012
1753775722.9729714
1753775723.0264602
1753775723.068979
1753775723.0946727
1753775723.1359146
1753775723.1757762
1753775723.2023854
1753775723.2497876
1753775723.2960038
1753775723.322871
1753775723.3644705
1753775723.4053867
1753775723.431828
1753775723.476308
1753775723.517375
1753775723.5448236
1753775723.588903
1753775723.636624
1753775723.6651492
1753775723.7126265
1753775723.754911
1753775723.782229
1753775723.8267066
1753775723.8699448
1753777896.0163462
1753777896.0701983
1753777896.0984802
1753777896.1410859
1753777896.1668756
1753777896.1890154
1753777896.2271926
1753777896.2524235
1753777896.2908502
1753777896.3297055
1753777896.3543212
1753777896.393718
1753777896.4190626
1753777896.459951
1753777896.5007553
1753777896.529162
1753777896.5684164
1753777896.6059632
1753777896.631699
1753777896.6710968
1753777896.6949992
1753777896.7339966
1753777896.774634
1753777896.7986596
1753777896.8388705
1753777896.8795476
1753777896.904429
1753777896.9437418
1753777896.9718874
1753777897.0123568
1753777897.0528717
1753777897.076566
1753777897.1143272
1753777897.1522791
1753777897.1752458
1753777897.1993172
1753777897.2379124
1753777897.263888
1753777897.3050213
1753777897.3296103
1753777897.3681092
1753777897.4164011
1753777897.4406123
1753777897.4784703
1753777897.5178616
1753777897.5434513
1753777897.5817847
1753777897.605463
1753777897.6466255
1753777897.685581
1753777897.7108717
1753777897.749931
1753777897.7742357
1753777897.8142235
1753777897.857196
1753777897.8811345
1753777897.9190056
1753777897.9576783
1753777897.9812543
1753777898.01964
1753777898.0452864
1753777898.0855522
1753777898.1278725
1753777898.1526835
1753777898.193707
1753777898.2414277
1753777898.266042
1753777898.3041582
1753777898.3448317
1753777898.3698175
1753777898.3931267
1753777898.4018455
1753777898.4424784
1753777898.482059
1753777898.5078092
1753777898.54929
1753777898.5733628
1753777898.598009
1753777898.6376529
1753777898.6638072
1753777898.704362
1753777898.757992
1753777898.7852736
1753777898.8251963
1753777898.8635187
1753777898.8890266
1753777898.9272945
1753777898.9521556
1753777898.9913998
1753777899.031126
1753777899.0553916
1753777899.0939379
1753777899.134016
1753777899.160314
1753777899.200174
1753777899.2246335
1753777899.2633262
1753777899.3048153
1753777899.3283088
1753777899.3673434
1753777899.3922825
1753777899.4013493
1753777899.4414754
1753777899.483909
1753777899.5084355
1753777899.5480952
1753777899.5875275
1753777899.6120284
1753777899.651469
1753777899.6918967
1753777899.717807
1753777899.7614357
1753777899.8024185
1753777899.8280704
1753777899.8669524
1753777899.9057038
1753777899.929368
1753777899.9705417
1753777900.0093498
1753777900.0339458
1753777900.076141
1753777900.1241753
1753777900.1489694
1753777900.1911092
1753777900.22973
1753777900.2538052
1753777900.2930048
1753777900.332372
1753777900.357203
1753777900.3994005
1753777900.4418192
1753777900.4664571
1753777900.5048814
1753777900.543193
1753777900.5679514
1753777900.6097298
1753777900.6333735
1753777900.6717572
1753777900.7100544
1753777900.7336202
1753777900.7721233
1753777900.8113596
1753777900.836833
1753777900.874961
1753777900.9134414
1753777900.93783
1753777900.9780884
1753777901.0171003
1753777901.0404325
1753777901.0785751
1753777901.1024423
1753777901.1474144
1753777901.186494
1753777901.2104163
1753777901.2504866
1753777901.290072
1753777901.3142302
1753777901.354329
1753777901.3957045
1753777901.4223242
1753777901.4694066
1753777901.5099463
1753777901.5340357
1753777901.5730135
1753777901.6116323
1753777901.6365366
1753777901.6794348
1753777901.7182658
1753777901.742051
1753777901.7809477
1753777901.8202019
1753777901.845558
1753777901.8880637
1753777901.9271798
1753777901.951022
1753777901.9913082
1753777902.0306542
1753777902.0558536
1753777902.0999668
1753777902.1403863
1753777902.164647
1753777902.2033083
1753777902.2420092
1753777902.2671273
1753777902.309258
1753777902.3477695
1753777902.3711755
1753777902.4105728
1753777902.449869
1753777902.474919
1753777902.5192213
1753777902.5580907
1753777902.5819
1753777902.6204927
1753777902.659072
1753777902.6856513
1753777902.7287498
1753777902.7736585
1753777902.8078625
1753777902.8537211
1753777902.8926356
1753777902.9176643
1753777902.9601421
1753777902.9986959
1753777903.022907
1753777903.0613866
1753777903.0997996
1753777903.1339035
1753777903.1955075
1753777903.2347412
1753777903.2589276
1753777903.2981038
1753777903.3218906
1753777903.360903
1753777903.399539
1753777903.4231737
1753777903.4618068
1753777903.501355
1753777903.5254881
1753777903.5637667
1753777903.6025553
1753777903.6289384
1753777903.6738036
1753777903.714815
1753777903.7394857
1753777903.7799766
1753777903.8266182
1753777903.8621082
1753777903.9069917
1753777903.9462235
1753777903.9699454
1753777904.0085363
1753777904.0473392
1753777904.072357
1753777904.1145651
1753777904.1525662
1753777904.1764536
1753777904.2160592
1753777904.2566483
1753777904.2826104
1753777904.3225806
1753777904.361102
1753777904.3846931
1753777904.4244728
1753777904.462832
1753777904.4885428
1753777904.5274482
1753777904.5662284
1753777904.5896702
1753777904.62816
1753777904.6675928
1753777904.6933002
1753777904.7318172
1753777904.7704368
1753777904.7937183
1753777904.8354983
1753777904.8813314
1753777904.9050815
1753777904.9442708
1753777904.9823434
1753777905.0072274
1753777905.04907
1753777905.0875244
1753777905.1111624
1753777905.1493576
1753777905.1879816
1753777905.212843
1753777905.2552745
1753777905.2787728
1753777905.3172574
1753777905.3576612
1753777905.3809388
1753777905.4200153
1753777905.460886
1753777905.4865954
1753777905.525654
1753777905.5648851
1753777905.5887418
1753777905.629321
1753777905.6680632
1753777905.692173
1753777905.7310832
1753777905.7702014
1753777905.794662
1753777905.8370762
1753777905.8847067
1753777905.9103515
1753777905.9503906
1753777905.989224
1753777906.0143394
1753777906.0562634
1753777906.0942657
1753777906.1192408
1753777906.157512
1753777906.1960113
1753777906.2205787
1753777906.2628767
1753777906.3013475
1753777906.3256433
1753777906.3636215
1753777906.4026253
