1752503578.6412055
1752503578.7345698
1752503578.8649065
1752503578.9964333
1752503579.1104734
1752503579.237262
1752503579.336667
1752503579.4722219
1752503579.5608335
1752503579.6638005
1752503579.7585723
1752503579.8618135
1752503579.9549937
1752503580.0557456
1752503580.1717
1752503580.2809985
1752503580.4021819
1752503580.5010889
1752503580.6055923
1752503580.683389
1752503580.7814891
1752503580.916531
1752503581.0005445
1752503581.126361
1752503581.2035375
1752503581.2881598
1752503581.3809648
1752503581.5392797
1752503581.6426585
1752503581.7608232
1752503581.8759072
1752503582.0026858
1752503582.088351
1752503582.1786764
1752503582.2712312
1752503582.3615391
1752503582.4777215
1752503582.5741131
1752503582.6492217
1752503582.7372942
1752503582.8156416
1752503582.883266
1752503582.9885542
1752503583.1057148
1752503583.2310836
1752503583.3667502
1752503583.5024917
1752503583.631089
1752503583.769447
1752503583.864944
1752503584.0159516
1752503584.1290448
1752503584.2553022
1752503584.3698921
1752503584.5072846
1752503584.6247861
1752503584.757895
1752503584.9049888
1752503585.024516
1752503585.1546288
1752503585.208874
1752503585.3288121
1752503585.4655607
1752503585.5958688
1752503585.7394118
1752503585.8602483
1752503585.979353
1752503586.0539913
1752503586.1461408
1752503586.2204723
1752503586.3258095
1752503586.4522908
1752503586.566769
1752503586.6940095
1752503586.8067389
1752503586.8914313
1752503586.9544008
1752503587.0317333
1752503587.1126616
1752503587.1848147
1752503587.3105948
1752503587.4536726
1752503587.5711262
1752503587.6728978
1752503587.8449066
1752503587.9679666
1752503588.1304572
1752503588.2492697
1752503588.4073915
1752503588.565614
1752503588.7123108
1752503588.8769898
1752503589.041813
1752503589.1697366
1752503589.312006
1752503589.4952135
1752503589.6384523
1752503589.8239408
1752503589.9399185
1752503590.074798
1752503590.1976674
1752503590.3414845
1752503590.4525945
1752503590.5747519
1752503590.71458
1752503590.824225
1752503590.9114528
1752503590.9939232
1752503591.1523166
1752503591.2631137
1752503591.3961604
1752503591.518562
1752503591.6880217
1752503591.800461
1752503591.920207
1752503592.0097795
1752503592.1246643
1752503592.2898366
1752503592.3842008
1752503592.4835143
1752503592.612406
1752503592.7448559
1752503592.9039555
1752503593.057743
1752503593.2121131
1752503593.3845892
1752503593.4762924
1752503593.5779397
1752503593.7251492
1752503593.8364503
1752503593.9737256
1752503594.1717918
1752503594.3077717
1752503594.4437568
1752503594.5702424
1752503594.6891935
1752503594.8396933
1752503594.9444075
1752503595.081701
1752503595.16481
1752503595.247145
1752503595.3760886
1752503595.508047
1752503595.6527817
1752503595.7693796
1752503595.8628063
1752503595.9943736
1752503596.1538107
1752503596.272604
1752503596.398466
1752503596.5164506
1752503596.6203628
1752503596.7488606
1752503596.8445692
1752503596.9665036
1752503597.0640013
1752503597.2117567
1752503597.353853
1752503597.4466155
1752503597.5761404
1752503597.6609428
1752503597.8385625
1752503597.9544315
1752503598.0706882
1752503598.2016733
1752503598.3163924
1752503598.4164586
1752503598.5205216
1752503598.6039283
1752503598.7045047
1752503598.822295
1752503598.917456
1752503599.0321963
1752503599.1444917
1752503599.2592642
1752503599.3758233
1752503599.5021276
1752503599.614618
1752503599.7345817
1752503599.9077811
1752503600.032468
1752503600.1898491
1752503600.332886
1752503600.4528344
1752503600.5861278
1752503600.6747656
1752503600.767828
1752503600.8818772
1752503600.9719074
1752503601.0954077
1752503601.2276618
1752503601.3309371
1752503601.426986
1752503601.5196323
1752503601.643229
1752503601.7706137
1752503601.9118319
1752503602.026798
1752503602.1191812
1752503602.2187405
1752503602.3333886
1752503602.4481034
1752503602.579033
1752503602.70323
1752503602.8443766
1752503602.957905
1752503603.0994976
1752503603.2061238
1752503603.3314428
1752503603.4311914
1752503603.5685968
1752503603.6901171
1752503603.8232791
1752503603.946785
1752503604.0580351
1752503604.1607265
1752503604.2478945
1752503604.366363
1752503604.466627
1752503604.6282754
1752503604.7459943
1752503604.8846805
1752503604.9755437
1752503605.089687
1752503605.2179637
1752503605.3535926
1752503605.4866939
1752503605.6376271
1752503605.7325535
1752503605.7948365
1752503605.9307635
1752503606.076351
1752503606.2093174
1752503606.323724
1752503606.451028
1752503606.567259
1752503606.688607
1752503606.8331273
1752503606.9438555
1752503607.0375032
1752503607.1208363
1752503607.2505367
1752503607.3956826
1752503607.5084646
1752503607.6527307
1752503607.7678387
1752503607.9116807
1752503608.0295506
1752503608.1317453
1752503608.2664785
1752503608.379383
1752503608.4645715
1752503608.5721505
1752503608.6834934
1752503608.7855983
1752503608.940434
1752503609.0406168
1752503609.186094
1752503609.2809672
1752503609.3760664
1752503609.5035346
1752503609.614422
1752503609.711383
1752503609.8245718
1752503609.9227052
1752503610.0230227
1752503610.116089
1752503610.2284002
1752503610.3485117
1752503610.4744246
1752503610.5994925
1752503610.7500162
1752503610.8605654
1752503610.9622567
1752503611.0823145
1752503611.1813612
1752503611.2842827
1752503611.407969
1752503611.4942749
1752503611.6074986
1752503611.7482717
1752503611.8519204
1752503611.9856737
1752503612.0777352
1752503612.2118556
1752503612.3296695
1752503612.4070702
1752503612.500792
1752503612.6027508
1752503612.7052982
1752503612.839613
1752503612.9604826
1752503613.0728383
1752503613.2215369
1752503613.3293352
1752503613.453207
1752503613.56125
1752503613.6807048
1752503613.775281
1752503613.8602817
1752503613.9859185
1752503614.1167367
1752503614.242034
1752503614.3701577
1752503614.4884048
1752503614.6224158
1752503614.7522058
1752503614.8543427
1752503614.9702704
1752503615.078309
1752503615.0731695
1752503615.195757
1752503615.2930436
1752503615.4164793
1752503615.5555217
1752503615.6695764
1752503615.8020573
1752503615.9099188
1752503616.0063117
1752503616.1333663
1752503616.2464194
1752503616.3548834
1752503616.4713268
1752503616.5693543
1752503616.6839116
1752503616.821292
1752503616.9198575
1752503617.058322
1752503617.1845586
1752503617.3070111
1752503617.409604
1752503617.5178826
1752503617.642143
1752503617.777685
1752503617.902575
1752503618.03072
1752503618.1151054
1752503618.2106478
1752503618.2996767
1752503618.3787706
1752503618.4773118
1752503618.5948098
1752503618.6904564
1752503618.7981038
1752503618.878112
1752503618.979883
1752503619.1123128
1752503619.2091272
1752503619.343371
1752503619.4393485
1752503619.5178657
1752503619.6071584
1752503619.6905298
1752503619.780696
