1752552149.2714076
1752552149.3197107
1752552149.382488
1752552149.4387887
1752552149.487264
1752552149.5394495
1752552149.5963655
1752552149.6495404
1752552149.7037094
1752552149.7758033
1752552149.8282416
1752552149.8877954
1752552149.9433558
1752552150.0002549
1752552150.0536304
1752552150.1074915
1752552150.165553
1752552150.212845
1752552150.2705758
1752552150.301096
1752552150.3668394
1752552150.4382713
1752552150.500973
1752552150.5669065
1752552150.652263
1752552150.7437081
1752552150.8118954
1752552150.8670237
1752552150.9328797
1752552151.0087063
1752552151.0813096
1752552151.1468127
1752552151.206833
1752552151.2708588
1752552151.3221445
1752552151.385399
1752552151.4408555
1752552151.5063736
1752552151.5691833
1752552151.6346672
1752552151.6958442
1752552151.7582114
1752552151.8273218
1752552151.883502
1752552151.9588919
1752552152.00568
1752552152.0662477
1752552152.138811
1752552152.2051392
1752552152.260491
1752552152.327233
1752552152.4014273
1752552152.451075
1752552152.510302
1752552152.5893388
1752552152.649558
1752552152.684142
1752552152.736198
1752552152.7919552
1752552152.8491142
1752552152.899466
1752552152.956517
1752552153.007519
1752552153.064669
1752552153.1136222
1752552153.165891
1752552153.227492
1752552153.2700276
1752552153.3139944
1752552153.372987
1752552153.4333022
1752552153.490317
1752552153.5439532
1752552153.5891774
1752552153.6332467
1752552153.6807299
1752552153.7289221
1752552153.6459534
1752552153.6952887
1752552153.7556398
1752552153.8080297
1752552153.8712535
1752552153.9254487
1752552153.9962678
1752552154.043576
1752552154.0994785
1752552154.1491444
1752552154.2016752
1752552154.2509515
1752552154.3235931
1752552154.3897278
1752552154.4434977
1752552154.5125997
1752552154.5727284
1752552154.624006
1752552154.685671
1752552154.742438
1752552154.8048494
1752552154.87215
1752552154.9285684
1752552154.9895966
1752552155.046824
1752552155.1092718
1752552155.1722262
1752552155.2392144
1752552155.3082604
1752552155.363315
1752552155.4364393
1752552155.506657
1752552155.5567281
1752552155.6203446
1752552155.67666
1752552155.7397122
1752552155.7981155
1752552155.873382
1752552155.928746
1752552156.0051003
1752552156.0635269
1752552156.1374102
1752552156.1933556
1752552156.2463508
1752552156.3190548
1752552156.3792012
1752552156.456617
1752552156.5083048
1752552156.5685656
1752552156.6288743
1752552156.6907134
1752552156.753176
1752552156.8081727
1752552156.862616
1752552156.9185948
1752552156.9735239
1752552157.0235336
1752552157.0905695
1752552157.140789
1752552157.199788
1752552157.2521896
1752552157.3329256
1752552157.3976495
1752552157.4586062
1752552157.5071025
1752552157.5659924
1752552157.6285112
1752552157.693648
1752552157.7418578
1752552157.807422
1752552157.862362
1752552157.9187822
1752552157.979426
1752552158.047855
1752552158.098136
1752552158.1519787
1752552158.2142916
1752552158.268428
1752552158.325482
1752552158.3764565
1752552158.4397693
1752552158.5059402
1752552158.5632522
1752552158.6155815
1752552158.687033
1752552158.739795
1752552158.7969964
1752552158.8458493
1752552158.9055095
1752552158.9695737
1752552159.0299106
1752552159.0884452
1752552159.1417925
1752552159.2037024
1752552159.2588274
1752552159.3051507
1752552159.3593187
1752552159.3828971
1752552159.4471023
1752552159.487763
1752552159.5624506
1752552159.60127
1752552159.666184
1752552159.711605
1752552159.7680795
1752552159.8260975
1752552159.8711798
1752552159.9019392
1752552159.9773633
1752552160.034197
1752552160.074241
1752552160.1230197
1752552160.1802669
1752552160.2221215
1752552160.2640676
1752552160.3339095
1752552160.4047406
1752552160.4473586
1752552160.4950302
1752552160.5519865
1752552160.6039386
1752552160.647395
1752552160.6964097
1752552160.7357447
1752552160.794458
1752552160.8449252
1752552160.9102223
1752552160.958404
1752552161.0114121
1752552161.0754437
1752552161.1175127
1752552161.1611316
1752552161.2115688
1752552161.2607477
1752552161.3086581
1752552161.350646
1752552161.4027517
1752552161.4480147
1752552161.4943824
1752552161.534239
1752552161.5982635
1752552161.666736
1752552161.7299438
1752552161.7772505
1752552161.8306572
1752552161.8963444
1752552161.9759805
1752552162.0196846
1752552162.093412
1752552162.1362312
1752552162.1914184
1752552162.2432818
1752552162.2906678
1752552162.3356326
1752552162.386008
1752552162.442245
1752552162.4858224
1752552162.5312607
1752552162.5857444
1752552162.6377902
1752552162.6874163
1752552162.7281318
1752552162.7937272
1752552162.8313465
1752552162.8535528
1752552162.9033048
1752552162.9568264
1752552162.9958887
1752552163.045976
1752552163.105806
1752552163.153608
1752552163.19634
1752552163.2517915
1752552163.2991343
1752552163.3482313
1752552163.39161
1752552163.4414818
1752552163.492212
1752552163.542815
1752552163.5860322
1752552163.6377227
1752552163.6824994
1752552163.739326
1752552163.7804408
1752552163.8328235
1752552163.8968284
1752552163.9513907
1752552163.997341
1752552164.0471985
1752552164.0991879
1752552164.1542392
1752552164.2022767
1752552164.24539
1752552164.2959697
1752552164.3440073
1752552164.3843753
1752552164.4508657
1752552164.494389
1752552164.5519276
1752552164.5913842
1752552164.6384919
1752552164.6780016
1752552164.7290735
1752552164.7714748
1752552164.8202167
1752552164.8645117
1752552164.912379
1752552164.9671752
1752552165.0111835
1752552165.0551124
1752552165.1185596
1752552165.1648214
1752552165.206748
1752552165.2507458
1752552165.301336
1752552165.3512661
1752552165.4121542
1752552165.4568655
1752552165.5192251
1752552165.5706677
1752552165.6298878
1752552165.6848962
1752552165.732421
1752843522.211407
1752843522.2269635
1752843522.2568517
1752843522.2872732
1752843522.3086715
1752843522.334691
1752843522.3586087
1752843522.3823915
1752843522.4062846
1752843522.4308732
1752843522.4576707
1752843522.4852304
1752843522.5100782
1752843522.53348
1752843522.5689502
1752843522.5924892
1752843522.6254485
1752843522.646353
1752843522.669839
1752843522.6791844
1752843522.7068903
1752843522.735811
1752843522.7631261
1752843522.7926068
1752843522.8282237
1752843522.857525
1752843522.8856716
1752843522.9148011
1752843522.9432516
1752843522.9752276
1752843523.0053382
1752843523.0382562
1752843523.068505
1752843523.1034002
1752843523.1302905
1752843523.1615233
1752843523.1901827
1752843523.2176332
1752843523.2464013
1752843523.2756093
1752843523.304327
1752843523.3347583
1752843523.3634105
1752843523.3912013
1752843523.4310095
1752843523.4473722
1752843523.4806056
1752843523.505968
1752843523.5368085
1752843523.5669274
1752843523.59466
1752843523.6233351
1752843523.6513653
1752843523.6939592
1752843523.7348478
1752843523.7513978
1752843523.7747784
1752843523.8055983
1752843523.8322177
1752843523.8574724
1752843523.88556
1752843523.9133642
1752843523.9415298
1752843523.9707384
1752843523.9937978
1752843524.021436
1752843524.0578644
1752843524.081836
1752843524.1052816
1752843524.1295338
1752843524.1545002
1752843524.1913867
1752843524.2130132
1752843524.2353601
1752843524.257428
1752843524.2802594
1752843524.3043554
1752843524.3386822
1752843524.3602521
1752843524.384213
1752843524.4096203
1752843524.446272
1752843524.4693787
1752843524.5022492
1752843524.5280545
1752843524.5641441
1752843524.5890226
1752843524.6219528
1752843524.6501503
1752843524.6854682
1752843524.7193394
1752843524.7447138
1752843524.7761054
1752843524.8082144
1752843524.8307316
1752843524.8636863
1752843524.8895693
1752843524.9246361
1752843524.9571269
1752843524.986579
1752843525.0218873
1752843525.0490158
1752843525.0834677
1752843525.1144564
1752843525.1413817
1752843525.1730306
1752843525.2103846
1752843525.2358656
1752843525.2752876
1752843525.301603
1752843525.3335032
1752843525.3587472
1752843525.3949118
1752843525.421485
1752843525.464681
1752843525.493165
1752843525.5328972
1752843525.5645437
1752843525.6001759
1752843525.6345682
1752843525.6620216
1752843525.6987736
1752843525.7281473
1752843525.764474
1752843525.7866628
1752843525.816718
1752843525.8505068
1752843525.876275
1752843525.9091544
1752843525.932672
1752843525.9657352
1752843525.989505
1752843526.0149653
1752843526.0394762
1752843526.0721033
1752843526.096511
1752843526.1263769
1752843526.1518896
1752843526.1851964
1752843526.2095482
1752843526.2425363
1752843526.2664745
1752843526.301509
1752843526.3277707
1752843526.363696
1752843526.3874927
1752843526.4141297
1752843526.4384573
1752843526.4638155
1752843526.4890401
1752843526.5146742
1752843526.5386667
1752843526.5628586
1752843526.5876389
1752843526.609441
1752843526.6347847
1752843526.6587698
1752843526.6836147
1752843526.7098198
1752843526.7350123
1752843526.760518
1752843526.7849596
1752843526.8082545
1752843526.8321428
1752843526.8587387
1752843526.8836057
1752843526.9084277
1752843526.9310627
1752843526.9533772
1752843526.9763288
1752843526.9992476
1752843527.0218632
1752843527.0501668
1752843527.0749652
1752843527.0815165
1752843527.1137278
1752843527.133814
1752843527.168617
1752843527.189503
1752843527.2253368
1752843527.245437
1752843527.2773676
1752843527.3111076
1752843527.3291836
1752843527.3459532
1752843527.377955
1752843527.4123886
1752843527.4318764
1752843527.4529881
1752843527.4847364
1752843527.5052254
1752843527.5271242
1752843527.5521634
1752843527.584348
1752843527.6050386
1752843527.627345
1752843527.6496985
1752843527.6828568
1752843527.7051158
1752843527.7380576
1752843527.7597282
1752843527.7940316
1752843527.8176005
1752843527.8555217
1752843527.8786924
1752843527.916551
1752843527.9500625
1752843527.9859571
1752843528.008179
1752843528.040756
1752843528.0742924
1752843528.1106532
1752843528.1338336
1752843528.1642704
1752843528.194759
1752843528.231045
1752843528.2511272
1752843528.2822728
1752843528.3140037
1752843528.3460126
1752843528.3699994
1752843528.4053948
1752843528.4368703
1752843528.4700446
1752843528.493323
1752843528.5270996
1752843528.5500734
1752843528.5842812
1752843528.60739
1752843528.6451964
1752843528.6806717
1752843528.7065184
1752843528.7461042
1752843528.771448
1752843528.7980213
1752843528.8334353
1752843528.8572385
1752843528.8925438
1752843528.9165506
1752843528.9554017
1752843528.9807382
1752843528.989568
1752843529.0240617
1752843529.0606472
1752843529.0804026
1752843529.1171696
1752843529.1529233
1752843529.1889272
1752843529.214348
1752843529.2515156
1752843529.286171
1752843529.321791
1752843529.348616
1752843529.385837
1752843529.4209049
1752843529.4606166
1752843529.4871786
1752843529.5221233
1752843529.5571783
1752843529.5942125
1752843529.618513
1752843529.6524687
1752843529.6892817
1752843529.7252688
1752843529.75101
1752843529.7875526
1752843529.8229675
1752843529.8617816
1752843529.8865976
1752843529.922457
1752843529.9577856
1752843529.996581
1752843530.0208302
1752843530.0520608
1752843530.0832427
1752843530.1257145
1752843530.1451142
1752843530.1801372
1752843530.2031653
1752843530.2400794
1752843530.2619474
1752843530.298563
1752843530.320038
1752843530.3538294
1752843530.3900685
1752843530.4105456
1752843530.4449158
1752843530.478279
1752843530.4985251
1752843530.5235775
1752843530.5491672
1752843530.5853388
1752843530.607959
1752843530.632099
1752843530.6563506
1752843530.6946368
1752843530.7164598
1752843530.7404385
1752843530.7650068
1752843530.7905858
1752889212.8730626
1752889212.8872488
1752889212.9161572
1752889212.94324
1752889212.962284
1752889212.9851766
1752889213.0077333
1752889213.0309525
1752889213.0538697
1752889213.0779712
1752889213.1019974
1752889213.1280851
1752889213.1516075
1752889213.1738222
1752889213.208052
1752889213.2300122
1752889213.2622159
1752889213.2829225
1752889213.3064818
1752889213.3158772
1752889213.3426993
1752889213.3697515
1752889213.3949249
1752889213.422364
1752889213.4552615
1752889213.483625
1752889213.5124986
1752889213.5391424
1752889213.566027
1752889213.5952978
1752889213.6240747
1752889213.6546583
1752889213.6845996
1752889213.7148378
1752889213.740612
1752889213.7686708
1752889213.795453
1752889213.822038
1752889213.8498106
1752889213.8794534
1752889213.9057953
1752889213.93333
1752889213.9586973
1752889213.9834223
1752889214.0187774
1752889214.0340436
1752889214.0650213
1752889214.0849679
1752889214.1112611
1752889214.1362398
1752889214.160674
1752889214.1853876
1752889214.208534
1752889214.2441943
1752889214.2752688
1752889214.2919867
1752889214.3161159
1752889214.3432508
1752889214.3689008
1752889214.3948011
1752889214.4184265
1752889214.4444098
1752889214.4692664
1752889214.4962144
1752889214.5209653
1752889214.5533535
1752889214.5897062
1752889214.6144395
1752889214.642393
1752889214.6682518
1752889214.6951382
1752889214.7357695
1752889214.7608762
1752889214.787606
1752889214.8135216
1752889214.8395517
1752889214.8663623
1752889214.9026735
1752889214.9255412
1752889214.9518983
1752889214.9827802
1752889215.020238
1752889215.0468802
1752889215.0834358
1752889215.1103013
1752889215.145293
1752889215.172831
1752889215.2107687
1752889215.2409537
1752889215.2798095
1752889215.3147738
1752889215.3462756
1752889215.3803701
1752889215.4161153
1752889215.4406214
1752889215.4741106
1752889215.5022593
1752889215.53725
1752889215.569671
1752889215.599066
1752889215.637912
1752889215.666088
1752889215.7019494
1752889215.7348094
1752889215.7636907
1752889215.7965486
1752889215.8352416
1752889215.8623235
1752889215.8987122
1752889215.9255185
1752889215.9587622
1752889215.9851725
1752889216.0200667
1752889216.045675
1752889216.084241
1752889216.109597
1752889216.1444998
1752889216.1685617
1752889216.2005985
1752889216.231828
1752889216.2562532
1752889216.2939374
1752889216.323522
1752889216.3616638
1752889216.384626
1752889216.4157822
1752889216.4524033
1752889216.4790075
1752889216.5123863
1752889216.5366077
1752889216.5724843
1752889216.5972173
1752889216.6239479
1752889216.6500914
1752889216.687284
1752889216.712203
1752889216.7445168
1752889216.770704
1752889216.8071241
1752889216.8318615
1752889216.8683035
1752889216.8936021
1752889216.930223
1752889216.956684
1752889216.9944885
1752889217.019664
1752889217.047818
1752889217.0726614
1752889217.1014605
1752889217.1271162
1752889217.154045
1752889217.182261
1752889217.2089422
1752889217.2393494
1752889217.2635202
1752889217.2901425
1752889217.3143547
1752889217.3380735
1752889217.3671558
1752889217.3943353
1752889217.4204721
1752889217.445896
1752889217.4703064
1752889217.4952016
1752889217.5234685
1752889217.5480814
1752889217.574418
1752889217.5980315
1752889217.621744
1752889217.6456833
1752889217.6698008
1752889217.6930437
1752889217.716792
1752889217.7451458
1752889217.7530472
1752889217.7895005
1752889217.810214
1752889217.8461537
1752889217.866812
1752889217.9008172
1752889217.9220397
1752889217.955578
1752889217.9890885
1752889218.007859
1752889218.0254178
1752889218.059238
1752889218.092177
1752889218.1119637
1752889218.134114
1752889218.1689088
1752889218.1894686
1752889218.2126074
1752889218.2365801
1752889218.2741816
1752889218.2957785
1752889218.318689
1752889218.3420894
1752889218.3797839
1752889218.4018023
1752889218.4365501
1752889218.4596653
1752889218.4953616
1752889218.5196373
1752889218.5599468
1752889218.5842402
1752889218.628045
1752889218.6682675
1752889218.7102551
1752889218.7358758
1752889218.7741818
1752889218.809052
1752889218.8498125
1752889218.8740096
1752889218.9062216
1752889218.9391513
1752889218.9782674
1752889219.0001779
1752889219.0341313
1752889219.0695345
1752889219.1037793
1752889219.1289608
1752889219.1669095
1752889219.1995764
1752889219.2347214
1752889219.2595038
1752889219.2978265
1752889219.322463
1752889219.3587055
1752889219.384033
1752889219.4231453
1752889219.457396
1752889219.484214
1752889219.5231645
1752889219.5495212
1752889219.5776339
1752889219.6133788
1752889219.6377783
1752889219.6736517
1752889219.6984186
1752889219.7364216
1752889219.7629244
1752889219.7720864
1752889219.8073614
1752889219.8441896
1752889219.864595
1752889219.9009962
1752889219.9351864
1752889219.9691281
1752889219.9941435
1752889220.0350788
1752889220.0697289
1752889220.1050239
1752889220.132766
1752889220.1747444
1752889220.2089837
1752889220.2440677
1752889220.2716908
1752889220.3100758
1752889220.3445702
1752889220.3799574
1752889220.4054027
1752889220.4432185
1752889220.476351
1752889220.5121374
1752889220.537098
1752889220.5778108
1752889220.614146
1752889220.6505744
1752889220.6763127
1752889220.7181122
1752889220.7525814
1752889220.7888212
1752889220.8141184
1752889220.8462548
1752889220.8802829
1752889220.9190404
1752889220.9377723
1752889220.971826
1752889220.994976
1752889221.0311062
1752889221.0527031
1752889221.0875854
1752889221.1090453
1752889221.148353
1752889221.1827257
1752889221.2031384
1752889221.237683
1752889221.2704365
1752889221.2913904
1752889221.3153288
1752889221.3408117
1752889221.3761926
1752889221.39955
1752889221.4235315
1752889221.4484322
1752889221.4861758
1752889221.5094779
1752889221.5333073
1752889221.558687
1752889221.584402
1752891760.7299316
1752891760.7489078
1752891760.782316
1752891760.818372
1752891760.8422127
1752891760.8718624
1752891760.8980606
1752891760.9259667
1752891760.9535909
1752891760.983504
1752891761.0152538
1752891761.0452309
1752891761.074799
1752891761.1078784
1752891761.1521797
1752891761.1808424
1752891761.2204545
1752891761.2477736
1752891761.2785654
1752891761.290934
1752891761.3373008
1752891761.3853416
1752891761.4358845
1752891761.4875538
1752891761.5462549
1752891761.61864
1752891761.6808598
1752891761.7445416
1752891761.78214
1752891761.8276014
1752891761.8681698
1752891761.9144397
1752891761.953986
1752891762.0057306
1752891762.0435362
1752891762.0908558
1752891762.1256888
1752891762.1627595
1752891762.204597
1752891762.243937
1752891762.282838
1752891762.3193698
1752891762.3526185
1752891762.3827105
1752891762.4260857
1752891762.4437532
1752891762.480745
1752891762.5038671
1752891762.5376825
1752891762.5712185
1752891762.6015532
1752891762.633426
1752891762.6638455
1752891762.705802
1752891762.741088
1752891762.7591631
1752891762.7876995
1752891762.8196156
1752891762.8558452
1752891762.8884585
1752891762.9163349
1752891762.9476042
1752891762.9786816
1752891763.0105662
1752891763.0335448
1752891763.0664043
1752891763.1066325
1752891763.1388946
1752891763.165288
1752891763.1926746
1752891763.2244143
1752891763.2664316
1752891763.2937353
1752891763.321833
1752891763.354481
1752891763.3937016
1752891763.4298668
1752891763.4718666
1752891763.4985573
1752891763.5288835
1752891763.5628424
1752891763.608775
1752891763.6467414
1752891763.6846423
1752891763.716564
1752891763.7633424
1752891763.7962058
1752891763.8445523
1752891763.8798242
1752891763.9239745
1752891763.9636757
1752891763.9983127
1752891764.0337389
1752891764.076174
1752891764.1062593
1752891764.1462736
1752891764.1772826
1752891764.2235389
1752891764.262365
1752891764.2957613
1752891764.340294
1752891764.3745644
1752891764.4183567
1752891764.4616141
1752891764.5337393
1752891764.6342123
1752891764.6964347
1752891764.7303731
1752891764.7808208
1752891764.8160107
1752891764.8665886
1752891764.9070091
1752891764.9638033
1752891765.003669
1752891765.0599585
1752891765.1180303
1752891765.1705399
1752891765.2015567
1752891765.2471826
1752891765.2866554
1752891765.3366861
1752891765.3845139
1752891765.4229639
1752891765.4740407
1752891765.5067103
1752891765.549831
1752891765.5931861
1752891765.6258223
1752891765.667028
1752891765.6953857
1752891765.7398593
1752891765.768233
1752891765.810866
1752891765.84533
1752891765.8928163
1752891765.9260833
1752891765.963121
1752891765.993376
1752891766.0406134
1752891766.0717585
1752891766.1204734
1752891766.150525
1752891766.2064257
1752891766.2383003
1752891766.2875853
1752891766.3201547
1752891766.353052
1752891766.3848727
1752891766.4197872
1752891766.4631646
1752891766.4983447
1752891766.5357187
1752891766.570861
1752891766.619215
1752891766.658965
1752891766.699251
1752891766.7494922
1752891766.7837546
1752891766.827824
1752891766.8606734
1752891766.8945785
1752891766.9300559
1752891766.97008
1752891767.0077984
1752891767.0576892
1752891767.0897512
1752891767.1257179
1752891767.1585712
1752891767.190945
1752891767.2193205
1752891767.2573419
1752891767.286588
1752891767.319231
1752891767.3581278
1752891767.3712685
1752891767.4261703
1752891767.452634
1752891767.495302
1752891767.5191147
1752891767.562038
1752891767.5895796
1752891767.6311605
1752891767.6900828
1752891767.7348945
1752891767.7742045
1752891767.8400884
1752891767.9256158
1752891767.978542
1752891768.0177844
1752891768.0873682
1752891768.1245832
1752891768.1557882
1752891768.1901617
1752891768.2369864
1752891768.26374
1752891768.2969272
1752891768.3290591
1752891768.3774183
1752891768.4056344
1752891768.4564114
1752891768.4876015
1752891768.555899
1752891768.5858083
1752891768.6320195
1752891768.6661904
1752891768.7122982
1752891768.7581186
1752891768.802665
1752891768.8347232
1752891768.87856
1752891768.918357
1752891768.9659781
1752891768.996458
1752891769.0389166
1752891769.0802152
1752891769.1370404
1752891769.171614
1752891769.2239947
1752891769.2704086
1752891769.3112645
1752891769.342247
1752891769.3896358
1752891769.4354212
1752891769.480327
1752891769.512789
1752891769.5648782
1752891769.5976593
1752891769.6420038
1752891769.6826847
1752891769.735148
1752891769.7784686
1752891769.8112242
1752891769.8593967
1752891769.8904982
1752891769.9262278
1752891769.9672117
1752891769.999987
1752891770.0409818
1752891770.0737991
1752891770.1244338
1752891770.1618335
1752891770.1756697
1752891770.2267463
1752891770.2749896
1752891770.300641
1752891770.347941
1752891770.391848
1752891770.4472132
1752891770.4793625
1752891770.529386
1752891770.5777469
1752891770.6182225
1752891770.6487808
1752891770.6948698
1752891770.7440262
1752891770.7890418
1752891770.822624
1752891770.871591
1752891770.9090934
1752891770.9485643
1752891770.9763112
1752891771.0205922
1752891771.0562444
1752891771.0958886
1752891771.1243641
1752891771.1676307
1752891771.2064328
1752891771.2468352
1752891771.2785618
1752891771.322533
1752891771.3594875
1752891771.4023836
1752891771.4377508
1752891771.4754252
1752891771.5134027
1752891771.564008
1752891771.584977
1752891771.6231678
1752891771.651774
1752891771.6940155
1752891771.7229447
1752891771.767051
1752891771.7941816
1752891771.8329282
1752891771.872702
1752891771.8981113
1752891771.9396586
1752891771.982445
1752891772.0073173
1752891772.0351646
1752891772.0649736
1752891772.1045618
1752891772.1304348
1752891772.1591895
1752891772.1897802
1752891772.2397423
1752891772.2704258
1752891772.3067095
1752891772.3561153
1752891772.3994799
