1752503028.065021
1752503028.1367652
1752503028.2002416
1752503028.2625546
1752503028.3446238
1752503028.4261653
1752503028.5172005
1752503028.5680807
1752503028.6242003
1752503028.6944735
1752503028.758352
1752503028.7989435
1752503028.863352
1752503028.9272363
1752503028.9897559
1752503029.0564318
1752503029.1376061
1752503029.1888204
1752503029.242415
1752503029.313523
1752503029.4283428
1752503029.4941306
1752503029.595672
1752503029.6527581
1752503029.7526805
1752503029.837545
1752503029.9621508
1752503030.0486162
1752503030.1335263
1752503030.2260575
1752503030.3029568
1752503030.388949
1752503030.489597
1752503030.6106222
1752503030.6985753
1752503030.7848594
1752503030.889118
1752503030.963189
1752503031.0379732
1752503031.0921695
1752503031.161907
1752503031.2273176
1752503031.2870817
1752503031.352135
1752503031.4336228
1752503031.4970562
1752503031.5847268
1752503031.6409814
1752503031.7358944
1752503031.8294597
1752503031.930048
1752503031.9888167
1752503032.0540535
1752503032.114111
1752503032.1804214
1752503032.2422338
1752503032.3326714
1752503032.5114937
1752503032.650077
1752503032.7852318
1752503032.9538023
1752503033.0905325
1752503033.2390494
1752503033.3482497
1752503033.441297
1752503033.5113835
1752503033.5802653
1752503033.6463456
1752503033.7217174
1752503033.7952251
1752503033.8593194
1752503033.911999
1752503033.972706
1752503034.0201275
1752503034.0597568
1752503034.1192298
1752503034.2273643
1752503034.307711
1752503034.379723
1752503034.441134
1752503034.4990273
1752503034.5880752
1752503034.686422
1752503034.828956
1752503034.9607763
1752503035.0225692
1752503035.0971117
1752503035.156645
1752503035.2002146
1752503035.2720065
1752503035.3657725
1752503035.434637
1752503035.5639265
1752503035.6667655
1752503035.7402613
1752503035.804581
1752503035.8812807
1752503035.9336135
1752503035.9804733
1752503036.0607219
1752503036.1177723
1752503036.1929958
1752503036.2786918
1752503036.376811
1752503036.4633052
1752503036.5618114
1752503036.6236856
1752503036.7171037
1752503036.8556318
1752503036.985752
1752503037.1103556
1752503037.274074
1752503037.4046547
1752503037.4736116
1752503037.612358
1752503037.6951702
1752503037.8127408
1752503037.8883953
1752503037.9866302
1752503038.0865517
1752503038.1768012
1752503038.252619
1752503038.3064218
1752503038.3728704
1752503038.4430964
1752503038.5135498
1752503038.5725877
1752503038.6287818
1752503038.7433984
1752503038.831517
1752503038.9421265
1752503039.0760925
1752503039.2093458
1752503039.2894483
1752503039.361733
1752503039.448275
1752503039.5218704
1752503039.6345627
1752503039.777725
1752503039.9012105
1752503040.0310874
1752503040.162866
1752503040.3339136
1752503040.4492917
1752503040.5396883
1752503040.6203692
1752503040.745381
1752503040.8199787
1752503040.9225042
1752503041.0041595
1752503041.0783422
1752503041.1391892
1752503041.225218
1752503041.325545
1752503041.4016616
1752503041.5236206
1752503041.5961745
1752503041.6651495
1752503041.7338376
1752503041.7968996
1752503041.8720195
1752503041.919181
1752503041.9693742
1752503042.039076
1752503042.109829
1752503042.1622767
1752503042.2091746
1752503042.2741485
1752503042.3337703
1752503042.3852568
1752503042.4409926
1752503042.4872744
1752503042.5339751
1752503042.584068
1752503042.6310425
1752503042.6761074
1752503042.7381458
1752503042.8022473
1752503042.8844154
1752503042.9487154
1752503043.049836
1752503043.1707714
1752503043.2520711
1752503043.3201342
1752503043.411446
1752503043.538097
1752503043.6392365
1752503043.775422
1752503043.9216592
1752503044.0458763
1752503044.1740842
1752503044.2614887
1752503044.3548608
1752503044.4417548
1752503044.5238428
1752503044.578683
1752503044.697194
1752503044.8230164
1752503044.9460337
1752503045.063092
1752503045.2323408
1752503045.362175
1752503045.4430869
1752503045.535796
1752503045.6098723
1752503045.6993978
1752503045.8323126
1752503045.946746
1752503046.0251303
1752503046.1094968
1752503046.191392
1752503046.2434587
1752503046.3358057
1752503046.5105243
1752503046.6747496
1752503046.8566914
1752503046.8650951
1752503046.981744
1752503047.101897
1752503047.2388024
1752503047.3928108
1752503047.5265949
1752503047.6538439
1752503047.7794006
1752503047.9316678
1752503048.0675511
1752503048.2330625
1752503048.355999
1752503048.4885502
1752503048.6366508
1752503048.7828739
1752503048.9253774
1752503049.0590093
1752503049.1866665
1752503049.3368638
1752503049.465298
1752503049.634801
1752503049.7654681
1752503049.8973513
1752503050.0462122
1752503050.1936722
1752503050.3543594
1752503050.5006874
1752503050.6410058
1752503050.8048308
1752503050.939098
1752503051.1050944
1752503051.2194784
1752503051.361823
1752503051.4786959
1752503051.6321697
1752503051.7826777
1752503051.9458547
1752503052.0982616
1752503052.2588923
1752503052.4346657
1752503052.5928624
1752503052.751619
1752503052.8879397
1752503053.0384257
1752503053.1909974
1752503053.3764548
1752503053.5274816
1752503053.6663582
1752503053.8191957
1752503053.9578655
1752503054.10123
1752503054.2361653
1752503054.383471
1752503054.519427
1752503054.6693199
1752503054.8382154
1752503054.964127
1752503055.1444592
1752503055.328842
1752503055.475957
1752503055.6361816
1752503055.7942948
1752503055.926238
1752503056.076643
1752503056.2028189
1752503056.341074
1752503056.5275564
1752503056.6800988
1752503056.8570848
1752503056.9876888
1752503057.1438787
1752503057.2909338
