1752551961.6554093
1752551961.6944141
1752551961.7473648
1752551961.7909489
1752551961.84712
1752551961.8964071
1752551961.953297
1752551962.0077934
1752551962.065555
1752551962.1147642
1752551962.174027
1752551962.23421
1752551962.2968545
1752551962.3443527
1752551962.395275
1752551962.446776
1752551962.510575
1752551962.5574095
1752551962.6087565
1752551962.655534
1752551962.7328207
1752551962.7856092
1752551962.8387668
1752551962.8854563
1752551962.9397004
1752551962.9855714
1752551963.0439897
1752551963.0918388
1752551963.1495163
1752551963.2203848
1752551963.2782612
1752551963.3311458
1752551963.3844726
1752551963.4262323
1752551963.4936612
1752551963.538633
1752551963.5953405
1752551963.6454806
1752551963.699011
1752551963.7451928
1752551963.806343
1752551963.8574073
1752551963.9101362
1752551963.955141
1752551964.0115297
1752551964.0579636
1752551964.1182702
1752551964.1748173
1752551964.2343976
1752551964.2803848
1752551964.3403082
1752551964.38723
1752551964.441461
1752551964.4914918
1752551964.550012
1752551964.598711
1752551964.6591172
1752551964.7085156
1752551964.7680511
1752551964.8232384
1752551964.8720832
1752551964.9276085
1752551964.970618
1752551965.0075746
1752551965.062102
1752551965.1119514
1752551965.1679688
1752551965.2263172
1752551965.2795792
1752551965.3321748
1752551965.3898785
1752551965.44175
1752551965.4961758
1752551965.541939
1752551965.585984
1752551965.6302247
1752551965.6853101
1752551965.7218754
1752551965.7740536
1752551965.81448
1752551965.868657
1752551965.913314
1752551965.95873
1752551965.9985392
1752551966.0567842
1752551966.093694
1752551966.1629004
1752551966.2084444
1752551966.2692552
1752551966.3251166
1752551966.377088
1752551966.4427614
1752551966.4831374
1752551966.5319002
1752551966.595649
1752551966.63831
1752551966.6879697
1752551966.7435634
1752551966.7972565
1752551966.8536499
1752551966.921406
1752551966.9723885
1752551967.021632
1752551967.0708463
1752551967.1232498
1752551967.177633
1752551967.2273464
1752551967.279275
1752551967.3439653
1752551967.383161
1752551967.4375381
1752551967.4851778
1752551967.5378425
1752551967.5849533
1752551967.637136
1752551967.6820781
1752551967.7384994
1752551967.7826934
1752551967.824112
1752551967.8884506
1752551967.9345152
1752551967.9851341
1752551968.0327675
1752551968.0756183
1752551968.1345441
1752551968.1863003
1752551968.244486
1752551968.2822773
1752551968.3360574
1752551968.3798225
1752551968.4262247
1752551968.4788108
1752551968.525453
1752551968.579434
1752551968.641529
1752551968.69489
1752551968.743847
1752551968.7906768
1752551968.8358378
1752551968.884827
1752551968.9327996
1752551968.990594
1752551969.0432103
1752551969.0958498
1752551969.1560934
1752551969.2067184
1752551969.2595994
1752551969.315007
1752551969.36434
1752551969.4171681
1752551969.465337
1752551969.5140195
1752551969.5667365
1752551969.6152706
1752551969.6704092
1752551969.721513
1752551969.7728682
1752551969.82334
1752551969.8661654
1752551969.905986
1752551969.9518063
1752551970.0126884
1752551970.0614147
1752551970.1055691
1752551970.150202
1752551970.2048385
1752551970.259375
1752551970.3048477
1752551970.3459826
1752551970.3886807
1752551970.4299405
1752551970.4732451
1752551970.516832
1752551970.5706465
1752551970.6386838
1752551970.6622837
1752551970.7179468
1752551970.7774155
1752551970.8323312
1752551970.8829558
1752551970.945233
1752551970.9933457
1752551971.0400658
1752551971.0915396
1752551971.1426988
1752551971.1970007
1752551971.2412796
1752551971.2863874
1752551971.3418899
1752551971.391587
1752551971.447805
1752551971.500865
1752551971.5492306
1752551971.6049728
1752551971.6573546
1752551971.7198083
1752551971.7675476
1752551971.8190084
1752551971.879831
1752551971.940158
1752551971.9928374
1752551972.038692
1752551972.090754
1752551972.1332579
1752551972.1911452
1752551972.2352762
1752551972.2922828
1752551972.3359058
1752551972.3942366
1752551972.428424
1752551972.4764524
1752551972.5264637
1752551972.5777395
1752551972.6132154
1752551972.6600797
1752551972.7068202
1752551972.747184
1752551972.7969208
1752551972.845875
1752551972.8969684
1752551972.957772
1752551973.0038524
1752551973.0523708
1752551973.0983038
1752551973.1532676
1752551973.2011366
1752551973.2530282
1752551973.3028247
1752551973.348745
1752551973.4052682
1752551973.4568632
1752551973.5066605
1752551973.559279
1752551973.6128993
1752551973.6549902
1752551973.7028344
1752551973.7532017
1752551973.8017602
1752551973.8603263
1752551973.9106925
1752551973.96277
1752551974.010695
1752551974.0706258
1752551974.1208725
1752551974.1722353
1752551974.2373395
1752551974.2921336
1752551974.3636742
1752551974.4158726
1752551974.4621594
1752551974.5127685
1752551974.5713084
1752551974.6207728
1752551974.6774642
1752551974.569859
1752551974.6227236
1752551974.6801722
1752551974.741688
1752551974.7922783
1752551974.8493855
1752551974.9146018
1752551974.9709463
1752551975.0214877
1752551975.084404
1752551975.1474535
1752551975.2138293
1752551975.268935
1752551975.329641
1752551975.3896797
1752551975.4362576
1752551975.4967797
1752551975.5563617
1752551975.606464
1752551975.655411
1752551975.704618
1752551975.7880542
1752551975.8337064
1752551975.9017847
1752551975.9554756
1752551976.0101218
1752551976.0621924
1752551976.1186523
1752551976.1782212
1752551976.231557
1752551976.2849398
1752551976.3360474
1752551976.391736
1752551976.4441295
1752551976.5057728
1752551976.5811007
1752551976.6277976
1752551976.68428
1752551976.7490406
1752551976.7970073
1752551976.8515635
1752551976.8974404
1752551976.9683685
1752551977.0201857
1752551977.0860772
1752843408.5575671
1752843408.5732188
1752843408.6115327
1752843408.6346147
1752843408.667446
1752843408.6906493
1752843408.7219737
1752843408.7442007
1752843408.7763274
1752843408.7996464
1752843408.833001
1752843408.861516
1752843408.8940167
1752843408.9191163
1752843408.9503794
1752843408.9752066
1752843409.0072002
1752843409.0313656
1752843409.0625532
1752843409.0863268
1752843409.1177943
1752843409.141756
1752843409.1729887
1752843409.1979656
1752843409.2300632
1752843409.2544022
1752843409.2858708
1752843409.3099587
1752843409.3420305
1752843409.368096
1752843409.3999038
1752843409.424227
1752843409.4556618
1752843409.476163
1752843409.5098875
1752843409.533276
1752843409.5665119
1752843409.5878422
1752843409.6203706
1752843409.642499
1752843409.6771061
1752843409.7005117
1752843409.7328215
1752843409.7547274
1752843409.7865505
1752843409.8084655
1752843409.8406324
1752843409.8619537
1752843409.891675
1752843409.9133637
1752843409.945882
1752843409.969038
1752843410.0020463
1752843410.024532
1752843410.0585194
1752843410.0813208
1752843410.115495
1752843410.1371505
1752843410.1672943
1752843410.198824
1752843410.2221165
1752843410.254276
1752843410.274945
1752843410.289609
1752843410.3233635
1752843410.3465369
1752843410.385918
1752843410.4072316
1752843410.4399855
1752843410.4632382
1752843410.4979525
1752843408.1659825
1752843408.199032
1752843408.2193487
1752843408.2413478
1752843408.2629209
1752843408.2955406
1752843408.3143446
1752843408.344829
1752843408.3641026
1752843408.395314
1752843408.4177241
1752843408.4491615
1752843408.4697793
1752843408.4995937
1752843408.5167613
1752843408.5478342
1752843408.560593
1752843408.5905347
1752843408.6181297
1752843408.6289582
1752843408.662845
1752843408.67866
1752843408.7030559
1752843408.7377377
1752843408.7562108
1752843408.7812157
1752843408.8049648
1752843408.8297493
1752843408.8529305
1752843408.886071
1752843408.9069965
1752843408.9298806
1752843408.9531796
1752843408.978041
1752843409.0011692
1752843409.0240889
1752843409.0499902
1752843409.0830457
1752843409.104696
1752843409.1404326
1752843409.165346
1752843409.2014136
1752843409.2249618
1752843409.249192
1752843409.2716978
1752843409.3048878
1752843409.32275
1752843409.3436966
1752843409.3732774
1752843409.3910728
1752843409.4131253
1752843409.4354537
1752843409.4514432
1752843409.4777398
1752843409.493474
1752843409.5188658
1752843409.5333478
1752843409.5594153
1752843409.573276
1752843409.5917804
1752843409.6097953
1752843409.6251805
1752843409.6426466
1752843409.6621506
1752843409.6808813
1752843409.69996
1752843409.720239
1752843409.740392
1752843409.7596009
1752843409.7785995
1752843409.7986255
1752843409.818964
1752843409.8387783
1752843409.8590765
1752843409.8800967
1752843409.901713
1752843409.9221885
1752843409.9438744
1752843409.9651885
1752843409.9866252
1752843410.0079727
1752843410.0301785
1752843410.0500336
1752843410.0869806
1752843410.1070197
1752843410.129166
1752843410.1508238
1752843410.1720717
1752843410.1923704
1752843410.2127326
1752843410.2317536
1752843410.2501206
1752843410.2689855
1752843410.2889283
1752843410.3083901
1752843410.3272142
1752843410.3456295
1752843410.3623905
1752843410.379812
1752843410.3969066
1752843410.414085
1752843410.4323807
1752843410.4524384
1752843410.4737527
1752843410.4802544
1752843410.5118365
1752843410.5324266
1752843410.5686657
1752843410.5889971
1752843410.6126385
1752843410.636755
1752843410.6816404
1752843410.738546
1752843410.7588303
1752843410.792646
1752843410.8168426
1752843410.8420744
1752843410.866824
1752843410.892879
1752843410.9187546
1752843410.9478762
1752843410.97316
1752843411.0122087
1752843411.035979
1752843411.0722032
1752843411.0985017
1752843411.1355608
1752843411.1755426
1752843411.1982808
1752843411.2313945
1752843411.2566097
1752843411.2894592
1752843411.3103225
1752843411.3406198
1752843411.3586993
1752843411.3926058
1752843411.4093602
1752843411.4403777
1752843411.4577236
1752843411.487395
1752843411.5056968
1752843411.534876
1752843411.5496016
1752843411.5788472
1752843411.615299
1752843411.6330743
1752843411.6674473
1752843411.6879325
1752843411.7183084
1752843411.7534099
1752843411.7723424
1752843411.8040197
1752843411.8242772
1752843411.857652
1752843411.8783894
1752843411.9094558
1752843411.9302611
1752843411.9520357
1752843411.9873552
1752843412.0098872
1752843412.0339262
1752843412.0573928
1752843412.0803378
1752843412.1039815
1752843412.127853
1752843412.1542583
1752843412.1776104
1752843412.209927
1752843412.2343645
1752843412.2655485
1752843412.2884104
1752843412.3142939
1752843412.342572
1752843412.369026
1752843412.4156933
1752843412.441996
1752843412.476102
1752843412.4999998
1752843412.526356
1752843412.5522337
1752843412.588424
1752843412.62024
1752843412.6545186
1752843412.6805542
1752843412.71561
1752843412.7520037
1752843412.7870102
1752843412.8130088
1752843412.847144
1752843412.8814297
1752843412.914236
1752843412.9394722
1752843412.9735835
1752843413.0014467
1752843413.0387397
1752843413.0648797
1752843413.0902004
1752843413.124122
1752843413.1505356
1752843413.1863687
1752843413.218774
1752843413.2440162
1752843413.272405
1752843413.3050444
1752843413.3380475
1752843413.3621879
1752843413.3966608
1752843413.428874
1752843413.4643285
1752843413.4909265
1752843413.5231075
1752843413.5565195
1752843413.5893931
1752843413.6170876
1752843413.65569
1752843413.6914191
1752843413.7258484
1752843413.7563996
1752843413.8028738
1752843413.8301938
1752843413.8661551
1752843413.8991084
1752843413.9249017
1752843413.9581156
1752843413.9829888
1752843414.0168722
1752843414.0442436
1752843414.0782402
1752889096.2171636
1752889096.2341247
1752889096.274448
1752889096.3003461
1752889096.3346617
1752889096.3582015
1752889096.3908885
1752889096.414078
1752889096.4573517
1752889096.4808433
1752889096.5147645
1752889096.5430543
1752889096.5764756
1752889096.6034722
1752889096.6361172
1752889096.6618624
1752889096.6954596
1752889096.7276075
1752889096.764545
1752889096.790848
1752889096.8250306
1752889096.8494666
1752889096.883701
1752889096.911395
1752889096.9471974
1752889096.9740167
1752889097.009246
1752889097.0374856
1752889097.0746603
1752889097.1041648
1752889097.1403184
1752889097.1672063
1752889097.202711
1752889097.2248027
1752889097.2648454
1752889097.2910285
1752889097.327401
1752889097.3510327
1752889097.3888564
1752889097.414448
1752889097.4557137
1752889097.4816976
1752889097.5171177
1752889097.5411093
1752889097.59074
1752889097.6155515
1752889097.651959
1752889097.6748235
1752889097.706968
1752889097.7286918
1752889097.7656977
1752889097.7903664
1752889097.8244274
1752889097.8481827
1752889097.8843343
1752889097.907482
1752889097.9421425
1752889097.9650652
1752889097.997847
1752889098.029185
1752889098.0510645
1752889098.0844855
1752889098.1069248
1752889098.1218905
1752889098.1628444
1752889098.1864395
1752889098.2186515
1752889098.241307
1752889098.2750468
1752889098.2982788
1752889098.3353922
1752889098.3590748
1752889098.3944025
1752889098.4171925
1752889098.4405446
1752889098.4632819
1752889098.4985712
1752889098.5193307
1752889098.5526383
1752889098.5738056
1752889098.6072297
1752889098.6315005
1752889098.6671965
1752889098.688568
1752889098.719421
1752889098.7385964
1752889098.7747333
1752889098.7878747
1752889098.8205533
1752889098.8507593
1752889098.8622527
1752889098.897256
1752889098.9130366
1752889098.9351194
1752889098.9729073
1752889098.9910274
1752889099.0178947
1752889099.0429065
1752889099.070529
1752889099.0968559
1752889099.133234
1752889099.1575775
1752889099.1849363
1752889099.2090173
1752889099.2325618
1752889099.2568238
1752889099.280252
1752889099.3037374
1752889099.3384497
1752889099.357406
1752889099.389718
1752889099.4102933
1752889099.441651
1752889099.4606726
1752889099.4824705
1752889099.505449
1752889099.538989
1752889099.5567493
1752889099.5780716
1752889099.6077852
1752889099.6266077
1752889099.6489863
1752889099.6735637
1752889099.6906598
1752889099.719238
1752889099.7363534
1752889099.7629986
1752889099.7786968
1752889099.8060403
1752889099.8216648
1752889099.841592
1752889099.8602302
1752889099.8768377
1752889099.8954835
1752889099.9152305
1752889099.9350634
1752889099.954398
1752889099.9751122
1752889099.9952822
1752889100.0156631
1752889100.0354705
1752889100.0565412
1752889100.079517
1752889100.101263
1752889100.1230245
1752889100.1446953
1752889100.1674552
1752889100.189265
1752889100.212006
1752889100.2349956
1752889100.257987
1752889100.2808933
1752889100.3050525
1752889100.325032
1752889100.357681
1752889100.3786614
1752889100.402673
1752889100.426121
1752889100.447703
1752889100.46922
1752889100.4903226
1752889100.5123158
1752889100.5312011
1752889100.5512123
1752889100.5723283
1752889100.5926907
1752889100.6129513
1752889100.6328096
1752889100.6508703
1752889100.6705182
1752889100.6886604
1752889100.7071419
1752889100.726336
1752889100.747867
1752889100.770765
1752889100.7775388
1752889100.811059
1752889100.8333342
1752889100.870147
1752889100.8919117
1752889100.917015
1752889100.9420688
1752889100.977277
1752889101.010616
1752889101.0307326
1752889101.064831
1752889101.0894444
1752889101.1148193
1752889101.1399887
1752889101.1657956
1752889101.1932473
1752889101.2231035
1752889101.2488554
1752889101.2879207
1752889101.312303
1752889101.347772
1752889101.3724372
1752889101.4056892
1752889101.4411743
1752889101.4638546
1752889101.4989552
1752889101.5223193
1752889101.5585644
1752889101.5800486
1752889101.6129956
1752889101.6332662
1752889101.6676567
1752889101.6864743
1752889101.7206657
1752889101.7391334
1752889101.771006
1752889101.7902834
1752889101.821139
1752889101.836931
1752889101.8667552
1752889101.8985698
1752889101.9159317
1752889101.948535
1752889101.9693968
1752889102.0003204
1752889102.0345607
1752889102.0548553
1752889102.088712
1752889102.1090293
1752889102.1421769
1752889102.163644
1752889102.2005067
1752889102.224837
1752889102.2480502
1752889102.2845056
1752889102.3147779
1752889102.340193
1752889102.3640742
1752889102.3884954
1752889102.412216
1752889102.435967
1752889102.461041
1752889102.4886446
1752889102.521842
1752889102.5465019
1752889102.580633
1752889102.6053684
1752889102.6322532
1752889102.6619108
1752889102.686862
1752889102.7237053
1752889102.751013
1752889102.7888455
1752889102.81348
1752889102.8400464
1752889102.8667395
1752889102.9059024
1752889102.9386673
1752889102.9725814
1752889103.0019884
1752889103.0399878
1752889103.0786288
1752889103.114755
1752889103.1428323
1752889103.1791751
1752889103.2158384
1752889103.252174
1752889103.2790198
1752889103.314137
1752889103.3422394
1752889103.3801055
1752889103.4069052
1752889103.4335644
1752889103.4686174
1752889103.49515
1752889103.5322933
1752889103.5706112
1752889103.5965846
1752889103.6264343
1752889103.6581535
1752889103.70009
1752889103.7251177
1752889103.7616396
1752889103.7949035
1752889103.8286424
1752889103.8577564
1752889103.8936353
1752889103.9265478
1752889103.9592056
1752889103.9863539
1752889104.0206861
1752889104.0543902
1752889104.08786
1752889104.1160915
1752889104.1547103
1752889104.184072
1752889104.2199676
1752889104.2573144
1752889104.2855837
1752889104.323937
1752889104.3490665
1752889104.3883834
1752889104.4126017
1752889104.4472413
1752891604.7422647
1752891604.7647967
1752891604.811771
1752891604.8439467
1752891604.886855
1752891604.9163558
1752891604.9557111
1752891604.9837735
1752891605.0268936
1752891605.0568063
1752891605.0952013
1752891605.1270368
1752891605.1717997
1752891605.19985
1752891605.2373652
1752891605.2675264
1752891605.3095846
1752891605.33968
1752891605.3805265
1752891605.4104652
1752891605.46803
1752891605.499504
1752891605.5393987
1752891605.5788374
1752891605.61847
1752891605.6459022
1752891605.68481
1752891605.7148068
1752891605.7531781
1752891605.786463
1752891605.829879
1752891605.8650405
1752891605.9045637
1752891605.9352489
1752891605.992073
1752891606.0245416
1752891606.069186
1752891606.1027632
1752891606.1510675
1752891606.1771195
1752891606.2287688
1752891606.2580583
1752891606.3060195
1752891606.3391979
1752891606.3879223
1752891606.4194283
1752891606.4716203
1752891606.509834
1752891606.5501218
1752891606.588253
1752891606.6413343
1752891606.675658
1752891606.7306712
1752891606.7685673
1752891606.8245945
1752891606.8661695
1752891606.9144804
1752891606.9479358
1752891606.993003
1752891607.0454328
1752891607.0809944
1752891607.1426976
1752891607.1784062
1752891607.2021053
1752891607.2435026
1752891607.2744753
1752891607.312238
1752891607.3373258
1752891607.3747892
1752891607.4045982
1752891607.4455905
1752891607.4739933
1752891607.5165431
1752891607.5416634
1752891607.57121
1752891607.598738
1752891607.6467159
1752891607.6720164
1752891607.7204173
1752891607.7505376
1752891607.7940903
1752891607.8233669
1752891606.0821419
1752891606.110907
1752891606.1565282
1752891606.187005
1752891606.2316642
1752891606.2472153
1752891606.290226
1752891606.3306868
1752891606.3459418
1752891606.3840034
1752891606.4018297
1752891606.4306738
1752891606.4751995
1752891606.4944153
1752891606.5411904
1752891606.5802383
1752891606.6101632
1752891606.643531
1752891606.681488
1752891606.7074635
1752891606.7328594
1752891606.7722013
1752891606.8002036
1752891606.8270154
1752891606.8536239
1752891606.8840024
1752891606.925282
1752891606.94722
1752891606.9874148
1752891607.0121644
1752891607.0537183
1752891607.0774844
1752891607.1072712
1752891607.1328123
1752891607.1700182
1752891607.1953225
1752891607.225142
1752891607.2696226
1752891607.2964547
1752891607.329325
1752891607.358005
1752891607.3798115
1752891607.4125636
1752891607.43269
1752891607.4670284
1752891607.4854562
1752891607.5201564
1752891607.5376825
1752891607.5604444
1752891607.5853636
1752891607.6121402
1752891607.6375084
1752891607.6600437
1752891607.6839888
1752891607.7068954
1752891607.735419
1752891607.765295
1752891607.7912085
1752891607.8185685
1752891607.8435926
1752891607.8739195
1752891607.9024904
1752891607.9272935
1752891607.9547362
1752891607.9801872
1752891608.0061133
1752891608.0334313
1752891608.0592756
1752891608.084592
1752891608.1111448
1752891608.1399078
1752891608.1663723
1752891608.2044075
1752891608.2293258
1752891608.2574763
1752891608.2832413
1752891608.3143334
1752891608.339013
1752891608.3656366
1752891608.3981636
1752891608.4287665
1752891608.463191
1752891608.493803
1752891608.5266635
1752891608.5519373
1752891608.577558
1752891608.6030378
1752891608.6260123
1752891608.6498053
1752891608.678204
1752891608.703338
1752891608.7316453
1752891608.7588773
1752891608.7674034
1752891608.8057227
1752891608.8311043
1752891608.8719885
1752891608.8984656
1752891608.9272892
1752891608.9572964
1752891608.9992187
1752891609.0364587
1752891609.0601678
1752891609.1007204
1752891609.1285274
1752891609.1636875
1752891609.1916494
1752891609.2226524
1752891609.25186
1752891609.2839408
1752891609.315012
1752891609.3644063
1752891609.396602
1752891609.4441707
1752891609.474543
1752891609.5127952
1752891609.5494025
1752891609.5757449
1752891609.6163983
1752891609.644591
1752891609.6860192
1752891609.7099214
1752891609.7459857
1752891609.7683823
1752891609.807438
1752891609.8271642
1752891609.8705304
1752891609.8943682
1752891609.9362476
1752891609.957939
1752891609.9940667
1752891610.0136228
1752891610.0494025
1752891610.0849223
1752891610.1058204
1752891610.149065
1752891610.1749475
1752891610.2156243
1752891610.2514439
1752891610.2727103
1752891610.3103573
1752891610.3353097
1752891610.3762312
1752891610.40348
1752891610.44786
1752891610.472963
1752891610.498331
1752891610.5385375
1752891610.5700088
1752891610.6014228
1752891610.6337736
1752891610.6653383
1752891610.694655
1752891610.7248838
1752891610.754219
1752891610.7822187
1752891610.8184984
1752891610.8481722
1752891610.889038
1752891610.9207392
1752891610.9542363
1752891610.992664
1752891611.0236669
1752891611.085896
1752891611.1255555
1752891611.1748114
1752891611.2102969
1752891611.241116
1752891611.2774792
1752891611.3221433
1752891611.3588915
1752891611.3961291
1752891611.4282079
1752891611.4771225
1752891611.5139456
1752891611.5562232
1752891611.5917048
1752891611.6408417
1752891611.6810772
1752891611.7224164
1752891611.755826
1752891611.799445
1752891611.8318973
1752891611.8809745
1752891611.9161756
1752891611.9486234
1752891611.989302
1752891612.0178294
1752891612.0602176
1752891612.0972955
1752891612.1278927
1752891612.163438
1752891612.203922
1752891612.2449365
1752891612.2759602
1752891612.3161345
1752891612.3569167
1752891612.3988817
1752891612.4316328
1752891612.4711933
1752891612.5093303
1752891612.5484805
1752891612.5783749
1752891612.6193275
1752891612.661427
1752891612.7103288
1752891612.7482154
1752891612.7896318
1752891612.8199365
1752891612.860134
1752891612.900487
1752891612.929781
1752891612.968727
1752891612.997075
1752891613.03767
1752891613.0701153
1752891613.1201704
