-1.000000000000000000e+00,1.600000000000000000e+01,1.600000000000000000e+01,4.900000000000000000e+01,1.500000000000000000e+01,8.000000000000000000e+00,8.000000000000000000e+00,1.670000000000000000e+02,3.100000000000000000e+01,4.000000000000000000e+00
-1.000000000000000000e+00,1.600000000000000000e+01,1.600000000000000000e+01,6.500000000000000000e+01,1.500000000000000000e+01,2.400000000000000000e+01,8.000000000000000000e+00,1.670000000000000000e+02,3.100000000000000000e+01,4.000000000000000000e+00
-1.000000000000000000e+00,1.600000000000000000e+01,1.600000000000000000e+01,7.800000000000000000e+01,1.500000000000000000e+01,4.000000000000000000e+01,8.000000000000000000e+00,1.530000000000000000e+02,2.900000000000000000e+01,4.000000000000000000e+00
-1.000000000000000000e+00,1.600000000000000000e+01,1.600000000000000000e+01,9.600000000000000000e+01,1.500000000000000000e+01,5.600000000000000000e+01,8.000000000000000000e+00,1.600000000000000000e+02,2.900000000000000000e+01,4.000000000000000000e+00
-1.000000000000000000e+00,1.600000000000000000e+01,1.600000000000000000e+01,1.120000000000000000e+02,1.500000000000000000e+01,7.200000000000000000e+01,8.000000000000000000e+00,1.600000000000000000e+02,2.900000000000000000e+01,4.000000000000000000e+00
-1.000000000000000000e+00,1.600000000000000000e+01,1.600000000000000000e+01,1.280000000000000000e+02,1.500000000000000000e+01,8.800000000000000000e+01,8.000000000000000000e+00,1.600000000000000000e+02,2.800000000000000000e+01,4.000000000000000000e+00
-1.000000000000000000e+00,1.600000000000000000e+01,1.600000000000000000e+01,1.450000000000000000e+02,1.500000000000000000e+01,1.040000000000000000e+02,8.000000000000000000e+00,1.650000000000000000e+02,2.800000000000000000e+01,4.000000000000000000e+00
-1.000000000000000000e+00,1.600000000000000000e+01,1.600000000000000000e+01,1.610000000000000000e+02,1.500000000000000000e+01,1.200000000000000000e+02,8.000000000000000000e+00,1.650000000000000000e+02,2.900000000000000000e+01,4.000000000000000000e+00
-1.000000000000000000e+00,1.600000000000000000e+01,1.600000000000000000e+01,1.770000000000000000e+02,1.400000000000000000e+01,1.360000000000000000e+02,8.000000000000000000e+00,1.650000000000000000e+02,2.600000000000000000e+01,4.000000000000000000e+00
-1.000000000000000000e+00,1.600000000000000000e+01,1.600000000000000000e+01,1.900000000000000000e+02,1.400000000000000000e+01,1.520000000000000000e+02,8.000000000000000000e+00,1.530000000000000000e+02,2.500000000000000000e+01,4.000000000000000000e+00
-1.000000000000000000e+00,1.600000000000000000e+01,1.600000000000000000e+01,2.040000000000000000e+02,1.400000000000000000e+01,1.680000000000000000e+02,8.000000000000000000e+00,1.470000000000000000e+02,2.500000000000000000e+01,4.000000000000000000e+00
-1.000000000000000000e+00,1.600000000000000000e+01,1.600000000000000000e+01,2.150000000000000000e+02,1.400000000000000000e+01,1.840000000000000000e+02,8.000000000000000000e+00,1.270000000000000000e+02,2.500000000000000000e+01,4.000000000000000000e+00
-1.000000000000000000e+00,1.600000000000000000e+01,1.600000000000000000e+01,2.290000000000000000e+02,1.100000000000000000e+01,2.000000000000000000e+02,8.000000000000000000e+00,1.160000000000000000e+02,1.500000000000000000e+01,4.000000000000000000e+00
-1.000000000000000000e+00,1.600000000000000000e+01,1.600000000000000000e+01,2.480000000000000000e+02,1.400000000000000000e+01,2.160000000000000000e+02,8.000000000000000000e+00,1.290000000000000000e+02,2.500000000000000000e+01,4.000000000000000000e+00
-1.000000000000000000e+00,1.600000000000000000e+01,8.000000000000000000e+00,2.650000000000000000e+02,1.000000000000000000e+01,2.320000000000000000e+02,4.000000000000000000e+00,1.340000000000000000e+02,2.500000000000000000e+01,4.000000000000000000e+00
-1.000000000000000000e+00,1.600000000000000000e+01,8.000000000000000000e+00,2.640000000000000000e+02,1.800000000000000000e+01,2.320000000000000000e+02,1.200000000000000000e+01,1.290000000000000000e+02,2.600000000000000000e+01,4.000000000000000000e+00
-1.000000000000000000e+00,1.600000000000000000e+01,8.000000000000000000e+00,2.810000000000000000e+02,1.000000000000000000e+01,2.480000000000000000e+02,4.000000000000000000e+00,1.340000000000000000e+02,2.500000000000000000e+01,4.000000000000000000e+00
-1.000000000000000000e+00,1.600000000000000000e+01,8.000000000000000000e+00,2.740000000000000000e+02,1.800000000000000000e+01,2.480000000000000000e+02,1.200000000000000000e+01,1.040000000000000000e+02,2.500000000000000000e+01,4.000000000000000000e+00
-1.000000000000000000e+00,1.600000000000000000e+01,1.600000000000000000e+01,2.970000000000000000e+02,1.400000000000000000e+01,2.640000000000000000e+02,8.000000000000000000e+00,1.340000000000000000e+02,2.500000000000000000e+01,4.000000000000000000e+00
-1.000000000000000000e+00,1.600000000000000000e+01,1.600000000000000000e+01,3.170000000000000000e+02,1.400000000000000000e+01,2.800000000000000000e+02,8.000000000000000000e+00,1.480000000000000000e+02,2.500000000000000000e+01,4.000000000000000000e+00
-1.000000000000000000e+00,1.600000000000000000e+01,1.600000000000000000e+01,3.240000000000000000e+02,1.400000000000000000e+01,2.960000000000000000e+02,8.000000000000000000e+00,1.150000000000000000e+02,2.500000000000000000e+01,4.000000000000000000e+00
-1.000000000000000000e+00,1.600000000000000000e+01,1.600000000000000000e+01,3.380000000000000000e+02,1.400000000000000000e+01,3.120000000000000000e+02,8.000000000000000000e+00,1.050000000000000000e+02,2.500000000000000000e+01,4.000000000000000000e+00
-1.000000000000000000e+00,1.600000000000000000e+01,1.600000000000000000e+01,3.540000000000000000e+02,1.400000000000000000e+01,3.280000000000000000e+02,8.000000000000000000e+00,1.050000000000000000e+02,2.500000000000000000e+01,4.000000000000000000e+00
-1.000000000000000000e+00,1.600000000000000000e+01,1.600000000000000000e+01,3.600000000000000000e+02,8.000000000000000000e+00,3.600000000000000000e+02,8.000000000000000000e+00,0.000000000000000000e+00,0.000000000000000000e+00,4.000000000000000000e+00
-1.000000000000000000e+00,1.600000000000000000e+01,1.600000000000000000e+01,3.760000000000000000e+02,8.000000000000000000e+00,3.760000000000000000e+02,8.000000000000000000e+00,0.000000000000000000e+00,0.000000000000000000e+00,4.000000000000000000e+00
-1.000000000000000000e+00,1.600000000000000000e+01,1.600000000000000000e+01,4.150000000000000000e+02,8.000000000000000000e+00,3.920000000000000000e+02,8.000000000000000000e+00,9.300000000000000000e+01,0.000000000000000000e+00,4.000000000000000000e+00
-1.000000000000000000e+00,1.600000000000000000e+01,1.600000000000000000e+01,4.310000000000000000e+02,8.000000000000000000e+00,4.080000000000000000e+02,8.000000000000000000e+00,9.300000000000000000e+01,0.000000000000000000e+00,4.000000000000000000e+00
-1.000000000000000000e+00,1.600000000000000000e+01,1.600000000000000000e+01,4.520000000000000000e+02,8.000000000000000000e+00,4.240000000000000000e+02,8.000000000000000000e+00,1.140000000000000000e+02,0.000000000000000000e+00,4.000000000000000000e+00
-1.000000000000000000e+00,8.000000000000000000e+00,1.600000000000000000e+01,4.650000000000000000e+02,8.000000000000000000e+00,4.360000000000000000e+02,8.000000000000000000e+00,1.160000000000000000e+02,0.000000000000000000e+00,4.000000000000000000e+00
-1.000000000000000000e+00,8.000000000000000000e+00,1.600000000000000000e+01,4.680000000000000000e+02,8.000000000000000000e+00,4.440000000000000000e+02,8.000000000000000000e+00,9.600000000000000000e+01,0.000000000000000000e+00,4.000000000000000000e+00
-1.000000000000000000e+00,1.600000000000000000e+01,1.600000000000000000e+01,4.810000000000000000e+02,1.300000000000000000e+01,4.560000000000000000e+02,8.000000000000000000e+00,1.030000000000000000e+02,2.100000000000000000e+01,4.000000000000000000e+00
-1.000000000000000000e+00,1.600000000000000000e+01,1.600000000000000000e+01,4.970000000000000000e+02,1.600000000000000000e+01,4.720000000000000000e+02,8.000000000000000000e+00,1.030000000000000000e+02,3.200000000000000000e+01,4.000000000000000000e+00
-1.000000000000000000e+00,1.600000000000000000e+01,8.000000000000000000e+00,5.150000000000000000e+02,1.200000000000000000e+01,4.880000000000000000e+02,4.000000000000000000e+00,1.090000000000000000e+02,3.200000000000000000e+01,4.000000000000000000e+00
-1.000000000000000000e+00,1.600000000000000000e+01,8.000000000000000000e+00,5.140000000000000000e+02,2.000000000000000000e+01,4.880000000000000000e+02,1.200000000000000000e+01,1.060000000000000000e+02,3.200000000000000000e+01,4.000000000000000000e+00
-1.000000000000000000e+00,1.600000000000000000e+01,1.600000000000000000e+01,5.310000000000000000e+02,1.900000000000000000e+01,5.040000000000000000e+02,8.000000000000000000e+00,1.090000000000000000e+02,4.700000000000000000e+01,4.000000000000000000e+00
-1.000000000000000000e+00,1.600000000000000000e+01,1.600000000000000000e+01,5.470000000000000000e+02,1.100000000000000000e+01,5.200000000000000000e+02,8.000000000000000000e+00,1.090000000000000000e+02,1.500000000000000000e+01,4.000000000000000000e+00
-1.000000000000000000e+00,1.600000000000000000e+01,1.600000000000000000e+01,5.680000000000000000e+02,8.000000000000000000e+00,5.680000000000000000e+02,8.000000000000000000e+00,0.000000000000000000e+00,0.000000000000000000e+00,4.000000000000000000e+00
-1.000000000000000000e+00,1.600000000000000000e+01,1.600000000000000000e+01,5.840000000000000000e+02,8.000000000000000000e+00,5.840000000000000000e+02,8.000000000000000000e+00,0.000000000000000000e+00,0.000000000000000000e+00,4.000000000000000000e+00
-1.000000000000000000e+00,1.600000000000000000e+01,1.600000000000000000e+01,6.000000000000000000e+02,8.000000000000000000e+00,6.000000000000000000e+02,8.000000000000000000e+00,0.000000000000000000e+00,0.000000000000000000e+00,4.000000000000000000e+00
-1.000000000000000000e+00,1.600000000000000000e+01,1.600000000000000000e+01,6.160000000000000000e+02,8.000000000000000000e+00,6.160000000000000000e+02,8.000000000000000000e+00,0.000000000000000000e+00,0.000000000000000000e+00,4.000000000000000000e+00
-1.000000000000000000e+00,1.600000000000000000e+01,1.600000000000000000e+01,6.790000000000000000e+02,2.300000000000000000e+01,6.320000000000000000e+02,8.000000000000000000e+00,1.900000000000000000e+02,6.300000000000000000e+01,4.000000000000000000e+00
-1.000000000000000000e+00,1.600000000000000000e+01,1.600000000000000000e+01,6.950000000000000000e+02,2.300000000000000000e+01,6.480000000000000000e+02,8.000000000000000000e+00,1.900000000000000000e+02,6.300000000000000000e+01,4.000000000000000000e+00
-1.000000000000000000e+00,1.600000000000000000e+01,1.600000000000000000e+01,6.960000000000000000e+02,2.300000000000000000e+01,6.640000000000000000e+02,8.000000000000000000e+00,1.310000000000000000e+02,6.300000000000000000e+01,4.000000000000000000e+00
-1.000000000000000000e+00,1.600000000000000000e+01,1.600000000000000000e+01,7.130000000000000000e+02,8.000000000000000000e+00,6.960000000000000000e+02,8.000000000000000000e+00,6.800000000000000000e+01,0.000000000000000000e+00,4.000000000000000000e+00
-1.000000000000000000e+00,1.600000000000000000e+01,1.600000000000000000e+01,7.290000000000000000e+02,8.000000000000000000e+00,7.120000000000000000e+02,8.000000000000000000e+00,6.800000000000000000e+01,0.000000000000000000e+00,4.000000000000000000e+00
-1.000000000000000000e+00,1.600000000000000000e+01,1.600000000000000000e+01,7.530000000000000000e+02,8.000000000000000000e+00,7.280000000000000000e+02,8.000000000000000000e+00,1.000000000000000000e+02,0.000000000000000000e+00,4.000000000000000000e+00
-1.000000000000000000e+00,1.600000000000000000e+01,1.600000000000000000e+01,7.650000000000000000e+02,8.000000000000000000e+00,7.440000000000000000e+02,8.000000000000000000e+00,8.700000000000000000e+01,0.000000000000000000e+00,4.000000000000000000e+00
-1.000000000000000000e+00,1.600000000000000000e+01,1.600000000000000000e+01,7.940000000000000000e+02,8.000000000000000000e+00,7.760000000000000000e+02,8.000000000000000000e+00,7.200000000000000000e+01,0.000000000000000000e+00,4.000000000000000000e+00
-1.000000000000000000e+00,1.600000000000000000e+01,1.600000000000000000e+01,8.110000000000000000e+02,8.000000000000000000e+00,7.920000000000000000e+02,8.000000000000000000e+00,7.900000000000000000e+01,0.000000000000000000e+00,4.000000000000000000e+00
-1.000000000000000000e+00,1.600000000000000000e+01,1.600000000000000000e+01,8.270000000000000000e+02,1.200000000000000000e+01,8.080000000000000000e+02,8.000000000000000000e+00,7.900000000000000000e+01,1.900000000000000000e+01,4.000000000000000000e+00
-1.000000000000000000e+00,1.600000000000000000e+01,1.600000000000000000e+01,8.430000000000000000e+02,1.200000000000000000e+01,8.240000000000000000e+02,8.000000000000000000e+00,7.900000000000000000e+01,1.900000000000000000e+01,4.000000000000000000e+00
-1.000000000000000000e+00,1.600000000000000000e+01,1.600000000000000000e+01,8.600000000000000000e+02,1.200000000000000000e+01,8.400000000000000000e+02,8.000000000000000000e+00,8.100000000000000000e+01,1.900000000000000000e+01,4.000000000000000000e+00
-1.000000000000000000e+00,1.600000000000000000e+01,1.600000000000000000e+01,8.760000000000000000e+02,1.200000000000000000e+01,8.560000000000000000e+02,8.000000000000000000e+00,8.100000000000000000e+01,1.900000000000000000e+01,4.000000000000000000e+00
-1.000000000000000000e+00,1.600000000000000000e+01,1.600000000000000000e+01,8.920000000000000000e+02,1.200000000000000000e+01,8.720000000000000000e+02,8.000000000000000000e+00,8.100000000000000000e+01,1.900000000000000000e+01,4.000000000000000000e+00
-1.000000000000000000e+00,1.600000000000000000e+01,1.600000000000000000e+01,9.070000000000000000e+02,1.400000000000000000e+01,8.880000000000000000e+02,8.000000000000000000e+00,7.900000000000000000e+01,2.600000000000000000e+01,4.000000000000000000e+00
-1.000000000000000000e+00,1.600000000000000000e+01,1.600000000000000000e+01,9.230000000000000000e+02,1.900000000000000000e+01,9.040000000000000000e+02,8.000000000000000000e+00,7.900000000000000000e+01,4.400000000000000000e+01,4.000000000000000000e+00
-1.000000000000000000e+00,1.600000000000000000e+01,1.600000000000000000e+01,9.390000000000000000e+02,1.300000000000000000e+01,9.200000000000000000e+02,8.000000000000000000e+00,7.900000000000000000e+01,2.200000000000000000e+01,4.000000000000000000e+00
-1.000000000000000000e+00,1.600000000000000000e+01,1.600000000000000000e+01,9.520000000000000000e+02,8.000000000000000000e+00,9.520000000000000000e+02,8.000000000000000000e+00,0.000000000000000000e+00,0.000000000000000000e+00,4.000000000000000000e+00
-1.000000000000000000e+00,1.600000000000000000e+01,1.600000000000000000e+01,9.680000000000000000e+02,8.000000000000000000e+00,9.680000000000000000e+02,8.000000000000000000e+00,0.000000000000000000e+00,0.000000000000000000e+00,4.000000000000000000e+00
-1.000000000000000000e+00,1.600000000000000000e+01,1.600000000000000000e+01,9.840000000000000000e+02,8.000000000000000000e+00,9.840000000000000000e+02,8.000000000000000000e+00,0.000000000000000000e+00,0.000000000000000000e+00,4.000000000000000000e+00
-1.000000000000000000e+00,1.600000000000000000e+01,1.600000000000000000e+01,1.016000000000000000e+03,8.000000000000000000e+00,1.016000000000000000e+03,8.000000000000000000e+00,0.000000000000000000e+00,0.000000000000000000e+00,4.000000000000000000e+00
-1.000000000000000000e+00,1.600000000000000000e+01,1.600000000000000000e+01,1.048000000000000000e+03,8.000000000000000000e+00,1.048000000000000000e+03,8.000000000000000000e+00,0.000000000000000000e+00,0.000000000000000000e+00,4.000000000000000000e+00
-1.000000000000000000e+00,1.600000000000000000e+01,1.600000000000000000e+01,1.064000000000000000e+03,8.000000000000000000e+00,1.064000000000000000e+03,8.000000000000000000e+00,0.000000000000000000e+00,0.000000000000000000e+00,4.000000000000000000e+00
-1.000000000000000000e+00,1.600000000000000000e+01,1.600000000000000000e+01,1.139000000000000000e+03,8.000000000000000000e+00,1.080000000000000000e+03,8.000000000000000000e+00,2.360000000000000000e+02,0.000000000000000000e+00,4.000000000000000000e+00
-1.000000000000000000e+00,1.600000000000000000e+01,1.600000000000000000e+01,1.128000000000000000e+03,8.000000000000000000e+00,1.128000000000000000e+03,8.000000000000000000e+00,0.000000000000000000e+00,0.000000000000000000e+00,4.000000000000000000e+00
-1.000000000000000000e+00,1.600000000000000000e+01,1.600000000000000000e+01,1.144000000000000000e+03,8.000000000000000000e+00,1.144000000000000000e+03,8.000000000000000000e+00,0.000000000000000000e+00,0.000000000000000000e+00,4.000000000000000000e+00
-1.000000000000000000e+00,1.600000000000000000e+01,1.600000000000000000e+01,1.160000000000000000e+03,8.000000000000000000e+00,1.160000000000000000e+03,8.000000000000000000e+00,0.000000000000000000e+00,0.000000000000000000e+00,4.000000000000000000e+00
-1.000000000000000000e+00,1.600000000000000000e+01,1.600000000000000000e+01,1.176000000000000000e+03,8.000000000000000000e+00,1.176000000000000000e+03,8.000000000000000000e+00,0.000000000000000000e+00,0.000000000000000000e+00,4.000000000000000000e+00
-1.000000000000000000e+00,1.600000000000000000e+01,1.600000000000000000e+01,1.192000000000000000e+03,8.000000000000000000e+00,1.192000000000000000e+03,8.000000000000000000e+00,0.000000000000000000e+00,0.000000000000000000e+00,4.000000000000000000e+00
-1.000000000000000000e+00,1.600000000000000000e+01,1.600000000000000000e+01,1.208000000000000000e+03,8.000000000000000000e+00,1.208000000000000000e+03,8.000000000000000000e+00,0.000000000000000000e+00,0.000000000000000000e+00,4.000000000000000000e+00
-1.000000000000000000e+00,1.600000000000000000e+01,1.600000000000000000e+01,1.245000000000000000e+03,8.000000000000000000e+00,1.224000000000000000e+03,8.000000000000000000e+00,8.400000000000000000e+01,0.000000000000000000e+00,4.000000000000000000e+00
-1.000000000000000000e+00,1.600000000000000000e+01,1.600000000000000000e+01,1.261000000000000000e+03,8.000000000000000000e+00,1.240000000000000000e+03,8.000000000000000000e+00,8.400000000000000000e+01,0.000000000000000000e+00,4.000000000000000000e+00
-1.000000000000000000e+00,1.600000000000000000e+01,1.600000000000000000e+01,1.277000000000000000e+03,8.000000000000000000e+00,1.256000000000000000e+03,8.000000000000000000e+00,8.400000000000000000e+01,0.000000000000000000e+00,4.000000000000000000e+00
-1.000000000000000000e+00,1.600000000000000000e+01,1.600000000000000000e+01,1.293000000000000000e+03,8.000000000000000000e+00,1.272000000000000000e+03,8.000000000000000000e+00,8.400000000000000000e+01,0.000000000000000000e+00,4.000000000000000000e+00
-1.000000000000000000e+00,1.600000000000000000e+01,1.600000000000000000e+01,4.700000000000000000e+01,3.100000000000000000e+01,8.000000000000000000e+00,2.400000000000000000e+01,1.580000000000000000e+02,2.800000000000000000e+01,4.000000000000000000e+00
-1.000000000000000000e+00,1.600000000000000000e+01,1.600000000000000000e+01,6.300000000000000000e+01,3.200000000000000000e+01,2.400000000000000000e+01,2.400000000000000000e+01,1.580000000000000000e+02,3.400000000000000000e+01,4.000000000000000000e+00
-1.000000000000000000e+00,1.600000000000000000e+01,1.600000000000000000e+01,1.000000000000000000e+02,3.900000000000000000e+01,5.600000000000000000e+01,2.400000000000000000e+01,1.760000000000000000e+02,6.000000000000000000e+01,4.000000000000000000e+00
-1.000000000000000000e+00,1.600000000000000000e+01,1.600000000000000000e+01,1.120000000000000000e+02,3.100000000000000000e+01,7.200000000000000000e+01,2.400000000000000000e+01,1.600000000000000000e+02,2.900000000000000000e+01,4.000000000000000000e+00
-1.000000000000000000e+00,1.600000000000000000e+01,1.600000000000000000e+01,1.280000000000000000e+02,3.000000000000000000e+01,8.800000000000000000e+01,2.400000000000000000e+01,1.600000000000000000e+02,2.500000000000000000e+01,4.000000000000000000e+00
-1.000000000000000000e+00,1.600000000000000000e+01,1.600000000000000000e+01,1.450000000000000000e+02,3.100000000000000000e+01,1.040000000000000000e+02,2.400000000000000000e+01,1.650000000000000000e+02,2.800000000000000000e+01,4.000000000000000000e+00
-1.000000000000000000e+00,1.600000000000000000e+01,1.600000000000000000e+01,1.610000000000000000e+02,3.100000000000000000e+01,1.200000000000000000e+02,2.400000000000000000e+01,1.650000000000000000e+02,2.800000000000000000e+01,4.000000000000000000e+00
-1.000000000000000000e+00,1.600000000000000000e+01,1.600000000000000000e+01,1.770000000000000000e+02,3.000000000000000000e+01,1.360000000000000000e+02,2.400000000000000000e+01,1.650000000000000000e+02,2.600000000000000000e+01,4.000000000000000000e+00
-1.000000000000000000e+00,1.600000000000000000e+01,1.600000000000000000e+01,1.900000000000000000e+02,3.000000000000000000e+01,1.520000000000000000e+02,2.400000000000000000e+01,1.530000000000000000e+02,2.500000000000000000e+01,4.000000000000000000e+00
-1.000000000000000000e+00,1.600000000000000000e+01,1.600000000000000000e+01,2.020000000000000000e+02,3.000000000000000000e+01,1.680000000000000000e+02,2.400000000000000000e+01,1.360000000000000000e+02,2.400000000000000000e+01,4.000000000000000000e+00
-1.000000000000000000e+00,1.600000000000000000e+01,1.600000000000000000e+01,2.180000000000000000e+02,3.000000000000000000e+01,1.840000000000000000e+02,2.400000000000000000e+01,1.360000000000000000e+02,2.400000000000000000e+01,4.000000000000000000e+00
-1.000000000000000000e+00,1.600000000000000000e+01,1.600000000000000000e+01,2.330000000000000000e+02,3.000000000000000000e+01,2.000000000000000000e+02,2.400000000000000000e+01,1.320000000000000000e+02,2.400000000000000000e+01,4.000000000000000000e+00
-1.000000000000000000e+00,1.600000000000000000e+01,1.600000000000000000e+01,2.500000000000000000e+02,3.000000000000000000e+01,2.160000000000000000e+02,2.400000000000000000e+01,1.390000000000000000e+02,2.400000000000000000e+01,4.000000000000000000e+00
-1.000000000000000000e+00,1.600000000000000000e+01,1.600000000000000000e+01,2.690000000000000000e+02,3.000000000000000000e+01,2.320000000000000000e+02,2.400000000000000000e+01,1.500000000000000000e+02,2.400000000000000000e+01,4.000000000000000000e+00
-1.000000000000000000e+00,1.600000000000000000e+01,1.600000000000000000e+01,2.810000000000000000e+02,2.900000000000000000e+01,2.480000000000000000e+02,2.400000000000000000e+01,1.340000000000000000e+02,2.300000000000000000e+01,4.000000000000000000e+00
-1.000000000000000000e+00,1.600000000000000000e+01,1.600000000000000000e+01,3.010000000000000000e+02,3.000000000000000000e+01,2.640000000000000000e+02,2.400000000000000000e+01,1.490000000000000000e+02,2.400000000000000000e+01,4.000000000000000000e+00
-1.000000000000000000e+00,1.600000000000000000e+01,8.000000000000000000e+00,3.170000000000000000e+02,2.600000000000000000e+01,2.800000000000000000e+02,2.000000000000000000e+01,1.480000000000000000e+02,2.400000000000000000e+01,4.000000000000000000e+00
-1.000000000000000000e+00,1.600000000000000000e+01,8.000000000000000000e+00,3.170000000000000000e+02,3.400000000000000000e+01,2.800000000000000000e+02,2.800000000000000000e+01,1.490000000000000000e+02,2.500000000000000000e+01,4.000000000000000000e+00
-1.000000000000000000e+00,1.600000000000000000e+01,1.600000000000000000e+01,3.270000000000000000e+02,2.900000000000000000e+01,2.960000000000000000e+02,2.400000000000000000e+01,1.250000000000000000e+02,2.200000000000000000e+01,4.000000000000000000e+00
-1.000000000000000000e+00,1.600000000000000000e+01,1.600000000000000000e+01,3.430000000000000000e+02,2.900000000000000000e+01,3.120000000000000000e+02,2.400000000000000000e+01,1.270000000000000000e+02,2.200000000000000000e+01,4.000000000000000000e+00
-1.000000000000000000e+00,1.600000000000000000e+01,1.600000000000000000e+01,3.590000000000000000e+02,2.900000000000000000e+01,3.280000000000000000e+02,2.400000000000000000e+01,1.270000000000000000e+02,2.200000000000000000e+01,4.000000000000000000e+00
-1.000000000000000000e+00,1.600000000000000000e+01,8.000000000000000000e+00,3.440000000000000000e+02,2.000000000000000000e+01,3.440000000000000000e+02,2.000000000000000000e+01,0.000000000000000000e+00,0.000000000000000000e+00,4.000000000000000000e+00
-1.000000000000000000e+00,1.600000000000000000e+01,8.000000000000000000e+00,3.750000000000000000e+02,3.300000000000000000e+01,3.440000000000000000e+02,2.800000000000000000e+01,1.270000000000000000e+02,2.200000000000000000e+01,4.000000000000000000e+00
-1.000000000000000000e+00,1.600000000000000000e+01,1.600000000000000000e+01,3.910000000000000000e+02,2.900000000000000000e+01,3.600000000000000000e+02,2.400000000000000000e+01,1.270000000000000000e+02,2.200000000000000000e+01,4.000000000000000000e+00
-1.000000000000000000e+00,1.600000000000000000e+01,1.600000000000000000e+01,4.020000000000000000e+02,2.900000000000000000e+01,3.760000000000000000e+02,2.400000000000000000e+01,1.070000000000000000e+02,2.000000000000000000e+01,4.000000000000000000e+00
-1.000000000000000000e+00,1.600000000000000000e+01,1.600000000000000000e+01,4.190000000000000000e+02,2.900000000000000000e+01,3.920000000000000000e+02,2.400000000000000000e+01,1.090000000000000000e+02,2.000000000000000000e+01,4.000000000000000000e+00
-1.000000000000000000e+00,1.600000000000000000e+01,1.600000000000000000e+01,4.380000000000000000e+02,2.900000000000000000e+01,4.080000000000000000e+02,2.400000000000000000e+01,1.220000000000000000e+02,2.000000000000000000e+01,4.000000000000000000e+00
-1.000000000000000000e+00,1.600000000000000000e+01,1.600000000000000000e+01,4.530000000000000000e+02,2.900000000000000000e+01,4.240000000000000000e+02,2.400000000000000000e+01,1.160000000000000000e+02,2.000000000000000000e+01,4.000000000000000000e+00
-1.000000000000000000e+00,1.600000000000000000e+01,1.600000000000000000e+01,4.690000000000000000e+02,2.800000000000000000e+01,4.400000000000000000e+02,2.400000000000000000e+01,1.160000000000000000e+02,1.900000000000000000e+01,4.000000000000000000e+00
-1.000000000000000000e+00,1.600000000000000000e+01,8.000000000000000000e+00,4.810000000000000000e+02,2.500000000000000000e+01,4.560000000000000000e+02,2.000000000000000000e+01,1.030000000000000000e+02,2.100000000000000000e+01,4.000000000000000000e+00
-1.000000000000000000e+00,1.600000000000000000e+01,8.000000000000000000e+00,4.850000000000000000e+02,3.000000000000000000e+01,4.560000000000000000e+02,2.800000000000000000e+01,1.160000000000000000e+02,8.000000000000000000e+00,4.000000000000000000e+00
-1.000000000000000000e+00,1.600000000000000000e+01,1.600000000000000000e+01,4.970000000000000000e+02,2.700000000000000000e+01,4.720000000000000000e+02,2.400000000000000000e+01,1.010000000000000000e+02,1.500000000000000000e+01,4.000000000000000000e+00
-1.000000000000000000e+00,1.600000000000000000e+01,1.600000000000000000e+01,5.120000000000000000e+02,2.600000000000000000e+01,4.880000000000000000e+02,2.400000000000000000e+01,9.900000000000000000e+01,9.000000000000000000e+00,4.000000000000000000e+00
-1.000000000000000000e+00,1.600000000000000000e+01,1.600000000000000000e+01,5.470000000000000000e+02,2.700000000000000000e+01,5.200000000000000000e+02,2.400000000000000000e+01,1.090000000000000000e+02,1.500000000000000000e+01,4.000000000000000000e+00
-1.000000000000000000e+00,1.600000000000000000e+01,1.600000000000000000e+01,5.630000000000000000e+02,2.700000000000000000e+01,5.360000000000000000e+02,2.400000000000000000e+01,1.090000000000000000e+02,1.500000000000000000e+01,4.000000000000000000e+00
-1.000000000000000000e+00,1.600000000000000000e+01,1.600000000000000000e+01,5.680000000000000000e+02,2.400000000000000000e+01,5.680000000000000000e+02,2.400000000000000000e+01,0.000000000000000000e+00,0.000000000000000000e+00,4.000000000000000000e+00
-1.000000000000000000e+00,1.600000000000000000e+01,1.600000000000000000e+01,6.000000000000000000e+02,2.400000000000000000e+01,6.000000000000000000e+02,2.400000000000000000e+01,0.000000000000000000e+00,0.000000000000000000e+00,4.000000000000000000e+00
-1.000000000000000000e+00,8.000000000000000000e+00,1.600000000000000000e+01,6.120000000000000000e+02,2.400000000000000000e+01,6.120000000000000000e+02,2.400000000000000000e+01,0.000000000000000000e+00,0.000000000000000000e+00,4.000000000000000000e+00
-1.000000000000000000e+00,8.000000000000000000e+00,1.600000000000000000e+01,6.660000000000000000e+02,3.900000000000000000e+01,6.200000000000000000e+02,2.400000000000000000e+01,1.850000000000000000e+02,6.300000000000000000e+01,4.000000000000000000e+00
-1.000000000000000000e+00,1.600000000000000000e+01,1.600000000000000000e+01,6.790000000000000000e+02,3.900000000000000000e+01,6.320000000000000000e+02,2.400000000000000000e+01,1.900000000000000000e+02,6.300000000000000000e+01,4.000000000000000000e+00
-1.000000000000000000e+00,1.600000000000000000e+01,1.600000000000000000e+01,6.950000000000000000e+02,3.300000000000000000e+01,6.480000000000000000e+02,2.400000000000000000e+01,1.900000000000000000e+02,3.900000000000000000e+01,4.000000000000000000e+00
-1.000000000000000000e+00,1.600000000000000000e+01,1.600000000000000000e+01,7.110000000000000000e+02,3.300000000000000000e+01,6.640000000000000000e+02,2.400000000000000000e+01,1.900000000000000000e+02,3.900000000000000000e+01,4.000000000000000000e+00
-1.000000000000000000e+00,1.600000000000000000e+01,1.600000000000000000e+01,6.970000000000000000e+02,2.400000000000000000e+01,6.800000000000000000e+02,2.400000000000000000e+01,6.800000000000000000e+01,0.000000000000000000e+00,4.000000000000000000e+00
-1.000000000000000000e+00,1.600000000000000000e+01,1.600000000000000000e+01,7.290000000000000000e+02,2.400000000000000000e+01,7.120000000000000000e+02,2.400000000000000000e+01,6.800000000000000000e+01,0.000000000000000000e+00,4.000000000000000000e+00
-1.000000000000000000e+00,1.600000000000000000e+01,1.600000000000000000e+01,7.490000000000000000e+02,2.400000000000000000e+01,7.280000000000000000e+02,2.400000000000000000e+01,8.700000000000000000e+01,0.000000000000000000e+00,4.000000000000000000e+00
-1.000000000000000000e+00,1.600000000000000000e+01,1.600000000000000000e+01,7.650000000000000000e+02,2.400000000000000000e+01,7.440000000000000000e+02,2.400000000000000000e+01,8.700000000000000000e+01,0.000000000000000000e+00,4.000000000000000000e+00
-1.000000000000000000e+00,1.600000000000000000e+01,1.600000000000000000e+01,7.780000000000000000e+02,2.400000000000000000e+01,7.600000000000000000e+02,2.400000000000000000e+01,7.200000000000000000e+01,0.000000000000000000e+00,4.000000000000000000e+00
-1.000000000000000000e+00,1.600000000000000000e+01,1.600000000000000000e+01,8.110000000000000000e+02,2.400000000000000000e+01,7.920000000000000000e+02,2.400000000000000000e+01,7.900000000000000000e+01,0.000000000000000000e+00,4.000000000000000000e+00
-1.000000000000000000e+00,1.600000000000000000e+01,1.600000000000000000e+01,8.270000000000000000e+02,2.800000000000000000e+01,8.080000000000000000e+02,2.400000000000000000e+01,7.900000000000000000e+01,1.900000000000000000e+01,4.000000000000000000e+00
-1.000000000000000000e+00,1.600000000000000000e+01,1.600000000000000000e+01,8.430000000000000000e+02,2.800000000000000000e+01,8.240000000000000000e+02,2.400000000000000000e+01,7.900000000000000000e+01,1.900000000000000000e+01,4.000000000000000000e+00
-1.000000000000000000e+00,1.600000000000000000e+01,1.600000000000000000e+01,8.600000000000000000e+02,2.800000000000000000e+01,8.400000000000000000e+02,2.400000000000000000e+01,8.100000000000000000e+01,1.900000000000000000e+01,4.000000000000000000e+00
-1.000000000000000000e+00,1.600000000000000000e+01,1.600000000000000000e+01,8.760000000000000000e+02,2.800000000000000000e+01,8.560000000000000000e+02,2.400000000000000000e+01,8.100000000000000000e+01,1.900000000000000000e+01,4.000000000000000000e+00
-1.000000000000000000e+00,1.600000000000000000e+01,1.600000000000000000e+01,8.860000000000000000e+02,4.100000000000000000e+01,8.720000000000000000e+02,2.400000000000000000e+01,5.700000000000000000e+01,6.800000000000000000e+01,4.000000000000000000e+00
-1.000000000000000000e+00,1.600000000000000000e+01,1.600000000000000000e+01,9.070000000000000000e+02,3.500000000000000000e+01,8.880000000000000000e+02,2.400000000000000000e+01,7.900000000000000000e+01,4.400000000000000000e+01,4.000000000000000000e+00
-1.000000000000000000e+00,1.600000000000000000e+01,1.600000000000000000e+01,9.360000000000000000e+02,2.400000000000000000e+01,9.360000000000000000e+02,2.400000000000000000e+01,0.000000000000000000e+00,0.000000000000000000e+00,4.000000000000000000e+00
-1.000000000000000000e+00,1.600000000000000000e+01,1.600000000000000000e+01,9.520000000000000000e+02,2.400000000000000000e+01,9.520000000000000000e+02,2.400000000000000000e+01,0.000000000000000000e+00,0.000000000000000000e+00,4.000000000000000000e+00
-1.000000000000000000e+00,1.600000000000000000e+01,1.600000000000000000e+01,9.680000000000000000e+02,2.400000000000000000e+01,9.680000000000000000e+02,2.400000000000000000e+01,0.000000000000000000e+00,0.000000000000000000e+00,4.000000000000000000e+00
-1.000000000000000000e+00,1.600000000000000000e+01,1.600000000000000000e+01,9.840000000000000000e+02,2.400000000000000000e+01,9.840000000000000000e+02,2.400000000000000000e+01,0.000000000000000000e+00,0.000000000000000000e+00,4.000000000000000000e+00
-1.000000000000000000e+00,1.600000000000000000e+01,1.600000000000000000e+01,1.000000000000000000e+03,2.400000000000000000e+01,1.000000000000000000e+03,2.400000000000000000e+01,0.000000000000000000e+00,0.000000000000000000e+00,4.000000000000000000e+00
-1.000000000000000000e+00,1.600000000000000000e+01,1.600000000000000000e+01,1.033000000000000000e+03,2.400000000000000000e+01,1.016000000000000000e+03,2.400000000000000000e+01,6.800000000000000000e+01,0.000000000000000000e+00,4.000000000000000000e+00
-1.000000000000000000e+00,1.600000000000000000e+01,1.600000000000000000e+01,1.048000000000000000e+03,2.400000000000000000e+01,1.048000000000000000e+03,2.400000000000000000e+01,0.000000000000000000e+00,0.000000000000000000e+00,4.000000000000000000e+00
-1.000000000000000000e+00,1.600000000000000000e+01,1.600000000000000000e+01,1.096000000000000000e+03,2.400000000000000000e+01,1.096000000000000000e+03,2.400000000000000000e+01,0.000000000000000000e+00,0.000000000000000000e+00,4.000000000000000000e+00
-1.000000000000000000e+00,1.600000000000000000e+01,1.600000000000000000e+01,1.114000000000000000e+03,2.400000000000000000e+01,1.112000000000000000e+03,2.400000000000000000e+01,9.000000000000000000e+00,0.000000000000000000e+00,4.000000000000000000e+00
-1.000000000000000000e+00,1.600000000000000000e+01,1.600000000000000000e+01,1.128000000000000000e+03,2.400000000000000000e+01,1.128000000000000000e+03,2.400000000000000000e+01,0.000000000000000000e+00,0.000000000000000000e+00,4.000000000000000000e+00
-1.000000000000000000e+00,1.600000000000000000e+01,1.600000000000000000e+01,1.144000000000000000e+03,2.400000000000000000e+01,1.144000000000000000e+03,2.400000000000000000e+01,0.000000000000000000e+00,0.000000000000000000e+00,4.000000000000000000e+00
-1.000000000000000000e+00,1.600000000000000000e+01,1.600000000000000000e+01,1.160000000000000000e+03,2.400000000000000000e+01,1.160000000000000000e+03,2.400000000000000000e+01,0.000000000000000000e+00,0.000000000000000000e+00,4.000000000000000000e+00
-1.000000000000000000e+00,1.600000000000000000e+01,1.600000000000000000e+01,1.176000000000000000e+03,2.400000000000000000e+01,1.176000000000000000e+03,2.400000000000000000e+01,0.000000000000000000e+00,0.000000000000000000e+00,4.000000000000000000e+00
-1.000000000000000000e+00,1.600000000000000000e+01,1.600000000000000000e+01,1.192000000000000000e+03,2.400000000000000000e+01,1.192000000000000000e+03,2.400000000000000000e+01,0.000000000000000000e+00,0.000000000000000000e+00,4.000000000000000000e+00
-1.000000000000000000e+00,1.600000000000000000e+01,1.600000000000000000e+01,1.225000000000000000e+03,2.400000000000000000e+01,1.208000000000000000e+03,2.400000000000000000e+01,6.800000000000000000e+01,0.000000000000000000e+00,4.000000000000000000e+00
-1.000000000000000000e+00,1.600000000000000000e+01,1.600000000000000000e+01,4.700000000000000000e+01,4.700000000000000000e+01,8.000000000000000000e+00,4.000000000000000000e+01,1.580000000000000000e+02,2.800000000000000000e+01,4.000000000000000000e+00
-1.000000000000000000e+00,1.600000000000000000e+01,1.600000000000000000e+01,6.300000000000000000e+01,4.700000000000000000e+01,2.400000000000000000e+01,4.000000000000000000e+01,1.580000000000000000e+02,2.800000000000000000e+01,4.000000000000000000e+00
-1.000000000000000000e+00,1.600000000000000000e+01,1.600000000000000000e+01,9.600000000000000000e+01,4.700000000000000000e+01,5.600000000000000000e+01,4.000000000000000000e+01,1.600000000000000000e+02,2.900000000000000000e+01,4.000000000000000000e+00
-1.000000000000000000e+00,1.600000000000000000e+01,1.600000000000000000e+01,1.120000000000000000e+02,4.700000000000000000e+01,7.200000000000000000e+01,4.000000000000000000e+01,1.600000000000000000e+02,2.900000000000000000e+01,4.000000000000000000e+00
-1.000000000000000000e+00,1.600000000000000000e+01,1.600000000000000000e+01,1.280000000000000000e+02,4.700000000000000000e+01,8.800000000000000000e+01,4.000000000000000000e+01,1.600000000000000000e+02,2.800000000000000000e+01,4.000000000000000000e+00
-1.000000000000000000e+00,1.600000000000000000e+01,1.600000000000000000e+01,1.450000000000000000e+02,4.700000000000000000e+01,1.040000000000000000e+02,4.000000000000000000e+01,1.650000000000000000e+02,2.800000000000000000e+01,4.000000000000000000e+00
-1.000000000000000000e+00,1.600000000000000000e+01,1.600000000000000000e+01,1.610000000000000000e+02,4.700000000000000000e+01,1.200000000000000000e+02,4.000000000000000000e+01,1.650000000000000000e+02,2.800000000000000000e+01,4.000000000000000000e+00
-1.000000000000000000e+00,1.600000000000000000e+01,1.600000000000000000e+01,1.770000000000000000e+02,4.600000000000000000e+01,1.360000000000000000e+02,4.000000000000000000e+01,1.650000000000000000e+02,2.600000000000000000e+01,4.000000000000000000e+00
-1.000000000000000000e+00,1.600000000000000000e+01,1.600000000000000000e+01,1.900000000000000000e+02,4.600000000000000000e+01,1.520000000000000000e+02,4.000000000000000000e+01,1.530000000000000000e+02,2.500000000000000000e+01,4.000000000000000000e+00
-1.000000000000000000e+00,1.600000000000000000e+01,1.600000000000000000e+01,2.100000000000000000e+02,4.600000000000000000e+01,1.680000000000000000e+02,4.000000000000000000e+01,1.710000000000000000e+02,2.400000000000000000e+01,4.000000000000000000e+00
-1.000000000000000000e+00,1.600000000000000000e+01,1.600000000000000000e+01,2.180000000000000000e+02,4.600000000000000000e+01,1.840000000000000000e+02,4.000000000000000000e+01,1.360000000000000000e+02,2.400000000000000000e+01,4.000000000000000000e+00
-1.000000000000000000e+00,1.600000000000000000e+01,1.600000000000000000e+01,2.340000000000000000e+02,4.600000000000000000e+01,2.000000000000000000e+02,4.000000000000000000e+01,1.360000000000000000e+02,2.400000000000000000e+01,4.000000000000000000e+00
-1.000000000000000000e+00,1.600000000000000000e+01,1.600000000000000000e+01,2.500000000000000000e+02,4.600000000000000000e+01,2.160000000000000000e+02,4.000000000000000000e+01,1.390000000000000000e+02,2.400000000000000000e+01,4.000000000000000000e+00
-1.000000000000000000e+00,1.600000000000000000e+01,1.600000000000000000e+01,2.660000000000000000e+02,4.600000000000000000e+01,2.320000000000000000e+02,4.000000000000000000e+01,1.390000000000000000e+02,2.400000000000000000e+01,4.000000000000000000e+00
-1.000000000000000000e+00,1.600000000000000000e+01,1.600000000000000000e+01,3.440000000000000000e+02,5.000000000000000000e+01,3.120000000000000000e+02,4.000000000000000000e+01,1.280000000000000000e+02,4.000000000000000000e+01,4.000000000000000000e+00
-1.000000000000000000e+00,1.600000000000000000e+01,1.600000000000000000e+01,3.750000000000000000e+02,5.600000000000000000e+01,3.440000000000000000e+02,4.000000000000000000e+01,1.240000000000000000e+02,6.400000000000000000e+01,4.000000000000000000e+00
-1.000000000000000000e+00,1.600000000000000000e+01,1.600000000000000000e+01,4.020000000000000000e+02,4.500000000000000000e+01,3.760000000000000000e+02,4.000000000000000000e+01,1.070000000000000000e+02,2.000000000000000000e+01,4.000000000000000000e+00
-1.000000000000000000e+00,1.600000000000000000e+01,1.600000000000000000e+01,4.190000000000000000e+02,4.800000000000000000e+01,3.920000000000000000e+02,4.000000000000000000e+01,1.090000000000000000e+02,3.200000000000000000e+01,4.000000000000000000e+00
-1.000000000000000000e+00,1.600000000000000000e+01,1.600000000000000000e+01,4.370000000000000000e+02,4.500000000000000000e+01,4.080000000000000000e+02,4.000000000000000000e+01,1.160000000000000000e+02,2.000000000000000000e+01,4.000000000000000000e+00
-1.000000000000000000e+00,1.600000000000000000e+01,1.600000000000000000e+01,4.510000000000000000e+02,4.500000000000000000e+01,4.240000000000000000e+02,4.000000000000000000e+01,1.100000000000000000e+02,2.000000000000000000e+01,4.000000000000000000e+00
-1.000000000000000000e+00,1.600000000000000000e+01,1.600000000000000000e+01,4.700000000000000000e+02,4.500000000000000000e+01,4.400000000000000000e+02,4.000000000000000000e+01,1.220000000000000000e+02,2.000000000000000000e+01,4.000000000000000000e+00
-1.000000000000000000e+00,1.600000000000000000e+01,1.600000000000000000e+01,4.840000000000000000e+02,4.500000000000000000e+01,4.560000000000000000e+02,4.000000000000000000e+01,1.130000000000000000e+02,2.000000000000000000e+01,4.000000000000000000e+00
-1.000000000000000000e+00,1.600000000000000000e+01,8.000000000000000000e+00,4.970000000000000000e+02,4.000000000000000000e+01,4.720000000000000000e+02,3.600000000000000000e+01,1.010000000000000000e+02,1.900000000000000000e+01,4.000000000000000000e+00
-1.000000000000000000e+00,1.600000000000000000e+01,8.000000000000000000e+00,5.000000000000000000e+02,4.900000000000000000e+01,4.720000000000000000e+02,4.400000000000000000e+01,1.130000000000000000e+02,2.000000000000000000e+01,4.000000000000000000e+00
-1.000000000000000000e+00,1.600000000000000000e+01,1.600000000000000000e+01,5.140000000000000000e+02,4.400000000000000000e+01,4.880000000000000000e+02,4.000000000000000000e+01,1.060000000000000000e+02,1.800000000000000000e+01,4.000000000000000000e+00
-1.000000000000000000e+00,1.600000000000000000e+01,1.600000000000000000e+01,5.300000000000000000e+02,4.400000000000000000e+01,5.040000000000000000e+02,4.000000000000000000e+01,1.060000000000000000e+02,1.900000000000000000e+01,4.000000000000000000e+00
-1.000000000000000000e+00,1.600000000000000000e+01,1.600000000000000000e+01,5.440000000000000000e+02,4.400000000000000000e+01,5.200000000000000000e+02,4.000000000000000000e+01,9.900000000000000000e+01,1.800000000000000000e+01,4.000000000000000000e+00
-1.000000000000000000e+00,1.600000000000000000e+01,1.600000000000000000e+01,5.680000000000000000e+02,4.000000000000000000e+01,5.680000000000000000e+02,4.000000000000000000e+01,0.000000000000000000e+00,0.000000000000000000e+00,4.000000000000000000e+00
-1.000000000000000000e+00,1.600000000000000000e+01,1.600000000000000000e+01,5.840000000000000000e+02,4.000000000000000000e+01,5.840000000000000000e+02,4.000000000000000000e+01,0.000000000000000000e+00,0.000000000000000000e+00,4.000000000000000000e+00
-1.000000000000000000e+00,1.600000000000000000e+01,1.600000000000000000e+01,5.970000000000000000e+02,3.100000000000000000e+01,6.000000000000000000e+02,4.000000000000000000e+01,-1.500000000000000000e+01,-3.600000000000000000e+01,4.000000000000000000e+00
-1.000000000000000000e+00,1.600000000000000000e+01,1.600000000000000000e+01,6.970000000000000000e+02,4.000000000000000000e+01,6.800000000000000000e+02,4.000000000000000000e+01,6.800000000000000000e+01,0.000000000000000000e+00,4.000000000000000000e+00
-1.000000000000000000e+00,1.600000000000000000e+01,1.600000000000000000e+01,7.200000000000000000e+02,4.000000000000000000e+01,6.960000000000000000e+02,4.000000000000000000e+01,9.600000000000000000e+01,0.000000000000000000e+00,4.000000000000000000e+00
-1.000000000000000000e+00,1.600000000000000000e+01,1.600000000000000000e+01,7.490000000000000000e+02,4.000000000000000000e+01,7.280000000000000000e+02,4.000000000000000000e+01,8.700000000000000000e+01,0.000000000000000000e+00,4.000000000000000000e+00
-1.000000000000000000e+00,1.600000000000000000e+01,1.600000000000000000e+01,7.650000000000000000e+02,4.000000000000000000e+01,7.440000000000000000e+02,4.000000000000000000e+01,8.700000000000000000e+01,0.000000000000000000e+00,4.000000000000000000e+00
-1.000000000000000000e+00,1.600000000000000000e+01,1.600000000000000000e+01,7.780000000000000000e+02,4.000000000000000000e+01,7.600000000000000000e+02,4.000000000000000000e+01,7.200000000000000000e+01,0.000000000000000000e+00,4.000000000000000000e+00
-1.000000000000000000e+00,1.600000000000000000e+01,1.600000000000000000e+01,7.940000000000000000e+02,5.400000000000000000e+01,7.760000000000000000e+02,4.000000000000000000e+01,7.200000000000000000e+01,5.600000000000000000e+01,4.000000000000000000e+00
-1.000000000000000000e+00,1.600000000000000000e+01,1.600000000000000000e+01,8.110000000000000000e+02,4.400000000000000000e+01,7.920000000000000000e+02,4.000000000000000000e+01,7.900000000000000000e+01,1.900000000000000000e+01,4.000000000000000000e+00
-1.000000000000000000e+00,1.600000000000000000e+01,1.600000000000000000e+01,8.270000000000000000e+02,4.400000000000000000e+01,8.080000000000000000e+02,4.000000000000000000e+01,7.900000000000000000e+01,1.900000000000000000e+01,4.000000000000000000e+00
-1.000000000000000000e+00,1.600000000000000000e+01,1.600000000000000000e+01,8.600000000000000000e+02,4.200000000000000000e+01,8.400000000000000000e+02,4.000000000000000000e+01,8.100000000000000000e+01,1.100000000000000000e+01,4.000000000000000000e+00
-1.000000000000000000e+00,1.600000000000000000e+01,1.600000000000000000e+01,8.740000000000000000e+02,4.000000000000000000e+01,8.560000000000000000e+02,4.000000000000000000e+01,7.500000000000000000e+01,0.000000000000000000e+00,4.000000000000000000e+00
-1.000000000000000000e+00,1.600000000000000000e+01,1.600000000000000000e+01,1.022000000000000000e+03,5.400000000000000000e+01,9.360000000000000000e+02,4.000000000000000000e+01,3.440000000000000000e+02,5.600000000000000000e+01,4.000000000000000000e+00
-1.000000000000000000e+00,1.600000000000000000e+01,1.600000000000000000e+01,9.520000000000000000e+02,4.000000000000000000e+01,9.520000000000000000e+02,4.000000000000000000e+01,0.000000000000000000e+00,0.000000000000000000e+00,4.000000000000000000e+00
-1.000000000000000000e+00,1.600000000000000000e+01,1.600000000000000000e+01,1.070000000000000000e+03,5.500000000000000000e+01,9.840000000000000000e+02,4.000000000000000000e+01,3.470000000000000000e+02,6.000000000000000000e+01,4.000000000000000000e+00
-1.000000000000000000e+00,1.600000000000000000e+01,1.600000000000000000e+01,1.018000000000000000e+03,4.400000000000000000e+01,1.000000000000000000e+03,4.000000000000000000e+01,7.200000000000000000e+01,1.600000000000000000e+01,4.000000000000000000e+00
-1.000000000000000000e+00,1.600000000000000000e+01,8.000000000000000000e+00,1.033000000000000000e+03,3.600000000000000000e+01,1.016000000000000000e+03,3.600000000000000000e+01,6.800000000000000000e+01,0.000000000000000000e+00,4.000000000000000000e+00
-1.000000000000000000e+00,1.600000000000000000e+01,8.000000000000000000e+00,1.032000000000000000e+03,5.000000000000000000e+01,1.016000000000000000e+03,4.400000000000000000e+01,6.600000000000000000e+01,2.400000000000000000e+01,4.000000000000000000e+00
-1.000000000000000000e+00,1.600000000000000000e+01,1.600000000000000000e+01,1.049000000000000000e+03,4.400000000000000000e+01,1.032000000000000000e+03,4.000000000000000000e+01,7.100000000000000000e+01,1.600000000000000000e+01,4.000000000000000000e+00
-1.000000000000000000e+00,1.600000000000000000e+01,1.600000000000000000e+01,1.065000000000000000e+03,4.300000000000000000e+01,1.048000000000000000e+03,4.000000000000000000e+01,6.800000000000000000e+01,1.400000000000000000e+01,4.000000000000000000e+00
-1.000000000000000000e+00,1.600000000000000000e+01,1.600000000000000000e+01,1.080000000000000000e+03,4.400000000000000000e+01,1.064000000000000000e+03,4.000000000000000000e+01,6.700000000000000000e+01,1.600000000000000000e+01,4.000000000000000000e+00
-1.000000000000000000e+00,8.000000000000000000e+00,1.600000000000000000e+01,1.092000000000000000e+03,4.400000000000000000e+01,1.076000000000000000e+03,4.000000000000000000e+01,6.700000000000000000e+01,1.600000000000000000e+01,4.000000000000000000e+00
-1.000000000000000000e+00,8.000000000000000000e+00,1.600000000000000000e+01,1.100000000000000000e+03,4.000000000000000000e+01,1.084000000000000000e+03,4.000000000000000000e+01,6.400000000000000000e+01,0.000000000000000000e+00,4.000000000000000000e+00
-1.000000000000000000e+00,1.600000000000000000e+01,1.600000000000000000e+01,1.098000000000000000e+03,3.800000000000000000e+01,1.096000000000000000e+03,4.000000000000000000e+01,9.000000000000000000e+00,-8.000000000000000000e+00,4.000000000000000000e+00
-1.000000000000000000e+00,1.600000000000000000e+01,1.600000000000000000e+01,1.128000000000000000e+03,4.000000000000000000e+01,1.128000000000000000e+03,4.000000000000000000e+01,0.000000000000000000e+00,0.000000000000000000e+00,4.000000000000000000e+00
-1.000000000000000000e+00,1.600000000000000000e+01,1.600000000000000000e+01,1.160000000000000000e+03,4.300000000000000000e+01,1.144000000000000000e+03,4.000000000000000000e+01,6.400000000000000000e+01,1.500000000000000000e+01,4.000000000000000000e+00
-1.000000000000000000e+00,8.000000000000000000e+00,1.600000000000000000e+01,1.172000000000000000e+03,4.400000000000000000e+01,1.156000000000000000e+03,4.000000000000000000e+01,6.400000000000000000e+01,1.600000000000000000e+01,4.000000000000000000e+00
-1.000000000000000000e+00,8.000000000000000000e+00,1.600000000000000000e+01,1.180000000000000000e+03,4.000000000000000000e+01,1.164000000000000000e+03,4.000000000000000000e+01,6.400000000000000000e+01,0.000000000000000000e+00,4.000000000000000000e+00
-1.000000000000000000e+00,1.600000000000000000e+01,1.600000000000000000e+01,1.207000000000000000e+03,4.300000000000000000e+01,1.192000000000000000e+03,4.000000000000000000e+01,6.100000000000000000e+01,1.500000000000000000e+01,4.000000000000000000e+00
-1.000000000000000000e+00,8.000000000000000000e+00,1.600000000000000000e+01,1.219000000000000000e+03,4.300000000000000000e+01,1.204000000000000000e+03,4.000000000000000000e+01,6.100000000000000000e+01,1.400000000000000000e+01,4.000000000000000000e+00
-1.000000000000000000e+00,8.000000000000000000e+00,1.600000000000000000e+01,1.228000000000000000e+03,4.300000000000000000e+01,1.212000000000000000e+03,4.000000000000000000e+01,6.500000000000000000e+01,1.400000000000000000e+01,4.000000000000000000e+00
-1.000000000000000000e+00,1.600000000000000000e+01,1.600000000000000000e+01,1.239000000000000000e+03,4.300000000000000000e+01,1.224000000000000000e+03,4.000000000000000000e+01,6.200000000000000000e+01,1.500000000000000000e+01,4.000000000000000000e+00
-1.000000000000000000e+00,1.600000000000000000e+01,1.600000000000000000e+01,1.253000000000000000e+03,4.500000000000000000e+01,1.240000000000000000e+03,4.000000000000000000e+01,5.200000000000000000e+01,2.000000000000000000e+01,4.000000000000000000e+00
-1.000000000000000000e+00,1.600000000000000000e+01,1.600000000000000000e+01,1.272000000000000000e+03,4.000000000000000000e+01,1.272000000000000000e+03,4.000000000000000000e+01,0.000000000000000000e+00,0.000000000000000000e+00,4.000000000000000000e+00
-1.000000000000000000e+00,1.600000000000000000e+01,1.600000000000000000e+01,4.800000000000000000e+01,6.100000000000000000e+01,8.000000000000000000e+00,5.600000000000000000e+01,1.620000000000000000e+02,2.300000000000000000e+01,4.000000000000000000e+00
-1.000000000000000000e+00,1.600000000000000000e+01,1.600000000000000000e+01,6.400000000000000000e+01,6.200000000000000000e+01,2.400000000000000000e+01,5.600000000000000000e+01,1.610000000000000000e+02,2.400000000000000000e+01,4.000000000000000000e+00
-1.000000000000000000e+00,1.600000000000000000e+01,1.600000000000000000e+01,8.000000000000000000e+01,6.200000000000000000e+01,4.000000000000000000e+01,5.600000000000000000e+01,1.600000000000000000e+02,2.400000000000000000e+01,4.000000000000000000e+00
-1.000000000000000000e+00,1.600000000000000000e+01,1.600000000000000000e+01,1.000000000000000000e+02,6.200000000000000000e+01,5.600000000000000000e+01,5.600000000000000000e+01,1.760000000000000000e+02,2.400000000000000000e+01,4.000000000000000000e+00
-1.000000000000000000e+00,1.600000000000000000e+01,1.600000000000000000e+01,1.170000000000000000e+02,6.200000000000000000e+01,7.200000000000000000e+01,5.600000000000000000e+01,1.810000000000000000e+02,2.400000000000000000e+01,4.000000000000000000e+00
-1.000000000000000000e+00,1.600000000000000000e+01,1.600000000000000000e+01,1.250000000000000000e+02,6.100000000000000000e+01,8.800000000000000000e+01,5.600000000000000000e+01,1.490000000000000000e+02,2.200000000000000000e+01,4.000000000000000000e+00
-1.000000000000000000e+00,1.600000000000000000e+01,1.600000000000000000e+01,1.450000000000000000e+02,6.100000000000000000e+01,1.040000000000000000e+02,5.600000000000000000e+01,1.650000000000000000e+02,2.200000000000000000e+01,4.000000000000000000e+00
-1.000000000000000000e+00,1.600000000000000000e+01,1.600000000000000000e+01,1.610000000000000000e+02,5.700000000000000000e+01,1.200000000000000000e+02,5.600000000000000000e+01,1.650000000000000000e+02,6.000000000000000000e+00,4.000000000000000000e+00
-1.000000000000000000e+00,1.600000000000000000e+01,1.600000000000000000e+01,2.640000000000000000e+02,5.600000000000000000e+01,2.640000000000000000e+02,5.600000000000000000e+01,0.000000000000000000e+00,0.000000000000000000e+00,4.000000000000000000e+00
-1.000000000000000000e+00,1.600000000000000000e+01,1.600000000000000000e+01,3.440000000000000000e+02,6.600000000000000000e+01,3.120000000000000000e+02,5.600000000000000000e+01,1.280000000000000000e+02,4.000000000000000000e+01,4.000000000000000000e+00
-1.000000000000000000e+00,1.600000000000000000e+01,1.600000000000000000e+01,4.020000000000000000e+02,6.100000000000000000e+01,3.760000000000000000e+02,5.600000000000000000e+01,1.070000000000000000e+02,2.000000000000000000e+01,4.000000000000000000e+00
-1.000000000000000000e+00,1.600000000000000000e+01,1.600000000000000000e+01,4.190000000000000000e+02,6.100000000000000000e+01,3.920000000000000000e+02,5.600000000000000000e+01,1.090000000000000000e+02,2.000000000000000000e+01,4.000000000000000000e+00
-1.000000000000000000e+00,1.600000000000000000e+01,1.600000000000000000e+01,4.510000000000000000e+02,6.100000000000000000e+01,4.240000000000000000e+02,5.600000000000000000e+01,1.100000000000000000e+02,2.000000000000000000e+01,4.000000000000000000e+00
-1.000000000000000000e+00,1.600000000000000000e+01,1.600000000000000000e+01,4.980000000000000000e+02,6.000000000000000000e+01,4.720000000000000000e+02,5.600000000000000000e+01,1.060000000000000000e+02,1.800000000000000000e+01,4.000000000000000000e+00
-1.000000000000000000e+00,1.600000000000000000e+01,1.600000000000000000e+01,5.140000000000000000e+02,6.000000000000000000e+01,4.880000000000000000e+02,5.600000000000000000e+01,1.060000000000000000e+02,1.800000000000000000e+01,4.000000000000000000e+00
-1.000000000000000000e+00,1.600000000000000000e+01,1.600000000000000000e+01,5.290000000000000000e+02,6.100000000000000000e+01,5.040000000000000000e+02,5.600000000000000000e+01,1.030000000000000000e+02,2.300000000000000000e+01,4.000000000000000000e+00
-1.000000000000000000e+00,1.600000000000000000e+01,1.600000000000000000e+01,5.450000000000000000e+02,6.000000000000000000e+01,5.200000000000000000e+02,5.600000000000000000e+01,1.000000000000000000e+02,1.700000000000000000e+01,4.000000000000000000e+00
-1.000000000000000000e+00,1.600000000000000000e+01,1.600000000000000000e+01,5.610000000000000000e+02,6.000000000000000000e+01,5.360000000000000000e+02,5.600000000000000000e+01,1.000000000000000000e+02,1.700000000000000000e+01,4.000000000000000000e+00
-1.000000000000000000e+00,1.600000000000000000e+01,1.600000000000000000e+01,5.730000000000000000e+02,6.000000000000000000e+01,5.520000000000000000e+02,5.600000000000000000e+01,8.400000000000000000e+01,1.600000000000000000e+01,4.000000000000000000e+00
-1.000000000000000000e+00,1.600000000000000000e+01,1.600000000000000000e+01,5.880000000000000000e+02,6.000000000000000000e+01,5.680000000000000000e+02,5.600000000000000000e+01,8.000000000000000000e+01,1.600000000000000000e+01,4.000000000000000000e+00
-1.000000000000000000e+00,1.600000000000000000e+01,1.600000000000000000e+01,6.060000000000000000e+02,6.000000000000000000e+01,5.840000000000000000e+02,5.600000000000000000e+01,9.000000000000000000e+01,1.600000000000000000e+01,4.000000000000000000e+00
-1.000000000000000000e+00,1.600000000000000000e+01,1.600000000000000000e+01,6.220000000000000000e+02,6.000000000000000000e+01,6.000000000000000000e+02,5.600000000000000000e+01,9.100000000000000000e+01,1.600000000000000000e+01,4.000000000000000000e+00
-1.000000000000000000e+00,1.600000000000000000e+01,1.600000000000000000e+01,6.380000000000000000e+02,6.000000000000000000e+01,6.160000000000000000e+02,5.600000000000000000e+01,9.100000000000000000e+01,1.600000000000000000e+01,4.000000000000000000e+00
-1.000000000000000000e+00,1.600000000000000000e+01,1.600000000000000000e+01,6.550000000000000000e+02,6.000000000000000000e+01,6.320000000000000000e+02,5.600000000000000000e+01,9.300000000000000000e+01,1.700000000000000000e+01,4.000000000000000000e+00
-1.000000000000000000e+00,1.600000000000000000e+01,1.600000000000000000e+01,6.700000000000000000e+02,6.000000000000000000e+01,6.480000000000000000e+02,5.600000000000000000e+01,8.900000000000000000e+01,1.700000000000000000e+01,4.000000000000000000e+00
-1.000000000000000000e+00,1.600000000000000000e+01,1.600000000000000000e+01,6.860000000000000000e+02,5.900000000000000000e+01,6.640000000000000000e+02,5.600000000000000000e+01,9.100000000000000000e+01,1.500000000000000000e+01,4.000000000000000000e+00
-1.000000000000000000e+00,1.600000000000000000e+01,1.600000000000000000e+01,7.020000000000000000e+02,5.600000000000000000e+01,6.800000000000000000e+02,5.600000000000000000e+01,9.100000000000000000e+01,0.000000000000000000e+00,4.000000000000000000e+00
-1.000000000000000000e+00,1.600000000000000000e+01,1.600000000000000000e+01,7.180000000000000000e+02,5.600000000000000000e+01,6.960000000000000000e+02,5.600000000000000000e+01,9.100000000000000000e+01,0.000000000000000000e+00,4.000000000000000000e+00
-1.000000000000000000e+00,1.600000000000000000e+01,1.600000000000000000e+01,7.360000000000000000e+02,5.600000000000000000e+01,7.120000000000000000e+02,5.600000000000000000e+01,9.600000000000000000e+01,0.000000000000000000e+00,4.000000000000000000e+00
-1.000000000000000000e+00,1.600000000000000000e+01,1.600000000000000000e+01,7.520000000000000000e+02,5.600000000000000000e+01,7.280000000000000000e+02,5.600000000000000000e+01,9.600000000000000000e+01,0.000000000000000000e+00,4.000000000000000000e+00
-1.000000000000000000e+00,1.600000000000000000e+01,1.600000000000000000e+01,7.650000000000000000e+02,5.600000000000000000e+01,7.440000000000000000e+02,5.600000000000000000e+01,8.700000000000000000e+01,0.000000000000000000e+00,4.000000000000000000e+00
-1.000000000000000000e+00,1.600000000000000000e+01,1.600000000000000000e+01,7.830000000000000000e+02,5.600000000000000000e+01,7.600000000000000000e+02,5.600000000000000000e+01,9.200000000000000000e+01,0.000000000000000000e+00,4.000000000000000000e+00
-1.000000000000000000e+00,1.600000000000000000e+01,1.600000000000000000e+01,7.960000000000000000e+02,5.900000000000000000e+01,7.760000000000000000e+02,5.600000000000000000e+01,8.000000000000000000e+01,1.300000000000000000e+01,4.000000000000000000e+00
-1.000000000000000000e+00,8.000000000000000000e+00,1.600000000000000000e+01,8.070000000000000000e+02,5.900000000000000000e+01,7.880000000000000000e+02,5.600000000000000000e+01,7.800000000000000000e+01,1.400000000000000000e+01,4.000000000000000000e+00
-1.000000000000000000e+00,8.000000000000000000e+00,1.600000000000000000e+01,8.160000000000000000e+02,5.900000000000000000e+01,7.960000000000000000e+02,5.600000000000000000e+01,8.000000000000000000e+01,1.500000000000000000e+01,4.000000000000000000e+00
-1.000000000000000000e+00,1.600000000000000000e+01,1.600000000000000000e+01,8.270000000000000000e+02,5.900000000000000000e+01,8.080000000000000000e+02,5.600000000000000000e+01,7.900000000000000000e+01,1.500000000000000000e+01,4.000000000000000000e+00
-1.000000000000000000e+00,1.600000000000000000e+01,8.000000000000000000e+00,8.430000000000000000e+02,5.400000000000000000e+01,8.240000000000000000e+02,5.200000000000000000e+01,7.600000000000000000e+01,1.100000000000000000e+01,4.000000000000000000e+00
-1.000000000000000000e+00,1.600000000000000000e+01,8.000000000000000000e+00,8.430000000000000000e+02,6.300000000000000000e+01,8.240000000000000000e+02,6.000000000000000000e+01,7.900000000000000000e+01,1.500000000000000000e+01,4.000000000000000000e+00
-1.000000000000000000e+00,1.600000000000000000e+01,1.600000000000000000e+01,8.590000000000000000e+02,6.000000000000000000e+01,8.400000000000000000e+02,5.600000000000000000e+01,7.900000000000000000e+01,1.600000000000000000e+01,4.000000000000000000e+00
-1.000000000000000000e+00,1.600000000000000000e+01,1.600000000000000000e+01,8.750000000000000000e+02,5.900000000000000000e+01,8.560000000000000000e+02,5.600000000000000000e+01,7.700000000000000000e+01,1.400000000000000000e+01,4.000000000000000000e+00
-1.000000000000000000e+00,1.600000000000000000e+01,1.600000000000000000e+01,8.910000000000000000e+02,6.000000000000000000e+01,8.720000000000000000e+02,5.600000000000000000e+01,7.800000000000000000e+01,1.600000000000000000e+01,4.000000000000000000e+00
-1.000000000000000000e+00,1.600000000000000000e+01,1.600000000000000000e+01,9.080000000000000000e+02,5.900000000000000000e+01,8.880000000000000000e+02,5.600000000000000000e+01,8.100000000000000000e+01,1.400000000000000000e+01,4.000000000000000000e+00
-1.000000000000000000e+00,1.600000000000000000e+01,1.600000000000000000e+01,9.240000000000000000e+02,5.900000000000000000e+01,9.040000000000000000e+02,5.600000000000000000e+01,8.100000000000000000e+01,1.400000000000000000e+01,4.000000000000000000e+00
-1.000000000000000000e+00,1.600000000000000000e+01,1.600000000000000000e+01,9.380000000000000000e+02,6.000000000000000000e+01,9.200000000000000000e+02,5.600000000000000000e+01,7.200000000000000000e+01,1.600000000000000000e+01,4.000000000000000000e+00
-1.000000000000000000e+00,1.600000000000000000e+01,1.600000000000000000e+01,9.540000000000000000e+02,6.000000000000000000e+01,9.360000000000000000e+02,5.600000000000000000e+01,7.400000000000000000e+01,1.600000000000000000e+01,4.000000000000000000e+00
-1.000000000000000000e+00,1.600000000000000000e+01,1.600000000000000000e+01,9.690000000000000000e+02,5.900000000000000000e+01,9.520000000000000000e+02,5.600000000000000000e+01,7.100000000000000000e+01,1.500000000000000000e+01,4.000000000000000000e+00
-1.000000000000000000e+00,1.600000000000000000e+01,1.600000000000000000e+01,9.860000000000000000e+02,5.900000000000000000e+01,9.680000000000000000e+02,5.600000000000000000e+01,7.400000000000000000e+01,1.500000000000000000e+01,4.000000000000000000e+00
-1.000000000000000000e+00,8.000000000000000000e+00,1.600000000000000000e+01,9.970000000000000000e+02,5.800000000000000000e+01,9.800000000000000000e+02,5.600000000000000000e+01,7.100000000000000000e+01,1.000000000000000000e+01,4.000000000000000000e+00
-1.000000000000000000e+00,8.000000000000000000e+00,1.600000000000000000e+01,1.005000000000000000e+03,5.900000000000000000e+01,9.880000000000000000e+02,5.600000000000000000e+01,6.800000000000000000e+01,1.400000000000000000e+01,4.000000000000000000e+00
-1.000000000000000000e+00,1.600000000000000000e+01,8.000000000000000000e+00,1.017000000000000000e+03,5.500000000000000000e+01,1.000000000000000000e+03,5.200000000000000000e+01,7.000000000000000000e+01,1.500000000000000000e+01,4.000000000000000000e+00
-1.000000000000000000e+00,1.600000000000000000e+01,8.000000000000000000e+00,1.017000000000000000e+03,6.300000000000000000e+01,1.000000000000000000e+03,6.000000000000000000e+01,6.800000000000000000e+01,1.500000000000000000e+01,4.000000000000000000e+00
-1.000000000000000000e+00,8.000000000000000000e+00,1.600000000000000000e+01,1.030000000000000000e+03,5.900000000000000000e+01,1.012000000000000000e+03,5.600000000000000000e+01,7.300000000000000000e+01,1.500000000000000000e+01,4.000000000000000000e+00
-1.000000000000000000e+00,8.000000000000000000e+00,1.600000000000000000e+01,1.037000000000000000e+03,6.000000000000000000e+01,1.020000000000000000e+03,5.600000000000000000e+01,6.800000000000000000e+01,1.600000000000000000e+01,4.000000000000000000e+00
-1.000000000000000000e+00,1.600000000000000000e+01,1.600000000000000000e+01,1.049000000000000000e+03,6.000000000000000000e+01,1.032000000000000000e+03,5.600000000000000000e+01,6.800000000000000000e+01,1.600000000000000000e+01,4.000000000000000000e+00
-1.000000000000000000e+00,8.000000000000000000e+00,1.600000000000000000e+01,1.061000000000000000e+03,5.800000000000000000e+01,1.044000000000000000e+03,5.600000000000000000e+01,6.900000000000000000e+01,1.100000000000000000e+01,4.000000000000000000e+00
-1.000000000000000000e+00,8.000000000000000000e+00,1.600000000000000000e+01,1.068000000000000000e+03,5.900000000000000000e+01,1.052000000000000000e+03,5.600000000000000000e+01,6.500000000000000000e+01,1.200000000000000000e+01,4.000000000000000000e+00
-1.000000000000000000e+00,1.600000000000000000e+01,1.600000000000000000e+01,1.080000000000000000e+03,5.900000000000000000e+01,1.064000000000000000e+03,5.600000000000000000e+01,6.700000000000000000e+01,1.500000000000000000e+01,4.000000000000000000e+00
-1.000000000000000000e+00,8.000000000000000000e+00,8.000000000000000000e+00,1.092000000000000000e+03,5.500000000000000000e+01,1.076000000000000000e+03,5.200000000000000000e+01,6.700000000000000000e+01,1.500000000000000000e+01,4.000000000000000000e+00
-1.000000000000000000e+00,8.000000000000000000e+00,8.000000000000000000e+00,1.100000000000000000e+03,5.500000000000000000e+01,1.084000000000000000e+03,5.200000000000000000e+01,6.700000000000000000e+01,1.200000000000000000e+01,4.000000000000000000e+00
-1.000000000000000000e+00,8.000000000000000000e+00,8.000000000000000000e+00,1.092000000000000000e+03,6.300000000000000000e+01,1.076000000000000000e+03,6.000000000000000000e+01,6.600000000000000000e+01,1.400000000000000000e+01,4.000000000000000000e+00
-1.000000000000000000e+00,8.000000000000000000e+00,8.000000000000000000e+00,1.101000000000000000e+03,6.400000000000000000e+01,1.084000000000000000e+03,6.000000000000000000e+01,6.900000000000000000e+01,1.600000000000000000e+01,4.000000000000000000e+00
-1.000000000000000000e+00,8.000000000000000000e+00,1.600000000000000000e+01,1.107000000000000000e+03,5.900000000000000000e+01,1.092000000000000000e+03,5.600000000000000000e+01,6.300000000000000000e+01,1.500000000000000000e+01,4.000000000000000000e+00
-1.000000000000000000e+00,8.000000000000000000e+00,1.600000000000000000e+01,1.117000000000000000e+03,5.900000000000000000e+01,1.100000000000000000e+03,5.600000000000000000e+01,6.900000000000000000e+01,1.400000000000000000e+01,4.000000000000000000e+00
-1.000000000000000000e+00,1.600000000000000000e+01,1.600000000000000000e+01,1.128000000000000000e+03,5.900000000000000000e+01,1.112000000000000000e+03,5.600000000000000000e+01,6.400000000000000000e+01,1.400000000000000000e+01,4.000000000000000000e+00
-1.000000000000000000e+00,1.600000000000000000e+01,1.600000000000000000e+01,1.144000000000000000e+03,5.900000000000000000e+01,1.128000000000000000e+03,5.600000000000000000e+01,6.700000000000000000e+01,1.400000000000000000e+01,4.000000000000000000e+00
-1.000000000000000000e+00,1.600000000000000000e+01,8.000000000000000000e+00,1.159000000000000000e+03,5.500000000000000000e+01,1.144000000000000000e+03,5.200000000000000000e+01,6.200000000000000000e+01,1.400000000000000000e+01,4.000000000000000000e+00
-1.000000000000000000e+00,1.600000000000000000e+01,8.000000000000000000e+00,1.159000000000000000e+03,6.300000000000000000e+01,1.144000000000000000e+03,6.000000000000000000e+01,6.300000000000000000e+01,1.400000000000000000e+01,4.000000000000000000e+00
-1.000000000000000000e+00,1.600000000000000000e+01,1.600000000000000000e+01,1.176000000000000000e+03,5.900000000000000000e+01,1.160000000000000000e+03,5.600000000000000000e+01,6.700000000000000000e+01,1.400000000000000000e+01,4.000000000000000000e+00
-1.000000000000000000e+00,1.600000000000000000e+01,1.600000000000000000e+01,1.193000000000000000e+03,5.700000000000000000e+01,1.176000000000000000e+03,5.600000000000000000e+01,6.800000000000000000e+01,6.000000000000000000e+00,4.000000000000000000e+00
-1.000000000000000000e+00,1.600000000000000000e+01,1.600000000000000000e+01,1.207000000000000000e+03,5.900000000000000000e+01,1.192000000000000000e+03,5.600000000000000000e+01,6.200000000000000000e+01,1.400000000000000000e+01,4.000000000000000000e+00
-1.000000000000000000e+00,1.600000000000000000e+01,1.600000000000000000e+01,1.223000000000000000e+03,5.900000000000000000e+01,1.208000000000000000e+03,5.600000000000000000e+01,6.300000000000000000e+01,1.400000000000000000e+01,4.000000000000000000e+00
-1.000000000000000000e+00,1.600000000000000000e+01,8.000000000000000000e+00,1.240000000000000000e+03,5.500000000000000000e+01,1.224000000000000000e+03,5.200000000000000000e+01,6.400000000000000000e+01,1.500000000000000000e+01,4.000000000000000000e+00
-1.000000000000000000e+00,1.600000000000000000e+01,8.000000000000000000e+00,1.240000000000000000e+03,6.300000000000000000e+01,1.224000000000000000e+03,6.000000000000000000e+01,6.500000000000000000e+01,1.400000000000000000e+01,4.000000000000000000e+00
-1.000000000000000000e+00,1.600000000000000000e+01,1.600000000000000000e+01,1.254000000000000000e+03,5.700000000000000000e+01,1.240000000000000000e+03,5.600000000000000000e+01,5.800000000000000000e+01,6.000000000000000000e+00,4.000000000000000000e+00
-1.000000000000000000e+00,1.600000000000000000e+01,1.600000000000000000e+01,1.271000000000000000e+03,5.900000000000000000e+01,1.256000000000000000e+03,5.600000000000000000e+01,6.100000000000000000e+01,1.400000000000000000e+01,4.000000000000000000e+00
-1.000000000000000000e+00,1.600000000000000000e+01,1.600000000000000000e+01,4.800000000000000000e+01,7.700000000000000000e+01,8.000000000000000000e+00,7.200000000000000000e+01,1.630000000000000000e+02,2.300000000000000000e+01,4.000000000000000000e+00
-1.000000000000000000e+00,1.600000000000000000e+01,1.600000000000000000e+01,6.400000000000000000e+01,7.800000000000000000e+01,2.400000000000000000e+01,7.200000000000000000e+01,1.610000000000000000e+02,2.400000000000000000e+01,4.000000000000000000e+00
-1.000000000000000000e+00,1.600000000000000000e+01,1.600000000000000000e+01,7.900000000000000000e+01,7.700000000000000000e+01,4.000000000000000000e+01,7.200000000000000000e+01,1.590000000000000000e+02,2.300000000000000000e+01,4.000000000000000000e+00
-1.000000000000000000e+00,1.600000000000000000e+01,1.600000000000000000e+01,9.400000000000000000e+01,7.700000000000000000e+01,5.600000000000000000e+01,7.200000000000000000e+01,1.550000000000000000e+02,2.100000000000000000e+01,4.000000000000000000e+00
-1.000000000000000000e+00,1.600000000000000000e+01,1.600000000000000000e+01,1.100000000000000000e+02,7.700000000000000000e+01,7.200000000000000000e+01,7.200000000000000000e+01,1.550000000000000000e+02,2.200000000000000000e+01,4.000000000000000000e+00
-1.000000000000000000e+00,8.000000000000000000e+00,1.600000000000000000e+01,1.230000000000000000e+02,7.700000000000000000e+01,8.400000000000000000e+01,7.200000000000000000e+01,1.570000000000000000e+02,2.200000000000000000e+01,4.000000000000000000e+00
-1.000000000000000000e+00,8.000000000000000000e+00,1.600000000000000000e+01,1.280000000000000000e+02,7.700000000000000000e+01,9.200000000000000000e+01,7.200000000000000000e+01,1.440000000000000000e+02,2.200000000000000000e+01,4.000000000000000000e+00
-1.000000000000000000e+00,1.600000000000000000e+01,1.600000000000000000e+01,1.400000000000000000e+02,7.700000000000000000e+01,1.040000000000000000e+02,7.200000000000000000e+01,1.450000000000000000e+02,2.200000000000000000e+01,4.000000000000000000e+00
-1.000000000000000000e+00,1.600000000000000000e+01,1.600000000000000000e+01,1.550000000000000000e+02,7.700000000000000000e+01,1.200000000000000000e+02,7.200000000000000000e+01,1.430000000000000000e+02,2.100000000000000000e+01,4.000000000000000000e+00
-1.000000000000000000e+00,1.600000000000000000e+01,1.600000000000000000e+01,1.710000000000000000e+02,7.700000000000000000e+01,1.360000000000000000e+02,7.200000000000000000e+01,1.420000000000000000e+02,2.000000000000000000e+01,4.000000000000000000e+00
-1.000000000000000000e+00,8.000000000000000000e+00,1.600000000000000000e+01,1.830000000000000000e+02,7.700000000000000000e+01,1.480000000000000000e+02,7.200000000000000000e+01,1.420000000000000000e+02,2.000000000000000000e+01,4.000000000000000000e+00
-1.000000000000000000e+00,8.000000000000000000e+00,1.600000000000000000e+01,1.890000000000000000e+02,7.700000000000000000e+01,1.560000000000000000e+02,7.200000000000000000e+01,1.350000000000000000e+02,2.000000000000000000e+01,4.000000000000000000e+00
-1.000000000000000000e+00,1.600000000000000000e+01,1.600000000000000000e+01,2.010000000000000000e+02,7.700000000000000000e+01,1.680000000000000000e+02,7.200000000000000000e+01,1.350000000000000000e+02,2.000000000000000000e+01,4.000000000000000000e+00
-1.000000000000000000e+00,8.000000000000000000e+00,1.600000000000000000e+01,2.130000000000000000e+02,7.700000000000000000e+01,1.800000000000000000e+02,7.200000000000000000e+01,1.340000000000000000e+02,2.000000000000000000e+01,4.000000000000000000e+00
-1.000000000000000000e+00,8.000000000000000000e+00,1.600000000000000000e+01,2.210000000000000000e+02,7.600000000000000000e+01,1.880000000000000000e+02,7.200000000000000000e+01,1.320000000000000000e+02,1.800000000000000000e+01,4.000000000000000000e+00
-1.000000000000000000e+00,1.600000000000000000e+01,1.600000000000000000e+01,2.330000000000000000e+02,7.600000000000000000e+01,2.000000000000000000e+02,7.200000000000000000e+01,1.320000000000000000e+02,1.900000000000000000e+01,4.000000000000000000e+00
-1.000000000000000000e+00,1.600000000000000000e+01,1.600000000000000000e+01,2.490000000000000000e+02,7.600000000000000000e+01,2.160000000000000000e+02,7.200000000000000000e+01,1.320000000000000000e+02,1.900000000000000000e+01,4.000000000000000000e+00
-1.000000000000000000e+00,1.600000000000000000e+01,1.600000000000000000e+01,2.630000000000000000e+02,7.600000000000000000e+01,2.320000000000000000e+02,7.200000000000000000e+01,1.270000000000000000e+02,1.800000000000000000e+01,4.000000000000000000e+00
-1.000000000000000000e+00,1.600000000000000000e+01,8.000000000000000000e+00,2.780000000000000000e+02,7.200000000000000000e+01,2.480000000000000000e+02,6.800000000000000000e+01,1.220000000000000000e+02,1.800000000000000000e+01,4.000000000000000000e+00
-1.000000000000000000e+00,1.600000000000000000e+01,8.000000000000000000e+00,2.790000000000000000e+02,8.000000000000000000e+01,2.480000000000000000e+02,7.600000000000000000e+01,1.250000000000000000e+02,1.800000000000000000e+01,4.000000000000000000e+00
-1.000000000000000000e+00,1.600000000000000000e+01,1.600000000000000000e+01,2.950000000000000000e+02,7.600000000000000000e+01,2.640000000000000000e+02,7.200000000000000000e+01,1.250000000000000000e+02,1.800000000000000000e+01,4.000000000000000000e+00
-1.000000000000000000e+00,1.600000000000000000e+01,1.600000000000000000e+01,3.110000000000000000e+02,7.600000000000000000e+01,2.800000000000000000e+02,7.200000000000000000e+01,1.250000000000000000e+02,1.800000000000000000e+01,4.000000000000000000e+00
-1.000000000000000000e+00,1.600000000000000000e+01,1.600000000000000000e+01,3.290000000000000000e+02,7.600000000000000000e+01,2.960000000000000000e+02,7.200000000000000000e+01,1.350000000000000000e+02,1.800000000000000000e+01,4.000000000000000000e+00
-1.000000000000000000e+00,1.600000000000000000e+01,1.600000000000000000e+01,3.420000000000000000e+02,7.600000000000000000e+01,3.120000000000000000e+02,7.200000000000000000e+01,1.200000000000000000e+02,1.700000000000000000e+01,4.000000000000000000e+00
-1.000000000000000000e+00,1.600000000000000000e+01,1.600000000000000000e+01,3.570000000000000000e+02,7.600000000000000000e+01,3.280000000000000000e+02,7.200000000000000000e+01,1.190000000000000000e+02,1.700000000000000000e+01,4.000000000000000000e+00
-1.000000000000000000e+00,1.600000000000000000e+01,1.600000000000000000e+01,3.730000000000000000e+02,7.600000000000000000e+01,3.440000000000000000e+02,7.200000000000000000e+01,1.170000000000000000e+02,1.600000000000000000e+01,4.000000000000000000e+00
-1.000000000000000000e+00,1.600000000000000000e+01,1.600000000000000000e+01,3.880000000000000000e+02,7.600000000000000000e+01,3.600000000000000000e+02,7.200000000000000000e+01,1.140000000000000000e+02,1.600000000000000000e+01,4.000000000000000000e+00
-1.000000000000000000e+00,1.600000000000000000e+01,1.600000000000000000e+01,4.040000000000000000e+02,7.600000000000000000e+01,3.760000000000000000e+02,7.200000000000000000e+01,1.140000000000000000e+02,1.600000000000000000e+01,4.000000000000000000e+00
-1.000000000000000000e+00,1.600000000000000000e+01,1.600000000000000000e+01,4.190000000000000000e+02,7.600000000000000000e+01,3.920000000000000000e+02,7.200000000000000000e+01,1.090000000000000000e+02,1.600000000000000000e+01,4.000000000000000000e+00
-1.000000000000000000e+00,1.600000000000000000e+01,1.600000000000000000e+01,4.360000000000000000e+02,7.600000000000000000e+01,4.080000000000000000e+02,7.200000000000000000e+01,1.130000000000000000e+02,1.600000000000000000e+01,4.000000000000000000e+00
-1.000000000000000000e+00,1.600000000000000000e+01,1.600000000000000000e+01,4.510000000000000000e+02,7.600000000000000000e+01,4.240000000000000000e+02,7.200000000000000000e+01,1.100000000000000000e+02,1.600000000000000000e+01,4.000000000000000000e+00
-1.000000000000000000e+00,1.600000000000000000e+01,1.600000000000000000e+01,4.650000000000000000e+02,7.600000000000000000e+01,4.400000000000000000e+02,7.200000000000000000e+01,1.030000000000000000e+02,1.600000000000000000e+01,4.000000000000000000e+00
-1.000000000000000000e+00,1.600000000000000000e+01,1.600000000000000000e+01,4.810000000000000000e+02,7.600000000000000000e+01,4.560000000000000000e+02,7.200000000000000000e+01,1.030000000000000000e+02,1.600000000000000000e+01,4.000000000000000000e+00
-1.000000000000000000e+00,1.600000000000000000e+01,1.600000000000000000e+01,4.980000000000000000e+02,7.600000000000000000e+01,4.720000000000000000e+02,7.200000000000000000e+01,1.060000000000000000e+02,1.600000000000000000e+01,4.000000000000000000e+00
-1.000000000000000000e+00,1.600000000000000000e+01,1.600000000000000000e+01,5.130000000000000000e+02,7.600000000000000000e+01,4.880000000000000000e+02,7.200000000000000000e+01,1.010000000000000000e+02,1.600000000000000000e+01,4.000000000000000000e+00
-1.000000000000000000e+00,1.600000000000000000e+01,1.600000000000000000e+01,5.290000000000000000e+02,7.500000000000000000e+01,5.040000000000000000e+02,7.200000000000000000e+01,1.010000000000000000e+02,1.500000000000000000e+01,4.000000000000000000e+00
-1.000000000000000000e+00,1.600000000000000000e+01,1.600000000000000000e+01,5.450000000000000000e+02,7.500000000000000000e+01,5.200000000000000000e+02,7.200000000000000000e+01,1.000000000000000000e+02,1.400000000000000000e+01,4.000000000000000000e+00
-1.000000000000000000e+00,1.600000000000000000e+01,1.600000000000000000e+01,5.600000000000000000e+02,7.600000000000000000e+01,5.360000000000000000e+02,7.200000000000000000e+01,9.900000000000000000e+01,1.600000000000000000e+01,4.000000000000000000e+00
-1.000000000000000000e+00,1.600000000000000000e+01,8.000000000000000000e+00,5.740000000000000000e+02,7.100000000000000000e+01,5.520000000000000000e+02,6.800000000000000000e+01,9.100000000000000000e+01,1.500000000000000000e+01,4.000000000000000000e+00
-1.000000000000000000e+00,1.600000000000000000e+01,8.000000000000000000e+00,5.760000000000000000e+02,8.000000000000000000e+01,5.520000000000000000e+02,7.600000000000000000e+01,9.900000000000000000e+01,1.600000000000000000e+01,4.000000000000000000e+00
-1.000000000000000000e+00,1.600000000000000000e+01,1.600000000000000000e+01,5.910000000000000000e+02,7.500000000000000000e+01,5.680000000000000000e+02,7.200000000000000000e+01,9.500000000000000000e+01,1.400000000000000000e+01,4.000000000000000000e+00
-1.000000000000000000e+00,1.600000000000000000e+01,1.600000000000000000e+01,6.070000000000000000e+02,7.600000000000000000e+01,5.840000000000000000e+02,7.200000000000000000e+01,9.300000000000000000e+01,1.600000000000000000e+01,4.000000000000000000e+00
-1.000000000000000000e+00,8.000000000000000000e+00,1.600000000000000000e+01,6.200000000000000000e+02,7.600000000000000000e+01,5.960000000000000000e+02,7.200000000000000000e+01,9.700000000000000000e+01,1.600000000000000000e+01,4.000000000000000000e+00
-1.000000000000000000e+00,8.000000000000000000e+00,1.600000000000000000e+01,6.270000000000000000e+02,7.500000000000000000e+01,6.040000000000000000e+02,7.200000000000000000e+01,9.300000000000000000e+01,1.500000000000000000e+01,4.000000000000000000e+00
-1.000000000000000000e+00,1.600000000000000000e+01,1.600000000000000000e+01,6.370000000000000000e+02,7.600000000000000000e+01,6.160000000000000000e+02,7.200000000000000000e+01,8.700000000000000000e+01,1.600000000000000000e+01,4.000000000000000000e+00
-1.000000000000000000e+00,1.600000000000000000e+01,1.600000000000000000e+01,6.550000000000000000e+02,7.500000000000000000e+01,6.320000000000000000e+02,7.200000000000000000e+01,9.300000000000000000e+01,1.500000000000000000e+01,4.000000000000000000e+00
-1.000000000000000000e+00,8.000000000000000000e+00,1.600000000000000000e+01,6.670000000000000000e+02,7.500000000000000000e+01,6.440000000000000000e+02,7.200000000000000000e+01,9.300000000000000000e+01,1.500000000000000000e+01,4.000000000000000000e+00
-1.000000000000000000e+00,8.000000000000000000e+00,1.600000000000000000e+01,6.740000000000000000e+02,7.500000000000000000e+01,6.520000000000000000e+02,7.200000000000000000e+01,9.100000000000000000e+01,1.400000000000000000e+01,4.000000000000000000e+00
-1.000000000000000000e+00,1.600000000000000000e+01,1.600000000000000000e+01,6.870000000000000000e+02,7.600000000000000000e+01,6.640000000000000000e+02,7.200000000000000000e+01,9.300000000000000000e+01,1.600000000000000000e+01,4.000000000000000000e+00
-1.000000000000000000e+00,1.600000000000000000e+01,1.600000000000000000e+01,7.030000000000000000e+02,7.200000000000000000e+01,6.800000000000000000e+02,7.200000000000000000e+01,9.300000000000000000e+01,0.000000000000000000e+00,4.000000000000000000e+00
-1.000000000000000000e+00,1.600000000000000000e+01,1.600000000000000000e+01,7.190000000000000000e+02,7.200000000000000000e+01,6.960000000000000000e+02,7.200000000000000000e+01,9.300000000000000000e+01,0.000000000000000000e+00,4.000000000000000000e+00
-1.000000000000000000e+00,1.600000000000000000e+01,1.600000000000000000e+01,7.360000000000000000e+02,7.200000000000000000e+01,7.120000000000000000e+02,7.200000000000000000e+01,9.600000000000000000e+01,0.000000000000000000e+00,4.000000000000000000e+00
-1.000000000000000000e+00,1.600000000000000000e+01,1.600000000000000000e+01,7.520000000000000000e+02,7.200000000000000000e+01,7.280000000000000000e+02,7.200000000000000000e+01,9.600000000000000000e+01,0.000000000000000000e+00,4.000000000000000000e+00
-1.000000000000000000e+00,1.600000000000000000e+01,1.600000000000000000e+01,7.640000000000000000e+02,7.500000000000000000e+01,7.440000000000000000e+02,7.200000000000000000e+01,8.200000000000000000e+01,1.200000000000000000e+01,4.000000000000000000e+00
-1.000000000000000000e+00,1.600000000000000000e+01,1.600000000000000000e+01,7.800000000000000000e+02,7.500000000000000000e+01,7.600000000000000000e+02,7.200000000000000000e+01,8.000000000000000000e+01,1.400000000000000000e+01,4.000000000000000000e+00
-1.000000000000000000e+00,1.600000000000000000e+01,8.000000000000000000e+00,7.950000000000000000e+02,7.200000000000000000e+01,7.760000000000000000e+02,6.800000000000000000e+01,7.800000000000000000e+01,1.600000000000000000e+01,4.000000000000000000e+00
-1.000000000000000000e+00,1.600000000000000000e+01,8.000000000000000000e+00,7.950000000000000000e+02,8.100000000000000000e+01,7.760000000000000000e+02,7.600000000000000000e+01,7.900000000000000000e+01,2.000000000000000000e+01,4.000000000000000000e+00
-1.000000000000000000e+00,1.600000000000000000e+01,1.600000000000000000e+01,8.120000000000000000e+02,7.600000000000000000e+01,7.920000000000000000e+02,7.200000000000000000e+01,8.000000000000000000e+01,1.600000000000000000e+01,4.000000000000000000e+00
-1.000000000000000000e+00,1.600000000000000000e+01,1.600000000000000000e+01,8.270000000000000000e+02,7.600000000000000000e+01,8.080000000000000000e+02,7.200000000000000000e+01,7.900000000000000000e+01,1.600000000000000000e+01,4.000000000000000000e+00
-1.000000000000000000e+00,1.600000000000000000e+01,1.600000000000000000e+01,8.430000000000000000e+02,7.500000000000000000e+01,8.240000000000000000e+02,7.200000000000000000e+01,7.900000000000000000e+01,1.400000000000000000e+01,4.000000000000000000e+00
-1.000000000000000000e+00,1.600000000000000000e+01,1.600000000000000000e+01,8.590000000000000000e+02,7.500000000000000000e+01,8.400000000000000000e+02,7.200000000000000000e+01,7.800000000000000000e+01,1.400000000000000000e+01,4.000000000000000000e+00
-1.000000000000000000e+00,1.600000000000000000e+01,1.600000000000000000e+01,8.750000000000000000e+02,7.500000000000000000e+01,8.560000000000000000e+02,7.200000000000000000e+01,7.800000000000000000e+01,1.400000000000000000e+01,4.000000000000000000e+00
-1.000000000000000000e+00,1.600000000000000000e+01,1.600000000000000000e+01,8.910000000000000000e+02,7.500000000000000000e+01,8.720000000000000000e+02,7.200000000000000000e+01,7.600000000000000000e+01,1.400000000000000000e+01,4.000000000000000000e+00
-1.000000000000000000e+00,8.000000000000000000e+00,8.000000000000000000e+00,9.040000000000000000e+02,7.300000000000000000e+01,8.840000000000000000e+02,6.800000000000000000e+01,8.100000000000000000e+01,2.100000000000000000e+01,4.000000000000000000e+00
-1.000000000000000000e+00,8.000000000000000000e+00,8.000000000000000000e+00,9.080000000000000000e+02,7.200000000000000000e+01,8.920000000000000000e+02,6.800000000000000000e+01,6.500000000000000000e+01,1.800000000000000000e+01,4.000000000000000000e+00
-1.000000000000000000e+00,8.000000000000000000e+00,8.000000000000000000e+00,8.970000000000000000e+02,8.000000000000000000e+01,8.840000000000000000e+02,7.600000000000000000e+01,5.400000000000000000e+01,1.800000000000000000e+01,4.000000000000000000e+00
-1.000000000000000000e+00,8.000000000000000000e+00,8.000000000000000000e+00,9.060000000000000000e+02,8.000000000000000000e+01,8.920000000000000000e+02,7.600000000000000000e+01,5.700000000000000000e+01,1.900000000000000000e+01,4.000000000000000000e+00
-1.000000000000000000e+00,8.000000000000000000e+00,1.600000000000000000e+01,9.150000000000000000e+02,7.600000000000000000e+01,9.000000000000000000e+02,7.200000000000000000e+01,6.000000000000000000e+01,1.800000000000000000e+01,4.000000000000000000e+00
-1.000000000000000000e+00,8.000000000000000000e+00,1.600000000000000000e+01,9.260000000000000000e+02,7.600000000000000000e+01,9.080000000000000000e+02,7.200000000000000000e+01,7.200000000000000000e+01,1.600000000000000000e+01,4.000000000000000000e+00
-1.000000000000000000e+00,1.600000000000000000e+01,1.600000000000000000e+01,9.380000000000000000e+02,7.500000000000000000e+01,9.200000000000000000e+02,7.200000000000000000e+01,7.300000000000000000e+01,1.500000000000000000e+01,4.000000000000000000e+00
-1.000000000000000000e+00,1.600000000000000000e+01,1.600000000000000000e+01,9.540000000000000000e+02,7.500000000000000000e+01,9.360000000000000000e+02,7.200000000000000000e+01,7.300000000000000000e+01,1.400000000000000000e+01,4.000000000000000000e+00
-1.000000000000000000e+00,1.600000000000000000e+01,8.000000000000000000e+00,9.700000000000000000e+02,7.100000000000000000e+01,9.520000000000000000e+02,6.800000000000000000e+01,7.200000000000000000e+01,1.400000000000000000e+01,4.000000000000000000e+00
-1.000000000000000000e+00,1.600000000000000000e+01,8.000000000000000000e+00,9.700000000000000000e+02,7.900000000000000000e+01,9.520000000000000000e+02,7.600000000000000000e+01,7.500000000000000000e+01,1.400000000000000000e+01,4.000000000000000000e+00
-1.000000000000000000e+00,1.600000000000000000e+01,1.600000000000000000e+01,9.860000000000000000e+02,7.500000000000000000e+01,9.680000000000000000e+02,7.200000000000000000e+01,7.200000000000000000e+01,1.400000000000000000e+01,4.000000000000000000e+00
-1.000000000000000000e+00,8.000000000000000000e+00,1.600000000000000000e+01,9.970000000000000000e+02,7.500000000000000000e+01,9.800000000000000000e+02,7.200000000000000000e+01,7.000000000000000000e+01,1.400000000000000000e+01,4.000000000000000000e+00
-1.000000000000000000e+00,8.000000000000000000e+00,1.600000000000000000e+01,1.006000000000000000e+03,7.500000000000000000e+01,9.880000000000000000e+02,7.200000000000000000e+01,7.300000000000000000e+01,1.400000000000000000e+01,4.000000000000000000e+00
-1.000000000000000000e+00,1.600000000000000000e+01,8.000000000000000000e+00,1.017000000000000000e+03,7.100000000000000000e+01,1.000000000000000000e+03,6.800000000000000000e+01,6.900000000000000000e+01,1.300000000000000000e+01,4.000000000000000000e+00
-1.000000000000000000e+00,1.600000000000000000e+01,8.000000000000000000e+00,1.017000000000000000e+03,7.900000000000000000e+01,1.000000000000000000e+03,7.600000000000000000e+01,7.100000000000000000e+01,1.400000000000000000e+01,4.000000000000000000e+00
-1.000000000000000000e+00,1.600000000000000000e+01,1.600000000000000000e+01,1.033000000000000000e+03,7.500000000000000000e+01,1.016000000000000000e+03,7.200000000000000000e+01,7.100000000000000000e+01,1.400000000000000000e+01,4.000000000000000000e+00
-1.000000000000000000e+00,1.600000000000000000e+01,1.600000000000000000e+01,1.048000000000000000e+03,7.500000000000000000e+01,1.032000000000000000e+03,7.200000000000000000e+01,6.700000000000000000e+01,1.400000000000000000e+01,4.000000000000000000e+00
-1.000000000000000000e+00,1.600000000000000000e+01,1.600000000000000000e+01,1.065000000000000000e+03,7.500000000000000000e+01,1.048000000000000000e+03,7.200000000000000000e+01,6.800000000000000000e+01,1.400000000000000000e+01,4.000000000000000000e+00
-1.000000000000000000e+00,8.000000000000000000e+00,1.600000000000000000e+01,1.077000000000000000e+03,7.500000000000000000e+01,1.060000000000000000e+03,7.200000000000000000e+01,6.800000000000000000e+01,1.400000000000000000e+01,4.000000000000000000e+00
-1.000000000000000000e+00,8.000000000000000000e+00,1.600000000000000000e+01,1.085000000000000000e+03,7.500000000000000000e+01,1.068000000000000000e+03,7.200000000000000000e+01,6.900000000000000000e+01,1.400000000000000000e+01,4.000000000000000000e+00
-1.000000000000000000e+00,1.600000000000000000e+01,1.600000000000000000e+01,1.096000000000000000e+03,7.500000000000000000e+01,1.080000000000000000e+03,7.200000000000000000e+01,6.700000000000000000e+01,1.400000000000000000e+01,4.000000000000000000e+00
-1.000000000000000000e+00,8.000000000000000000e+00,1.600000000000000000e+01,1.108000000000000000e+03,7.500000000000000000e+01,1.092000000000000000e+03,7.200000000000000000e+01,6.500000000000000000e+01,1.300000000000000000e+01,4.000000000000000000e+00
-1.000000000000000000e+00,8.000000000000000000e+00,1.600000000000000000e+01,1.117000000000000000e+03,7.500000000000000000e+01,1.100000000000000000e+03,7.200000000000000000e+01,6.800000000000000000e+01,1.300000000000000000e+01,4.000000000000000000e+00
-1.000000000000000000e+00,8.000000000000000000e+00,1.600000000000000000e+01,1.124000000000000000e+03,7.500000000000000000e+01,1.108000000000000000e+03,7.200000000000000000e+01,6.400000000000000000e+01,1.300000000000000000e+01,4.000000000000000000e+00
-1.000000000000000000e+00,8.000000000000000000e+00,1.600000000000000000e+01,1.133000000000000000e+03,7.500000000000000000e+01,1.116000000000000000e+03,7.200000000000000000e+01,6.900000000000000000e+01,1.300000000000000000e+01,4.000000000000000000e+00
-1.000000000000000000e+00,1.600000000000000000e+01,1.600000000000000000e+01,1.144000000000000000e+03,7.500000000000000000e+01,1.128000000000000000e+03,7.200000000000000000e+01,6.600000000000000000e+01,1.200000000000000000e+01,4.000000000000000000e+00
-1.000000000000000000e+00,1.600000000000000000e+01,8.000000000000000000e+00,1.159000000000000000e+03,7.100000000000000000e+01,1.144000000000000000e+03,6.800000000000000000e+01,6.300000000000000000e+01,1.300000000000000000e+01,4.000000000000000000e+00
-1.000000000000000000e+00,1.600000000000000000e+01,8.000000000000000000e+00,1.160000000000000000e+03,7.900000000000000000e+01,1.144000000000000000e+03,7.600000000000000000e+01,6.600000000000000000e+01,1.200000000000000000e+01,4.000000000000000000e+00
-1.000000000000000000e+00,8.000000000000000000e+00,1.600000000000000000e+01,1.171000000000000000e+03,7.500000000000000000e+01,1.156000000000000000e+03,7.200000000000000000e+01,6.300000000000000000e+01,1.400000000000000000e+01,4.000000000000000000e+00
-1.000000000000000000e+00,8.000000000000000000e+00,1.600000000000000000e+01,1.179000000000000000e+03,7.600000000000000000e+01,1.164000000000000000e+03,7.200000000000000000e+01,6.300000000000000000e+01,1.600000000000000000e+01,4.000000000000000000e+00
-1.000000000000000000e+00,1.600000000000000000e+01,1.600000000000000000e+01,1.191000000000000000e+03,7.500000000000000000e+01,1.176000000000000000e+03,7.200000000000000000e+01,6.300000000000000000e+01,1.200000000000000000e+01,4.000000000000000000e+00
-1.000000000000000000e+00,1.600000000000000000e+01,1.600000000000000000e+01,1.207000000000000000e+03,7.500000000000000000e+01,1.192000000000000000e+03,7.200000000000000000e+01,6.300000000000000000e+01,1.400000000000000000e+01,4.000000000000000000e+00
-1.000000000000000000e+00,8.000000000000000000e+00,1.600000000000000000e+01,1.219000000000000000e+03,7.500000000000000000e+01,1.204000000000000000e+03,7.200000000000000000e+01,6.100000000000000000e+01,1.400000000000000000e+01,4.000000000000000000e+00
-1.000000000000000000e+00,8.000000000000000000e+00,1.600000000000000000e+01,1.229000000000000000e+03,7.500000000000000000e+01,1.212000000000000000e+03,7.200000000000000000e+01,6.900000000000000000e+01,1.400000000000000000e+01,4.000000000000000000e+00
-1.000000000000000000e+00,1.600000000000000000e+01,1.600000000000000000e+01,1.239000000000000000e+03,7.500000000000000000e+01,1.224000000000000000e+03,7.200000000000000000e+01,6.200000000000000000e+01,1.400000000000000000e+01,4.000000000000000000e+00
-1.000000000000000000e+00,1.600000000000000000e+01,1.600000000000000000e+01,1.254000000000000000e+03,7.500000000000000000e+01,1.240000000000000000e+03,7.200000000000000000e+01,5.900000000000000000e+01,1.400000000000000000e+01,4.000000000000000000e+00
-1.000000000000000000e+00,1.600000000000000000e+01,1.600000000000000000e+01,1.270000000000000000e+03,7.500000000000000000e+01,1.256000000000000000e+03,7.200000000000000000e+01,5.900000000000000000e+01,1.400000000000000000e+01,4.000000000000000000e+00
-1.000000000000000000e+00,1.600000000000000000e+01,1.600000000000000000e+01,4.800000000000000000e+01,9.300000000000000000e+01,8.000000000000000000e+00,8.800000000000000000e+01,1.600000000000000000e+02,2.300000000000000000e+01,4.000000000000000000e+00
-1.000000000000000000e+00,1.600000000000000000e+01,1.600000000000000000e+01,6.300000000000000000e+01,9.300000000000000000e+01,2.400000000000000000e+01,8.800000000000000000e+01,1.580000000000000000e+02,2.300000000000000000e+01,4.000000000000000000e+00
-1.000000000000000000e+00,1.600000000000000000e+01,1.600000000000000000e+01,7.900000000000000000e+01,9.300000000000000000e+01,4.000000000000000000e+01,8.800000000000000000e+01,1.560000000000000000e+02,2.000000000000000000e+01,4.000000000000000000e+00
-1.000000000000000000e+00,1.600000000000000000e+01,1.600000000000000000e+01,9.300000000000000000e+01,9.300000000000000000e+01,5.600000000000000000e+01,8.800000000000000000e+01,1.490000000000000000e+02,2.000000000000000000e+01,4.000000000000000000e+00
-1.000000000000000000e+00,1.600000000000000000e+01,1.600000000000000000e+01,1.090000000000000000e+02,9.300000000000000000e+01,7.200000000000000000e+01,8.800000000000000000e+01,1.490000000000000000e+02,2.000000000000000000e+01,4.000000000000000000e+00
-1.000000000000000000e+00,8.000000000000000000e+00,1.600000000000000000e+01,1.220000000000000000e+02,9.300000000000000000e+01,8.400000000000000000e+01,8.800000000000000000e+01,1.520000000000000000e+02,2.000000000000000000e+01,4.000000000000000000e+00
-1.000000000000000000e+00,8.000000000000000000e+00,1.600000000000000000e+01,1.280000000000000000e+02,9.300000000000000000e+01,9.200000000000000000e+01,8.800000000000000000e+01,1.460000000000000000e+02,2.200000000000000000e+01,4.000000000000000000e+00
-1.000000000000000000e+00,1.600000000000000000e+01,1.600000000000000000e+01,1.400000000000000000e+02,8.900000000000000000e+01,1.040000000000000000e+02,8.800000000000000000e+01,1.450000000000000000e+02,6.000000000000000000e+00,4.000000000000000000e+00
-1.000000000000000000e+00,1.600000000000000000e+01,1.600000000000000000e+01,1.550000000000000000e+02,9.200000000000000000e+01,1.200000000000000000e+02,8.800000000000000000e+01,1.430000000000000000e+02,1.700000000000000000e+01,4.000000000000000000e+00
-1.000000000000000000e+00,1.600000000000000000e+01,8.000000000000000000e+00,1.700000000000000000e+02,8.800000000000000000e+01,1.360000000000000000e+02,8.400000000000000000e+01,1.390000000000000000e+02,1.800000000000000000e+01,4.000000000000000000e+00
-1.000000000000000000e+00,1.600000000000000000e+01,8.000000000000000000e+00,1.700000000000000000e+02,9.600000000000000000e+01,1.360000000000000000e+02,9.200000000000000000e+01,1.380000000000000000e+02,1.600000000000000000e+01,4.000000000000000000e+00
-1.000000000000000000e+00,1.600000000000000000e+01,1.600000000000000000e+01,1.860000000000000000e+02,9.200000000000000000e+01,1.520000000000000000e+02,8.800000000000000000e+01,1.380000000000000000e+02,1.800000000000000000e+01,4.000000000000000000e+00
-1.000000000000000000e+00,1.600000000000000000e+01,1.600000000000000000e+01,2.020000000000000000e+02,9.200000000000000000e+01,1.680000000000000000e+02,8.800000000000000000e+01,1.370000000000000000e+02,1.700000000000000000e+01,4.000000000000000000e+00
-1.000000000000000000e+00,1.600000000000000000e+01,1.600000000000000000e+01,2.170000000000000000e+02,9.200000000000000000e+01,1.840000000000000000e+02,8.800000000000000000e+01,1.350000000000000000e+02,1.700000000000000000e+01,4.000000000000000000e+00
-1.000000000000000000e+00,1.600000000000000000e+01,1.600000000000000000e+01,2.330000000000000000e+02,9.200000000000000000e+01,2.000000000000000000e+02,8.800000000000000000e+01,1.350000000000000000e+02,1.700000000000000000e+01,4.000000000000000000e+00
-1.000000000000000000e+00,1.600000000000000000e+01,1.600000000000000000e+01,2.480000000000000000e+02,9.200000000000000000e+01,2.160000000000000000e+02,8.800000000000000000e+01,1.290000000000000000e+02,1.800000000000000000e+01,4.000000000000000000e+00
-1.000000000000000000e+00,1.600000000000000000e+01,1.600000000000000000e+01,2.640000000000000000e+02,9.200000000000000000e+01,2.320000000000000000e+02,8.800000000000000000e+01,1.280000000000000000e+02,1.700000000000000000e+01,4.000000000000000000e+00
-1.000000000000000000e+00,1.600000000000000000e+01,1.600000000000000000e+01,2.780000000000000000e+02,9.200000000000000000e+01,2.480000000000000000e+02,8.800000000000000000e+01,1.210000000000000000e+02,1.600000000000000000e+01,4.000000000000000000e+00
-1.000000000000000000e+00,1.600000000000000000e+01,1.600000000000000000e+01,2.950000000000000000e+02,9.200000000000000000e+01,2.640000000000000000e+02,8.800000000000000000e+01,1.240000000000000000e+02,1.700000000000000000e+01,4.000000000000000000e+00
-1.000000000000000000e+00,1.600000000000000000e+01,1.600000000000000000e+01,3.100000000000000000e+02,9.200000000000000000e+01,2.800000000000000000e+02,8.800000000000000000e+01,1.220000000000000000e+02,1.700000000000000000e+01,4.000000000000000000e+00
-1.000000000000000000e+00,1.600000000000000000e+01,1.600000000000000000e+01,3.260000000000000000e+02,9.200000000000000000e+01,2.960000000000000000e+02,8.800000000000000000e+01,1.210000000000000000e+02,1.600000000000000000e+01,4.000000000000000000e+00
-1.000000000000000000e+00,1.600000000000000000e+01,8.000000000000000000e+00,3.410000000000000000e+02,8.800000000000000000e+01,3.120000000000000000e+02,8.400000000000000000e+01,1.180000000000000000e+02,1.600000000000000000e+01,4.000000000000000000e+00
-1.000000000000000000e+00,1.600000000000000000e+01,8.000000000000000000e+00,3.430000000000000000e+02,9.600000000000000000e+01,3.120000000000000000e+02,9.200000000000000000e+01,1.240000000000000000e+02,1.700000000000000000e+01,4.000000000000000000e+00
-1.000000000000000000e+00,1.600000000000000000e+01,1.600000000000000000e+01,3.570000000000000000e+02,9.100000000000000000e+01,3.280000000000000000e+02,8.800000000000000000e+01,1.160000000000000000e+02,1.500000000000000000e+01,4.000000000000000000e+00
-1.000000000000000000e+00,8.000000000000000000e+00,1.600000000000000000e+01,3.690000000000000000e+02,9.100000000000000000e+01,3.400000000000000000e+02,8.800000000000000000e+01,1.170000000000000000e+02,1.500000000000000000e+01,4.000000000000000000e+00
-1.000000000000000000e+00,8.000000000000000000e+00,1.600000000000000000e+01,3.760000000000000000e+02,9.200000000000000000e+01,3.480000000000000000e+02,8.800000000000000000e+01,1.140000000000000000e+02,1.600000000000000000e+01,4.000000000000000000e+00
-1.000000000000000000e+00,1.600000000000000000e+01,1.600000000000000000e+01,3.880000000000000000e+02,9.200000000000000000e+01,3.600000000000000000e+02,8.800000000000000000e+01,1.140000000000000000e+02,1.600000000000000000e+01,4.000000000000000000e+00
-1.000000000000000000e+00,1.600000000000000000e+01,1.600000000000000000e+01,4.040000000000000000e+02,9.200000000000000000e+01,3.760000000000000000e+02,8.800000000000000000e+01,1.140000000000000000e+02,1.600000000000000000e+01,4.000000000000000000e+00
-1.000000000000000000e+00,1.600000000000000000e+01,1.600000000000000000e+01,4.190000000000000000e+02,9.100000000000000000e+01,3.920000000000000000e+02,8.800000000000000000e+01,1.100000000000000000e+02,1.400000000000000000e+01,4.000000000000000000e+00
-1.000000000000000000e+00,1.600000000000000000e+01,1.600000000000000000e+01,4.350000000000000000e+02,9.100000000000000000e+01,4.080000000000000000e+02,8.800000000000000000e+01,1.100000000000000000e+02,1.500000000000000000e+01,4.000000000000000000e+00
-1.000000000000000000e+00,1.600000000000000000e+01,1.600000000000000000e+01,4.510000000000000000e+02,9.100000000000000000e+01,4.240000000000000000e+02,8.800000000000000000e+01,1.110000000000000000e+02,1.500000000000000000e+01,4.000000000000000000e+00
-1.000000000000000000e+00,1.600000000000000000e+01,1.600000000000000000e+01,4.660000000000000000e+02,9.100000000000000000e+01,4.400000000000000000e+02,8.800000000000000000e+01,1.060000000000000000e+02,1.500000000000000000e+01,4.000000000000000000e+00
-1.000000000000000000e+00,1.600000000000000000e+01,1.600000000000000000e+01,4.820000000000000000e+02,9.200000000000000000e+01,4.560000000000000000e+02,8.800000000000000000e+01,1.040000000000000000e+02,1.600000000000000000e+01,4.000000000000000000e+00
-1.000000000000000000e+00,1.600000000000000000e+01,1.600000000000000000e+01,4.990000000000000000e+02,9.100000000000000000e+01,4.720000000000000000e+02,8.800000000000000000e+01,1.080000000000000000e+02,1.500000000000000000e+01,4.000000000000000000e+00
-1.000000000000000000e+00,1.600000000000000000e+01,1.600000000000000000e+01,5.130000000000000000e+02,9.100000000000000000e+01,4.880000000000000000e+02,8.800000000000000000e+01,1.030000000000000000e+02,1.500000000000000000e+01,4.000000000000000000e+00
-1.000000000000000000e+00,1.600000000000000000e+01,1.600000000000000000e+01,5.290000000000000000e+02,9.100000000000000000e+01,5.040000000000000000e+02,8.800000000000000000e+01,1.000000000000000000e+02,1.500000000000000000e+01,4.000000000000000000e+00
-1.000000000000000000e+00,1.600000000000000000e+01,1.600000000000000000e+01,5.450000000000000000e+02,9.100000000000000000e+01,5.200000000000000000e+02,8.800000000000000000e+01,1.000000000000000000e+02,1.400000000000000000e+01,4.000000000000000000e+00
-1.000000000000000000e+00,8.000000000000000000e+00,1.600000000000000000e+01,5.560000000000000000e+02,9.100000000000000000e+01,5.320000000000000000e+02,8.800000000000000000e+01,9.900000000000000000e+01,1.300000000000000000e+01,4.000000000000000000e+00
-1.000000000000000000e+00,8.000000000000000000e+00,1.600000000000000000e+01,5.640000000000000000e+02,9.100000000000000000e+01,5.400000000000000000e+02,8.800000000000000000e+01,9.800000000000000000e+01,1.500000000000000000e+01,4.000000000000000000e+00
-1.000000000000000000e+00,1.600000000000000000e+01,1.600000000000000000e+01,5.770000000000000000e+02,9.100000000000000000e+01,5.520000000000000000e+02,8.800000000000000000e+01,1.010000000000000000e+02,1.400000000000000000e+01,4.000000000000000000e+00
-1.000000000000000000e+00,1.600000000000000000e+01,1.600000000000000000e+01,5.920000000000000000e+02,9.100000000000000000e+01,5.680000000000000000e+02,8.800000000000000000e+01,9.700000000000000000e+01,1.500000000000000000e+01,4.000000000000000000e+00
-1.000000000000000000e+00,1.600000000000000000e+01,1.600000000000000000e+01,6.070000000000000000e+02,9.100000000000000000e+01,5.840000000000000000e+02,8.800000000000000000e+01,9.500000000000000000e+01,1.400000000000000000e+01,4.000000000000000000e+00
-1.000000000000000000e+00,8.000000000000000000e+00,1.600000000000000000e+01,6.190000000000000000e+02,9.100000000000000000e+01,5.960000000000000000e+02,8.800000000000000000e+01,9.300000000000000000e+01,1.400000000000000000e+01,4.000000000000000000e+00
-1.000000000000000000e+00,8.000000000000000000e+00,1.600000000000000000e+01,6.270000000000000000e+02,9.100000000000000000e+01,6.040000000000000000e+02,8.800000000000000000e+01,9.400000000000000000e+01,1.300000000000000000e+01,4.000000000000000000e+00
-1.000000000000000000e+00,1.600000000000000000e+01,1.600000000000000000e+01,6.390000000000000000e+02,9.100000000000000000e+01,6.160000000000000000e+02,8.800000000000000000e+01,9.200000000000000000e+01,1.300000000000000000e+01,4.000000000000000000e+00
-1.000000000000000000e+00,1.600000000000000000e+01,1.600000000000000000e+01,6.550000000000000000e+02,9.100000000000000000e+01,6.320000000000000000e+02,8.800000000000000000e+01,9.300000000000000000e+01,1.400000000000000000e+01,4.000000000000000000e+00
-1.000000000000000000e+00,8.000000000000000000e+00,8.000000000000000000e+00,6.670000000000000000e+02,8.700000000000000000e+01,6.440000000000000000e+02,8.400000000000000000e+01,9.200000000000000000e+01,1.400000000000000000e+01,4.000000000000000000e+00
-1.000000000000000000e+00,8.000000000000000000e+00,8.000000000000000000e+00,6.740000000000000000e+02,8.700000000000000000e+01,6.520000000000000000e+02,8.400000000000000000e+01,8.800000000000000000e+01,1.400000000000000000e+01,4.000000000000000000e+00
-1.000000000000000000e+00,8.000000000000000000e+00,8.000000000000000000e+00,6.660000000000000000e+02,9.500000000000000000e+01,6.440000000000000000e+02,9.200000000000000000e+01,9.000000000000000000e+01,1.300000000000000000e+01,4.000000000000000000e+00
-1.000000000000000000e+00,8.000000000000000000e+00,8.000000000000000000e+00,6.730000000000000000e+02,9.500000000000000000e+01,6.520000000000000000e+02,9.200000000000000000e+01,8.700000000000000000e+01,1.300000000000000000e+01,4.000000000000000000e+00
-1.000000000000000000e+00,1.600000000000000000e+01,1.600000000000000000e+01,6.860000000000000000e+02,9.200000000000000000e+01,6.640000000000000000e+02,8.800000000000000000e+01,9.000000000000000000e+01,1.600000000000000000e+01,4.000000000000000000e+00
-1.000000000000000000e+00,1.600000000000000000e+01,1.600000000000000000e+01,7.010000000000000000e+02,8.800000000000000000e+01,6.800000000000000000e+02,8.800000000000000000e+01,8.700000000000000000e+01,0.000000000000000000e+00,4.000000000000000000e+00
-1.000000000000000000e+00,1.600000000000000000e+01,1.600000000000000000e+01,7.180000000000000000e+02,9.100000000000000000e+01,6.960000000000000000e+02,8.800000000000000000e+01,8.900000000000000000e+01,1.200000000000000000e+01,4.000000000000000000e+00
-1.000000000000000000e+00,1.600000000000000000e+01,1.600000000000000000e+01,7.330000000000000000e+02,9.100000000000000000e+01,7.120000000000000000e+02,8.800000000000000000e+01,8.400000000000000000e+01,1.200000000000000000e+01,4.000000000000000000e+00
-1.000000000000000000e+00,1.600000000000000000e+01,1.600000000000000000e+01,7.490000000000000000e+02,9.100000000000000000e+01,7.280000000000000000e+02,8.800000000000000000e+01,8.400000000000000000e+01,1.300000000000000000e+01,4.000000000000000000e+00
-1.000000000000000000e+00,1.600000000000000000e+01,1.600000000000000000e+01,7.650000000000000000e+02,9.100000000000000000e+01,7.440000000000000000e+02,8.800000000000000000e+01,8.400000000000000000e+01,1.400000000000000000e+01,4.000000000000000000e+00
-1.000000000000000000e+00,1.600000000000000000e+01,1.600000000000000000e+01,7.800000000000000000e+02,9.100000000000000000e+01,7.600000000000000000e+02,8.800000000000000000e+01,8.100000000000000000e+01,1.300000000000000000e+01,4.000000000000000000e+00
-1.000000000000000000e+00,8.000000000000000000e+00,1.600000000000000000e+01,7.930000000000000000e+02,9.100000000000000000e+01,7.720000000000000000e+02,8.800000000000000000e+01,8.400000000000000000e+01,1.300000000000000000e+01,4.000000000000000000e+00
-1.000000000000000000e+00,8.000000000000000000e+00,1.600000000000000000e+01,7.990000000000000000e+02,9.100000000000000000e+01,7.800000000000000000e+02,8.800000000000000000e+01,7.900000000000000000e+01,1.400000000000000000e+01,4.000000000000000000e+00
-1.000000000000000000e+00,1.600000000000000000e+01,1.600000000000000000e+01,8.120000000000000000e+02,9.100000000000000000e+01,7.920000000000000000e+02,8.800000000000000000e+01,8.100000000000000000e+01,1.300000000000000000e+01,4.000000000000000000e+00
-1.000000000000000000e+00,1.600000000000000000e+01,1.600000000000000000e+01,8.280000000000000000e+02,9.100000000000000000e+01,8.080000000000000000e+02,8.800000000000000000e+01,8.300000000000000000e+01,1.300000000000000000e+01,4.000000000000000000e+00
-1.000000000000000000e+00,1.600000000000000000e+01,1.600000000000000000e+01,8.430000000000000000e+02,9.100000000000000000e+01,8.240000000000000000e+02,8.800000000000000000e+01,7.700000000000000000e+01,1.200000000000000000e+01,4.000000000000000000e+00
-1.000000000000000000e+00,1.600000000000000000e+01,8.000000000000000000e+00,8.600000000000000000e+02,8.700000000000000000e+01,8.400000000000000000e+02,8.400000000000000000e+01,8.000000000000000000e+01,1.400000000000000000e+01,4.000000000000000000e+00
-1.000000000000000000e+00,1.600000000000000000e+01,8.000000000000000000e+00,8.600000000000000000e+02,9.500000000000000000e+01,8.400000000000000000e+02,9.200000000000000000e+01,8.100000000000000000e+01,1.200000000000000000e+01,4.000000000000000000e+00
-1.000000000000000000e+00,1.600000000000000000e+01,1.600000000000000000e+01,8.750000000000000000e+02,9.100000000000000000e+01,8.560000000000000000e+02,8.800000000000000000e+01,7.700000000000000000e+01,1.200000000000000000e+01,4.000000000000000000e+00
-1.000000000000000000e+00,8.000000000000000000e+00,8.000000000000000000e+00,8.850000000000000000e+02,8.700000000000000000e+01,8.680000000000000000e+02,8.400000000000000000e+01,7.000000000000000000e+01,1.300000000000000000e+01,4.000000000000000000e+00
-1.000000000000000000e+00,8.000000000000000000e+00,8.000000000000000000e+00,8.910000000000000000e+02,8.900000000000000000e+01,8.760000000000000000e+02,8.400000000000000000e+01,6.100000000000000000e+01,2.100000000000000000e+01,4.000000000000000000e+00
-1.000000000000000000e+00,8.000000000000000000e+00,8.000000000000000000e+00,8.850000000000000000e+02,9.800000000000000000e+01,8.680000000000000000e+02,9.200000000000000000e+01,6.800000000000000000e+01,2.500000000000000000e+01,4.000000000000000000e+00
-1.000000000000000000e+00,8.000000000000000000e+00,8.000000000000000000e+00,8.920000000000000000e+02,9.700000000000000000e+01,8.760000000000000000e+02,9.200000000000000000e+01,6.400000000000000000e+01,2.100000000000000000e+01,4.000000000000000000e+00
-1.000000000000000000e+00,1.600000000000000000e+01,1.600000000000000000e+01,9.030000000000000000e+02,9.200000000000000000e+01,8.880000000000000000e+02,8.800000000000000000e+01,6.200000000000000000e+01,1.900000000000000000e+01,4.000000000000000000e+00
-1.000000000000000000e+00,8.000000000000000000e+00,1.600000000000000000e+01,9.150000000000000000e+02,9.200000000000000000e+01,9.000000000000000000e+02,8.800000000000000000e+01,6.300000000000000000e+01,1.600000000000000000e+01,4.000000000000000000e+00
-1.000000000000000000e+00,8.000000000000000000e+00,1.600000000000000000e+01,9.260000000000000000e+02,9.100000000000000000e+01,9.080000000000000000e+02,8.800000000000000000e+01,7.500000000000000000e+01,1.500000000000000000e+01,4.000000000000000000e+00
-1.000000000000000000e+00,1.600000000000000000e+01,1.600000000000000000e+01,9.380000000000000000e+02,9.100000000000000000e+01,9.200000000000000000e+02,8.800000000000000000e+01,7.300000000000000000e+01,1.300000000000000000e+01,4.000000000000000000e+00
-1.000000000000000000e+00,1.600000000000000000e+01,1.600000000000000000e+01,9.530000000000000000e+02,9.100000000000000000e+01,9.360000000000000000e+02,8.800000000000000000e+01,7.100000000000000000e+01,1.300000000000000000e+01,4.000000000000000000e+00
-1.000000000000000000e+00,1.600000000000000000e+01,8.000000000000000000e+00,9.690000000000000000e+02,8.700000000000000000e+01,9.520000000000000000e+02,8.400000000000000000e+01,7.100000000000000000e+01,1.400000000000000000e+01,4.000000000000000000e+00
-1.000000000000000000e+00,1.600000000000000000e+01,8.000000000000000000e+00,9.700000000000000000e+02,9.500000000000000000e+01,9.520000000000000000e+02,9.200000000000000000e+01,7.300000000000000000e+01,1.300000000000000000e+01,4.000000000000000000e+00
-1.000000000000000000e+00,1.600000000000000000e+01,1.600000000000000000e+01,9.860000000000000000e+02,9.100000000000000000e+01,9.680000000000000000e+02,8.800000000000000000e+01,7.300000000000000000e+01,1.400000000000000000e+01,4.000000000000000000e+00
-1.000000000000000000e+00,8.000000000000000000e+00,1.600000000000000000e+01,9.970000000000000000e+02,9.100000000000000000e+01,9.800000000000000000e+02,8.800000000000000000e+01,7.000000000000000000e+01,1.300000000000000000e+01,4.000000000000000000e+00
-1.000000000000000000e+00,8.000000000000000000e+00,1.600000000000000000e+01,1.006000000000000000e+03,9.100000000000000000e+01,9.880000000000000000e+02,8.800000000000000000e+01,7.200000000000000000e+01,1.300000000000000000e+01,4.000000000000000000e+00
-1.000000000000000000e+00,1.600000000000000000e+01,1.600000000000000000e+01,1.017000000000000000e+03,9.100000000000000000e+01,1.000000000000000000e+03,8.800000000000000000e+01,7.000000000000000000e+01,1.300000000000000000e+01,4.000000000000000000e+00
-1.000000000000000000e+00,1.600000000000000000e+01,1.600000000000000000e+01,1.033000000000000000e+03,9.100000000000000000e+01,1.016000000000000000e+03,8.800000000000000000e+01,7.100000000000000000e+01,1.200000000000000000e+01,4.000000000000000000e+00
-1.000000000000000000e+00,1.600000000000000000e+01,1.600000000000000000e+01,1.049000000000000000e+03,9.100000000000000000e+01,1.032000000000000000e+03,8.800000000000000000e+01,7.100000000000000000e+01,1.300000000000000000e+01,4.000000000000000000e+00
-1.000000000000000000e+00,1.600000000000000000e+01,1.600000000000000000e+01,1.064000000000000000e+03,9.100000000000000000e+01,1.048000000000000000e+03,8.800000000000000000e+01,6.600000000000000000e+01,1.200000000000000000e+01,4.000000000000000000e+00
-1.000000000000000000e+00,1.600000000000000000e+01,1.600000000000000000e+01,1.081000000000000000e+03,9.100000000000000000e+01,1.064000000000000000e+03,8.800000000000000000e+01,6.900000000000000000e+01,1.300000000000000000e+01,4.000000000000000000e+00
-1.000000000000000000e+00,1.600000000000000000e+01,1.600000000000000000e+01,1.096000000000000000e+03,9.100000000000000000e+01,1.080000000000000000e+03,8.800000000000000000e+01,6.600000000000000000e+01,1.200000000000000000e+01,4.000000000000000000e+00
-1.000000000000000000e+00,1.600000000000000000e+01,1.600000000000000000e+01,1.113000000000000000e+03,9.100000000000000000e+01,1.096000000000000000e+03,8.800000000000000000e+01,6.900000000000000000e+01,1.200000000000000000e+01,4.000000000000000000e+00
-1.000000000000000000e+00,8.000000000000000000e+00,1.600000000000000000e+01,1.123000000000000000e+03,9.000000000000000000e+01,1.108000000000000000e+03,8.800000000000000000e+01,6.300000000000000000e+01,1.100000000000000000e+01,4.000000000000000000e+00
-1.000000000000000000e+00,8.000000000000000000e+00,1.600000000000000000e+01,1.132000000000000000e+03,9.000000000000000000e+01,1.116000000000000000e+03,8.800000000000000000e+01,6.700000000000000000e+01,1.100000000000000000e+01,4.000000000000000000e+00
-1.000000000000000000e+00,1.600000000000000000e+01,1.600000000000000000e+01,1.144000000000000000e+03,9.100000000000000000e+01,1.128000000000000000e+03,8.800000000000000000e+01,6.700000000000000000e+01,1.200000000000000000e+01,4.000000000000000000e+00
-1.000000000000000000e+00,1.600000000000000000e+01,1.600000000000000000e+01,1.160000000000000000e+03,9.100000000000000000e+01,1.144000000000000000e+03,8.800000000000000000e+01,6.700000000000000000e+01,1.200000000000000000e+01,4.000000000000000000e+00
-1.000000000000000000e+00,1.600000000000000000e+01,1.600000000000000000e+01,1.176000000000000000e+03,9.100000000000000000e+01,1.160000000000000000e+03,8.800000000000000000e+01,6.700000000000000000e+01,1.200000000000000000e+01,4.000000000000000000e+00
-1.000000000000000000e+00,1.600000000000000000e+01,1.600000000000000000e+01,1.192000000000000000e+03,9.100000000000000000e+01,1.176000000000000000e+03,8.800000000000000000e+01,6.500000000000000000e+01,1.200000000000000000e+01,4.000000000000000000e+00
-1.000000000000000000e+00,1.600000000000000000e+01,1.600000000000000000e+01,1.208000000000000000e+03,9.100000000000000000e+01,1.192000000000000000e+03,8.800000000000000000e+01,6.700000000000000000e+01,1.200000000000000000e+01,4.000000000000000000e+00
-1.000000000000000000e+00,1.600000000000000000e+01,1.600000000000000000e+01,1.223000000000000000e+03,9.100000000000000000e+01,1.208000000000000000e+03,8.800000000000000000e+01,6.200000000000000000e+01,1.200000000000000000e+01,4.000000000000000000e+00
-1.000000000000000000e+00,1.600000000000000000e+01,8.000000000000000000e+00,1.239000000000000000e+03,8.700000000000000000e+01,1.224000000000000000e+03,8.400000000000000000e+01,6.300000000000000000e+01,1.400000000000000000e+01,4.000000000000000000e+00
-1.000000000000000000e+00,1.600000000000000000e+01,8.000000000000000000e+00,1.239000000000000000e+03,9.500000000000000000e+01,1.224000000000000000e+03,9.200000000000000000e+01,6.000000000000000000e+01,1.200000000000000000e+01,4.000000000000000000e+00
-1.000000000000000000e+00,1.600000000000000000e+01,1.600000000000000000e+01,1.255000000000000000e+03,9.100000000000000000e+01,1.240000000000000000e+03,8.800000000000000000e+01,6.200000000000000000e+01,1.200000000000000000e+01,4.000000000000000000e+00
-1.000000000000000000e+00,1.600000000000000000e+01,8.000000000000000000e+00,1.271000000000000000e+03,8.700000000000000000e+01,1.256000000000000000e+03,8.400000000000000000e+01,6.200000000000000000e+01,1.200000000000000000e+01,4.000000000000000000e+00
-1.000000000000000000e+00,1.600000000000000000e+01,8.000000000000000000e+00,1.271000000000000000e+03,9.400000000000000000e+01,1.256000000000000000e+03,9.200000000000000000e+01,6.200000000000000000e+01,9.000000000000000000e+00,4.000000000000000000e+00
-1.000000000000000000e+00,1.600000000000000000e+01,1.600000000000000000e+01,4.100000000000000000e+01,1.010000000000000000e+02,8.000000000000000000e+00,1.040000000000000000e+02,1.330000000000000000e+02,-1.500000000000000000e+01,4.000000000000000000e+00
-1.000000000000000000e+00,1.600000000000000000e+01,1.600000000000000000e+01,6.300000000000000000e+01,1.090000000000000000e+02,2.400000000000000000e+01,1.040000000000000000e+02,1.590000000000000000e+02,2.300000000000000000e+01,4.000000000000000000e+00
-1.000000000000000000e+00,1.600000000000000000e+01,1.600000000000000000e+01,7.900000000000000000e+01,1.080000000000000000e+02,4.000000000000000000e+01,1.040000000000000000e+02,1.570000000000000000e+02,1.900000000000000000e+01,4.000000000000000000e+00
-1.000000000000000000e+00,1.600000000000000000e+01,1.600000000000000000e+01,9.300000000000000000e+01,1.080000000000000000e+02,5.600000000000000000e+01,1.040000000000000000e+02,1.500000000000000000e+02,1.700000000000000000e+01,4.000000000000000000e+00
-1.000000000000000000e+00,1.600000000000000000e+01,1.600000000000000000e+01,1.090000000000000000e+02,1.080000000000000000e+02,7.200000000000000000e+01,1.040000000000000000e+02,1.500000000000000000e+02,1.800000000000000000e+01,4.000000000000000000e+00
-1.000000000000000000e+00,8.000000000000000000e+00,1.600000000000000000e+01,1.210000000000000000e+02,1.080000000000000000e+02,8.400000000000000000e+01,1.040000000000000000e+02,1.510000000000000000e+02,1.800000000000000000e+01,4.000000000000000000e+00
-1.000000000000000000e+00,8.000000000000000000e+00,1.600000000000000000e+01,1.280000000000000000e+02,1.080000000000000000e+02,9.200000000000000000e+01,1.040000000000000000e+02,1.460000000000000000e+02,1.700000000000000000e+01,4.000000000000000000e+00
-1.000000000000000000e+00,1.600000000000000000e+01,1.600000000000000000e+01,1.400000000000000000e+02,1.080000000000000000e+02,1.040000000000000000e+02,1.040000000000000000e+02,1.450000000000000000e+02,1.700000000000000000e+01,4.000000000000000000e+00
-1.000000000000000000e+00,1.600000000000000000e+01,1.600000000000000000e+01,1.560000000000000000e+02,1.080000000000000000e+02,1.200000000000000000e+02,1.040000000000000000e+02,1.450000000000000000e+02,1.700000000000000000e+01,4.000000000000000000e+00
-1.000000000000000000e+00,1.600000000000000000e+01,1.600000000000000000e+01,1.700000000000000000e+02,1.080000000000000000e+02,1.360000000000000000e+02,1.040000000000000000e+02,1.390000000000000000e+02,1.600000000000000000e+01,4.000000000000000000e+00
-1.000000000000000000e+00,1.600000000000000000e+01,1.600000000000000000e+01,1.870000000000000000e+02,1.080000000000000000e+02,1.520000000000000000e+02,1.040000000000000000e+02,1.400000000000000000e+02,1.600000000000000000e+01,4.000000000000000000e+00
-1.000000000000000000e+00,1.600000000000000000e+01,8.000000000000000000e+00,2.020000000000000000e+02,1.040000000000000000e+02,1.680000000000000000e+02,1.000000000000000000e+02,1.370000000000000000e+02,1.700000000000000000e+01,4.000000000000000000e+00
-1.000000000000000000e+00,1.600000000000000000e+01,8.000000000000000000e+00,2.020000000000000000e+02,1.120000000000000000e+02,1.680000000000000000e+02,1.080000000000000000e+02,1.390000000000000000e+02,1.600000000000000000e+01,4.000000000000000000e+00
-1.000000000000000000e+00,1.600000000000000000e+01,1.600000000000000000e+01,2.170000000000000000e+02,1.080000000000000000e+02,1.840000000000000000e+02,1.040000000000000000e+02,1.340000000000000000e+02,1.600000000000000000e+01,4.000000000000000000e+00
-1.000000000000000000e+00,1.600000000000000000e+01,1.600000000000000000e+01,2.330000000000000000e+02,1.070000000000000000e+02,2.000000000000000000e+02,1.040000000000000000e+02,1.350000000000000000e+02,1.500000000000000000e+01,4.000000000000000000e+00
-1.000000000000000000e+00,1.600000000000000000e+01,1.600000000000000000e+01,2.470000000000000000e+02,1.070000000000000000e+02,2.160000000000000000e+02,1.040000000000000000e+02,1.270000000000000000e+02,1.400000000000000000e+01,4.000000000000000000e+00
-1.000000000000000000e+00,1.600000000000000000e+01,1.600000000000000000e+01,2.640000000000000000e+02,1.070000000000000000e+02,2.320000000000000000e+02,1.040000000000000000e+02,1.280000000000000000e+02,1.300000000000000000e+01,4.000000000000000000e+00
-1.000000000000000000e+00,1.600000000000000000e+01,1.600000000000000000e+01,2.800000000000000000e+02,1.070000000000000000e+02,2.480000000000000000e+02,1.040000000000000000e+02,1.310000000000000000e+02,1.500000000000000000e+01,4.000000000000000000e+00
-1.000000000000000000e+00,1.600000000000000000e+01,1.600000000000000000e+01,2.940000000000000000e+02,1.070000000000000000e+02,2.640000000000000000e+02,1.040000000000000000e+02,1.220000000000000000e+02,1.400000000000000000e+01,4.000000000000000000e+00
-1.000000000000000000e+00,1.600000000000000000e+01,1.600000000000000000e+01,3.100000000000000000e+02,1.070000000000000000e+02,2.800000000000000000e+02,1.040000000000000000e+02,1.210000000000000000e+02,1.400000000000000000e+01,4.000000000000000000e+00
-1.000000000000000000e+00,1.600000000000000000e+01,1.600000000000000000e+01,3.260000000000000000e+02,1.070000000000000000e+02,2.960000000000000000e+02,1.040000000000000000e+02,1.210000000000000000e+02,1.400000000000000000e+01,4.000000000000000000e+00
-1.000000000000000000e+00,1.600000000000000000e+01,1.600000000000000000e+01,3.410000000000000000e+02,1.070000000000000000e+02,3.120000000000000000e+02,1.040000000000000000e+02,1.170000000000000000e+02,1.300000000000000000e+01,4.000000000000000000e+00
-1.000000000000000000e+00,1.600000000000000000e+01,1.600000000000000000e+01,3.560000000000000000e+02,1.070000000000000000e+02,3.280000000000000000e+02,1.040000000000000000e+02,1.150000000000000000e+02,1.400000000000000000e+01,4.000000000000000000e+00
-1.000000000000000000e+00,1.600000000000000000e+01,8.000000000000000000e+00,3.720000000000000000e+02,1.030000000000000000e+02,3.440000000000000000e+02,1.000000000000000000e+02,1.150000000000000000e+02,1.400000000000000000e+01,4.000000000000000000e+00
-1.000000000000000000e+00,1.600000000000000000e+01,8.000000000000000000e+00,3.730000000000000000e+02,1.110000000000000000e+02,3.440000000000000000e+02,1.080000000000000000e+02,1.170000000000000000e+02,1.200000000000000000e+01,4.000000000000000000e+00
-1.000000000000000000e+00,1.600000000000000000e+01,1.600000000000000000e+01,3.880000000000000000e+02,1.070000000000000000e+02,3.600000000000000000e+02,1.040000000000000000e+02,1.120000000000000000e+02,1.400000000000000000e+01,4.000000000000000000e+00
-1.000000000000000000e+00,1.600000000000000000e+01,8.000000000000000000e+00,4.040000000000000000e+02,1.030000000000000000e+02,3.760000000000000000e+02,1.000000000000000000e+02,1.140000000000000000e+02,1.500000000000000000e+01,4.000000000000000000e+00
-1.000000000000000000e+00,1.600000000000000000e+01,8.000000000000000000e+00,4.030000000000000000e+02,1.110000000000000000e+02,3.760000000000000000e+02,1.080000000000000000e+02,1.110000000000000000e+02,1.400000000000000000e+01,4.000000000000000000e+00
-1.000000000000000000e+00,1.600000000000000000e+01,1.600000000000000000e+01,4.190000000000000000e+02,1.070000000000000000e+02,3.920000000000000000e+02,1.040000000000000000e+02,1.100000000000000000e+02,1.400000000000000000e+01,4.000000000000000000e+00
-1.000000000000000000e+00,1.600000000000000000e+01,1.600000000000000000e+01,4.350000000000000000e+02,1.070000000000000000e+02,4.080000000000000000e+02,1.040000000000000000e+02,1.100000000000000000e+02,1.300000000000000000e+01,4.000000000000000000e+00
-1.000000000000000000e+00,1.600000000000000000e+01,1.600000000000000000e+01,4.500000000000000000e+02,1.070000000000000000e+02,4.240000000000000000e+02,1.040000000000000000e+02,1.060000000000000000e+02,1.200000000000000000e+01,4.000000000000000000e+00
-1.000000000000000000e+00,8.000000000000000000e+00,1.600000000000000000e+01,4.620000000000000000e+02,1.070000000000000000e+02,4.360000000000000000e+02,1.040000000000000000e+02,1.070000000000000000e+02,1.300000000000000000e+01,4.000000000000000000e+00
-1.000000000000000000e+00,8.000000000000000000e+00,1.600000000000000000e+01,4.700000000000000000e+02,1.070000000000000000e+02,4.440000000000000000e+02,1.040000000000000000e+02,1.050000000000000000e+02,1.300000000000000000e+01,4.000000000000000000e+00
-1.000000000000000000e+00,1.600000000000000000e+01,1.600000000000000000e+01,4.820000000000000000e+02,1.070000000000000000e+02,4.560000000000000000e+02,1.040000000000000000e+02,1.050000000000000000e+02,1.400000000000000000e+01,4.000000000000000000e+00
-1.000000000000000000e+00,1.600000000000000000e+01,1.600000000000000000e+01,4.980000000000000000e+02,1.070000000000000000e+02,4.720000000000000000e+02,1.040000000000000000e+02,1.050000000000000000e+02,1.400000000000000000e+01,4.000000000000000000e+00
-1.000000000000000000e+00,1.600000000000000000e+01,1.600000000000000000e+01,5.140000000000000000e+02,1.070000000000000000e+02,4.880000000000000000e+02,1.040000000000000000e+02,1.040000000000000000e+02,1.300000000000000000e+01,4.000000000000000000e+00
-1.000000000000000000e+00,1.600000000000000000e+01,8.000000000000000000e+00,5.290000000000000000e+02,1.030000000000000000e+02,5.040000000000000000e+02,1.000000000000000000e+02,1.000000000000000000e+02,1.400000000000000000e+01,4.000000000000000000e+00
-1.000000000000000000e+00,1.600000000000000000e+01,8.000000000000000000e+00,5.290000000000000000e+02,1.110000000000000000e+02,5.040000000000000000e+02,1.080000000000000000e+02,1.010000000000000000e+02,1.200000000000000000e+01,4.000000000000000000e+00
-1.000000000000000000e+00,1.600000000000000000e+01,1.600000000000000000e+01,5.450000000000000000e+02,1.070000000000000000e+02,5.200000000000000000e+02,1.040000000000000000e+02,1.020000000000000000e+02,1.200000000000000000e+01,4.000000000000000000e+00
-1.000000000000000000e+00,1.600000000000000000e+01,1.600000000000000000e+01,5.600000000000000000e+02,1.070000000000000000e+02,5.360000000000000000e+02,1.040000000000000000e+02,9.800000000000000000e+01,1.200000000000000000e+01,4.000000000000000000e+00
-1.000000000000000000e+00,1.600000000000000000e+01,8.000000000000000000e+00,5.760000000000000000e+02,1.030000000000000000e+02,5.520000000000000000e+02,1.000000000000000000e+02,9.700000000000000000e+01,1.300000000000000000e+01,4.000000000000000000e+00
-1.000000000000000000e+00,1.600000000000000000e+01,8.000000000000000000e+00,5.760000000000000000e+02,1.110000000000000000e+02,5.520000000000000000e+02,1.080000000000000000e+02,9.600000000000000000e+01,1.200000000000000000e+01,4.000000000000000000e+00
-1.000000000000000000e+00,8.000000000000000000e+00,1.600000000000000000e+01,5.880000000000000000e+02,1.070000000000000000e+02,5.640000000000000000e+02,1.040000000000000000e+02,9.800000000000000000e+01,1.300000000000000000e+01,4.000000000000000000e+00
-1.000000000000000000e+00,8.000000000000000000e+00,1.600000000000000000e+01,5.960000000000000000e+02,1.070000000000000000e+02,5.720000000000000000e+02,1.040000000000000000e+02,9.700000000000000000e+01,1.400000000000000000e+01,4.000000000000000000e+00
-1.000000000000000000e+00,1.600000000000000000e+01,1.600000000000000000e+01,6.080000000000000000e+02,1.070000000000000000e+02,5.840000000000000000e+02,1.040000000000000000e+02,9.800000000000000000e+01,1.300000000000000000e+01,4.000000000000000000e+00
-1.000000000000000000e+00,1.600000000000000000e+01,1.600000000000000000e+01,6.230000000000000000e+02,1.070000000000000000e+02,6.000000000000000000e+02,1.040000000000000000e+02,9.500000000000000000e+01,1.200000000000000000e+01,4.000000000000000000e+00
-1.000000000000000000e+00,1.600000000000000000e+01,1.600000000000000000e+01,6.390000000000000000e+02,1.060000000000000000e+02,6.160000000000000000e+02,1.040000000000000000e+02,9.200000000000000000e+01,1.100000000000000000e+01,4.000000000000000000e+00
-1.000000000000000000e+00,1.600000000000000000e+01,8.000000000000000000e+00,6.550000000000000000e+02,1.030000000000000000e+02,6.320000000000000000e+02,1.000000000000000000e+02,9.400000000000000000e+01,1.300000000000000000e+01,4.000000000000000000e+00
-1.000000000000000000e+00,1.600000000000000000e+01,8.000000000000000000e+00,6.550000000000000000e+02,1.100000000000000000e+02,6.320000000000000000e+02,1.080000000000000000e+02,9.200000000000000000e+01,1.100000000000000000e+01,4.000000000000000000e+00
-1.000000000000000000e+00,1.600000000000000000e+01,8.000000000000000000e+00,6.710000000000000000e+02,1.030000000000000000e+02,6.480000000000000000e+02,1.000000000000000000e+02,9.200000000000000000e+01,1.300000000000000000e+01,4.000000000000000000e+00
-1.000000000000000000e+00,1.600000000000000000e+01,8.000000000000000000e+00,6.710000000000000000e+02,1.110000000000000000e+02,6.480000000000000000e+02,1.080000000000000000e+02,9.300000000000000000e+01,1.200000000000000000e+01,4.000000000000000000e+00
-1.000000000000000000e+00,1.600000000000000000e+01,1.600000000000000000e+01,6.860000000000000000e+02,1.070000000000000000e+02,6.640000000000000000e+02,1.040000000000000000e+02,8.900000000000000000e+01,1.300000000000000000e+01,4.000000000000000000e+00
-1.000000000000000000e+00,1.600000000000000000e+01,1.600000000000000000e+01,7.020000000000000000e+02,1.070000000000000000e+02,6.800000000000000000e+02,1.040000000000000000e+02,8.800000000000000000e+01,1.200000000000000000e+01,4.000000000000000000e+00
-1.000000000000000000e+00,8.000000000000000000e+00,8.000000000000000000e+00,7.130000000000000000e+02,1.030000000000000000e+02,6.920000000000000000e+02,1.000000000000000000e+02,8.600000000000000000e+01,1.400000000000000000e+01,4.000000000000000000e+00
-1.000000000000000000e+00,8.000000000000000000e+00,8.000000000000000000e+00,7.220000000000000000e+02,1.030000000000000000e+02,7.000000000000000000e+02,1.000000000000000000e+02,9.000000000000000000e+01,1.300000000000000000e+01,4.000000000000000000e+00
-1.000000000000000000e+00,8.000000000000000000e+00,8.000000000000000000e+00,7.140000000000000000e+02,1.110000000000000000e+02,6.920000000000000000e+02,1.080000000000000000e+02,9.000000000000000000e+01,1.300000000000000000e+01,4.000000000000000000e+00
-1.000000000000000000e+00,8.000000000000000000e+00,8.000000000000000000e+00,7.220000000000000000e+02,1.110000000000000000e+02,7.000000000000000000e+02,1.080000000000000000e+02,9.100000000000000000e+01,1.200000000000000000e+01,4.000000000000000000e+00
-1.000000000000000000e+00,1.600000000000000000e+01,1.600000000000000000e+01,7.330000000000000000e+02,1.070000000000000000e+02,7.120000000000000000e+02,1.040000000000000000e+02,8.500000000000000000e+01,1.200000000000000000e+01,4.000000000000000000e+00
-1.000000000000000000e+00,1.600000000000000000e+01,8.000000000000000000e+00,7.500000000000000000e+02,1.030000000000000000e+02,7.280000000000000000e+02,1.000000000000000000e+02,8.800000000000000000e+01,1.300000000000000000e+01,4.000000000000000000e+00
-1.000000000000000000e+00,1.600000000000000000e+01,8.000000000000000000e+00,7.490000000000000000e+02,1.100000000000000000e+02,7.280000000000000000e+02,1.080000000000000000e+02,8.600000000000000000e+01,1.100000000000000000e+01,4.000000000000000000e+00
-1.000000000000000000e+00,1.600000000000000000e+01,1.600000000000000000e+01,7.650000000000000000e+02,1.070000000000000000e+02,7.440000000000000000e+02,1.040000000000000000e+02,8.500000000000000000e+01,1.200000000000000000e+01,4.000000000000000000e+00
-1.000000000000000000e+00,1.600000000000000000e+01,8.000000000000000000e+00,7.810000000000000000e+02,1.030000000000000000e+02,7.600000000000000000e+02,1.000000000000000000e+02,8.400000000000000000e+01,1.200000000000000000e+01,4.000000000000000000e+00
-1.000000000000000000e+00,1.600000000000000000e+01,8.000000000000000000e+00,7.810000000000000000e+02,1.110000000000000000e+02,7.600000000000000000e+02,1.080000000000000000e+02,8.700000000000000000e+01,1.200000000000000000e+01,4.000000000000000000e+00
-1.000000000000000000e+00,1.600000000000000000e+01,8.000000000000000000e+00,7.960000000000000000e+02,1.030000000000000000e+02,7.760000000000000000e+02,1.000000000000000000e+02,8.200000000000000000e+01,1.300000000000000000e+01,4.000000000000000000e+00
-1.000000000000000000e+00,1.600000000000000000e+01,8.000000000000000000e+00,7.960000000000000000e+02,1.100000000000000000e+02,7.760000000000000000e+02,1.080000000000000000e+02,8.300000000000000000e+01,1.100000000000000000e+01,4.000000000000000000e+00
-1.000000000000000000e+00,1.600000000000000000e+01,8.000000000000000000e+00,8.120000000000000000e+02,1.030000000000000000e+02,7.920000000000000000e+02,1.000000000000000000e+02,8.100000000000000000e+01,1.300000000000000000e+01,4.000000000000000000e+00
-1.000000000000000000e+00,1.600000000000000000e+01,8.000000000000000000e+00,8.120000000000000000e+02,1.110000000000000000e+02,7.920000000000000000e+02,1.080000000000000000e+02,8.200000000000000000e+01,1.200000000000000000e+01,4.000000000000000000e+00
-1.000000000000000000e+00,1.600000000000000000e+01,1.600000000000000000e+01,8.280000000000000000e+02,1.070000000000000000e+02,8.080000000000000000e+02,1.040000000000000000e+02,8.200000000000000000e+01,1.200000000000000000e+01,4.000000000000000000e+00
-1.000000000000000000e+00,1.600000000000000000e+01,1.600000000000000000e+01,8.430000000000000000e+02,1.070000000000000000e+02,8.240000000000000000e+02,1.040000000000000000e+02,7.900000000000000000e+01,1.200000000000000000e+01,4.000000000000000000e+00
-1.000000000000000000e+00,1.600000000000000000e+01,1.600000000000000000e+01,8.590000000000000000e+02,1.070000000000000000e+02,8.400000000000000000e+02,1.040000000000000000e+02,7.800000000000000000e+01,1.200000000000000000e+01,4.000000000000000000e+00
-1.000000000000000000e+00,1.600000000000000000e+01,1.600000000000000000e+01,8.750000000000000000e+02,1.070000000000000000e+02,8.560000000000000000e+02,1.040000000000000000e+02,7.800000000000000000e+01,1.200000000000000000e+01,4.000000000000000000e+00
-1.000000000000000000e+00,1.600000000000000000e+01,8.000000000000000000e+00,8.890000000000000000e+02,1.040000000000000000e+02,8.720000000000000000e+02,1.000000000000000000e+02,7.000000000000000000e+01,1.700000000000000000e+01,4.000000000000000000e+00
-1.000000000000000000e+00,1.600000000000000000e+01,8.000000000000000000e+00,8.910000000000000000e+02,1.110000000000000000e+02,8.720000000000000000e+02,1.080000000000000000e+02,7.700000000000000000e+01,1.200000000000000000e+01,4.000000000000000000e+00
-1.000000000000000000e+00,1.600000000000000000e+01,8.000000000000000000e+00,8.970000000000000000e+02,1.040000000000000000e+02,8.880000000000000000e+02,1.000000000000000000e+02,3.800000000000000000e+01,1.700000000000000000e+01,4.000000000000000000e+00
-1.000000000000000000e+00,1.600000000000000000e+01,8.000000000000000000e+00,9.060000000000000000e+02,1.110000000000000000e+02,8.880000000000000000e+02,1.080000000000000000e+02,7.200000000000000000e+01,1.200000000000000000e+01,4.000000000000000000e+00
-1.000000000000000000e+00,8.000000000000000000e+00,1.600000000000000000e+01,9.170000000000000000e+02,1.070000000000000000e+02,9.000000000000000000e+02,1.040000000000000000e+02,7.100000000000000000e+01,1.200000000000000000e+01,4.000000000000000000e+00
-1.000000000000000000e+00,8.000000000000000000e+00,1.600000000000000000e+01,9.230000000000000000e+02,1.070000000000000000e+02,9.080000000000000000e+02,1.040000000000000000e+02,6.300000000000000000e+01,1.400000000000000000e+01,4.000000000000000000e+00
-1.000000000000000000e+00,8.000000000000000000e+00,1.600000000000000000e+01,9.330000000000000000e+02,1.070000000000000000e+02,9.160000000000000000e+02,1.040000000000000000e+02,6.900000000000000000e+01,1.300000000000000000e+01,4.000000000000000000e+00
-1.000000000000000000e+00,8.000000000000000000e+00,1.600000000000000000e+01,9.430000000000000000e+02,1.070000000000000000e+02,9.240000000000000000e+02,1.040000000000000000e+02,7.900000000000000000e+01,1.300000000000000000e+01,4.000000000000000000e+00
-1.000000000000000000e+00,1.600000000000000000e+01,1.600000000000000000e+01,9.540000000000000000e+02,1.070000000000000000e+02,9.360000000000000000e+02,1.040000000000000000e+02,7.500000000000000000e+01,1.200000000000000000e+01,4.000000000000000000e+00
-1.000000000000000000e+00,1.600000000000000000e+01,1.600000000000000000e+01,9.690000000000000000e+02,1.070000000000000000e+02,9.520000000000000000e+02,1.040000000000000000e+02,7.100000000000000000e+01,1.200000000000000000e+01,4.000000000000000000e+00
-1.000000000000000000e+00,8.000000000000000000e+00,1.600000000000000000e+01,9.820000000000000000e+02,1.070000000000000000e+02,9.640000000000000000e+02,1.040000000000000000e+02,7.500000000000000000e+01,1.300000000000000000e+01,4.000000000000000000e+00
-1.000000000000000000e+00,8.000000000000000000e+00,1.600000000000000000e+01,9.890000000000000000e+02,1.060000000000000000e+02,9.720000000000000000e+02,1.040000000000000000e+02,7.100000000000000000e+01,1.100000000000000000e+01,4.000000000000000000e+00
-1.000000000000000000e+00,1.600000000000000000e+01,1.600000000000000000e+01,1.001000000000000000e+03,1.070000000000000000e+02,9.840000000000000000e+02,1.040000000000000000e+02,7.100000000000000000e+01,1.200000000000000000e+01,4.000000000000000000e+00
-1.000000000000000000e+00,1.600000000000000000e+01,1.600000000000000000e+01,1.017000000000000000e+03,1.070000000000000000e+02,1.000000000000000000e+03,1.040000000000000000e+02,7.000000000000000000e+01,1.200000000000000000e+01,4.000000000000000000e+00
-1.000000000000000000e+00,8.000000000000000000e+00,1.600000000000000000e+01,1.029000000000000000e+03,1.070000000000000000e+02,1.012000000000000000e+03,1.040000000000000000e+02,7.100000000000000000e+01,1.200000000000000000e+01,4.000000000000000000e+00
-1.000000000000000000e+00,8.000000000000000000e+00,1.600000000000000000e+01,1.037000000000000000e+03,1.060000000000000000e+02,1.020000000000000000e+03,1.040000000000000000e+02,7.100000000000000000e+01,1.100000000000000000e+01,4.000000000000000000e+00
-1.000000000000000000e+00,8.000000000000000000e+00,1.600000000000000000e+01,1.045000000000000000e+03,1.070000000000000000e+02,1.028000000000000000e+03,1.040000000000000000e+02,6.900000000000000000e+01,1.200000000000000000e+01,4.000000000000000000e+00
-1.000000000000000000e+00,8.000000000000000000e+00,1.600000000000000000e+01,1.054000000000000000e+03,1.060000000000000000e+02,1.036000000000000000e+03,1.040000000000000000e+02,7.200000000000000000e+01,1.100000000000000000e+01,4.000000000000000000e+00
-1.000000000000000000e+00,1.600000000000000000e+01,1.600000000000000000e+01,1.064000000000000000e+03,1.070000000000000000e+02,1.048000000000000000e+03,1.040000000000000000e+02,6.700000000000000000e+01,1.200000000000000000e+01,4.000000000000000000e+00
-1.000000000000000000e+00,8.000000000000000000e+00,1.600000000000000000e+01,1.078000000000000000e+03,1.060000000000000000e+02,1.060000000000000000e+03,1.040000000000000000e+02,7.200000000000000000e+01,1.000000000000000000e+01,4.000000000000000000e+00
-1.000000000000000000e+00,8.000000000000000000e+00,1.600000000000000000e+01,1.085000000000000000e+03,1.060000000000000000e+02,1.068000000000000000e+03,1.040000000000000000e+02,7.000000000000000000e+01,1.100000000000000000e+01,4.000000000000000000e+00
-1.000000000000000000e+00,1.600000000000000000e+01,1.600000000000000000e+01,1.096000000000000000e+03,1.060000000000000000e+02,1.080000000000000000e+03,1.040000000000000000e+02,6.600000000000000000e+01,1.000000000000000000e+01,4.000000000000000000e+00
-1.000000000000000000e+00,1.600000000000000000e+01,1.600000000000000000e+01,1.113000000000000000e+03,1.070000000000000000e+02,1.096000000000000000e+03,1.040000000000000000e+02,6.800000000000000000e+01,1.200000000000000000e+01,4.000000000000000000e+00
-1.000000000000000000e+00,1.600000000000000000e+01,1.600000000000000000e+01,1.128000000000000000e+03,1.060000000000000000e+02,1.112000000000000000e+03,1.040000000000000000e+02,6.600000000000000000e+01,1.100000000000000000e+01,4.000000000000000000e+00
-1.000000000000000000e+00,1.600000000000000000e+01,1.600000000000000000e+01,1.144000000000000000e+03,1.060000000000000000e+02,1.128000000000000000e+03,1.040000000000000000e+02,6.700000000000000000e+01,1.100000000000000000e+01,4.000000000000000000e+00
-1.000000000000000000e+00,8.000000000000000000e+00,1.600000000000000000e+01,1.157000000000000000e+03,1.070000000000000000e+02,1.140000000000000000e+03,1.040000000000000000e+02,6.800000000000000000e+01,1.200000000000000000e+01,4.000000000000000000e+00
-1.000000000000000000e+00,8.000000000000000000e+00,1.600000000000000000e+01,1.164000000000000000e+03,1.060000000000000000e+02,1.148000000000000000e+03,1.040000000000000000e+02,6.400000000000000000e+01,9.000000000000000000e+00,4.000000000000000000e+00
-1.000000000000000000e+00,8.000000000000000000e+00,1.600000000000000000e+01,1.172000000000000000e+03,1.060000000000000000e+02,1.156000000000000000e+03,1.040000000000000000e+02,6.600000000000000000e+01,1.100000000000000000e+01,4.000000000000000000e+00
-1.000000000000000000e+00,8.000000000000000000e+00,1.600000000000000000e+01,1.180000000000000000e+03,1.060000000000000000e+02,1.164000000000000000e+03,1.040000000000000000e+02,6.700000000000000000e+01,1.000000000000000000e+01,4.000000000000000000e+00
-1.000000000000000000e+00,8.000000000000000000e+00,1.600000000000000000e+01,1.187000000000000000e+03,1.070000000000000000e+02,1.172000000000000000e+03,1.040000000000000000e+02,6.300000000000000000e+01,1.200000000000000000e+01,4.000000000000000000e+00
-1.000000000000000000e+00,8.000000000000000000e+00,1.600000000000000000e+01,1.196000000000000000e+03,1.070000000000000000e+02,1.180000000000000000e+03,1.040000000000000000e+02,6.700000000000000000e+01,1.200000000000000000e+01,4.000000000000000000e+00
-1.000000000000000000e+00,8.000000000000000000e+00,1.600000000000000000e+01,1.204000000000000000e+03,1.070000000000000000e+02,1.188000000000000000e+03,1.040000000000000000e+02,6.500000000000000000e+01,1.300000000000000000e+01,4.000000000000000000e+00
-1.000000000000000000e+00,8.000000000000000000e+00,1.600000000000000000e+01,1.212000000000000000e+03,1.070000000000000000e+02,1.196000000000000000e+03,1.040000000000000000e+02,6.500000000000000000e+01,1.200000000000000000e+01,4.000000000000000000e+00
-1.000000000000000000e+00,8.000000000000000000e+00,1.600000000000000000e+01,1.221000000000000000e+03,1.070000000000000000e+02,1.204000000000000000e+03,1.040000000000000000e+02,7.100000000000000000e+01,1.200000000000000000e+01,4.000000000000000000e+00
-1.000000000000000000e+00,8.000000000000000000e+00,1.600000000000000000e+01,1.227000000000000000e+03,1.070000000000000000e+02,1.212000000000000000e+03,1.040000000000000000e+02,6.200000000000000000e+01,1.300000000000000000e+01,4.000000000000000000e+00
-1.000000000000000000e+00,8.000000000000000000e+00,1.600000000000000000e+01,1.235000000000000000e+03,1.060000000000000000e+02,1.220000000000000000e+03,1.040000000000000000e+02,6.300000000000000000e+01,1.100000000000000000e+01,4.000000000000000000e+00
-1.000000000000000000e+00,8.000000000000000000e+00,1.600000000000000000e+01,1.244000000000000000e+03,1.070000000000000000e+02,1.228000000000000000e+03,1.040000000000000000e+02,6.500000000000000000e+01,1.200000000000000000e+01,4.000000000000000000e+00
-1.000000000000000000e+00,8.000000000000000000e+00,1.600000000000000000e+01,1.251000000000000000e+03,1.070000000000000000e+02,1.236000000000000000e+03,1.040000000000000000e+02,6.300000000000000000e+01,1.200000000000000000e+01,4.000000000000000000e+00
-1.000000000000000000e+00,8.000000000000000000e+00,1.600000000000000000e+01,1.259000000000000000e+03,1.060000000000000000e+02,1.244000000000000000e+03,1.040000000000000000e+02,6.300000000000000000e+01,1.000000000000000000e+01,4.000000000000000000e+00
-1.000000000000000000e+00,1.600000000000000000e+01,1.600000000000000000e+01,1.271000000000000000e+03,1.060000000000000000e+02,1.256000000000000000e+03,1.040000000000000000e+02,6.200000000000000000e+01,1.000000000000000000e+01,4.000000000000000000e+00
-1.000000000000000000e+00,1.600000000000000000e+01,1.600000000000000000e+01,4.100000000000000000e+01,1.170000000000000000e+02,8.000000000000000000e+00,1.200000000000000000e+02,1.340000000000000000e+02,-1.300000000000000000e+01,4.000000000000000000e+00
-1.000000000000000000e+00,1.600000000000000000e+01,1.600000000000000000e+01,6.300000000000000000e+01,1.240000000000000000e+02,2.400000000000000000e+01,1.200000000000000000e+02,1.580000000000000000e+02,1.800000000000000000e+01,4.000000000000000000e+00
-1.000000000000000000e+00,1.600000000000000000e+01,1.600000000000000000e+01,7.800000000000000000e+01,1.240000000000000000e+02,4.000000000000000000e+01,1.200000000000000000e+02,1.550000000000000000e+02,1.600000000000000000e+01,4.000000000000000000e+00
-1.000000000000000000e+00,1.600000000000000000e+01,1.600000000000000000e+01,9.400000000000000000e+01,1.230000000000000000e+02,5.600000000000000000e+01,1.200000000000000000e+02,1.520000000000000000e+02,1.500000000000000000e+01,4.000000000000000000e+00
-1.000000000000000000e+00,1.600000000000000000e+01,1.600000000000000000e+01,1.110000000000000000e+02,1.240000000000000000e+02,7.200000000000000000e+01,1.200000000000000000e+02,1.560000000000000000e+02,1.600000000000000000e+01,4.000000000000000000e+00
-1.000000000000000000e+00,1.600000000000000000e+01,1.600000000000000000e+01,1.240000000000000000e+02,1.240000000000000000e+02,8.800000000000000000e+01,1.200000000000000000e+02,1.470000000000000000e+02,1.600000000000000000e+01,4.000000000000000000e+00
-1.000000000000000000e+00,1.600000000000000000e+01,1.600000000000000000e+01,1.390000000000000000e+02,1.240000000000000000e+02,1.040000000000000000e+02,1.200000000000000000e+02,1.430000000000000000e+02,1.600000000000000000e+01,4.000000000000000000e+00
-1.000000000000000000e+00,1.600000000000000000e+01,1.600000000000000000e+01,1.560000000000000000e+02,1.230000000000000000e+02,1.200000000000000000e+02,1.200000000000000000e+02,1.450000000000000000e+02,1.400000000000000000e+01,4.000000000000000000e+00
-1.000000000000000000e+00,8.000000000000000000e+00,1.600000000000000000e+01,1.670000000000000000e+02,1.230000000000000000e+02,1.320000000000000000e+02,1.200000000000000000e+02,1.420000000000000000e+02,1.500000000000000000e+01,4.000000000000000000e+00
-1.000000000000000000e+00,8.000000000000000000e+00,1.600000000000000000e+01,1.750000000000000000e+02,1.240000000000000000e+02,1.400000000000000000e+02,1.200000000000000000e+02,1.410000000000000000e+02,1.600000000000000000e+01,4.000000000000000000e+00
-1.000000000000000000e+00,1.600000000000000000e+01,1.600000000000000000e+01,1.860000000000000000e+02,1.240000000000000000e+02,1.520000000000000000e+02,1.200000000000000000e+02,1.370000000000000000e+02,1.600000000000000000e+01,4.000000000000000000e+00
-1.000000000000000000e+00,1.600000000000000000e+01,1.600000000000000000e+01,2.020000000000000000e+02,1.240000000000000000e+02,1.680000000000000000e+02,1.200000000000000000e+02,1.370000000000000000e+02,1.600000000000000000e+01,4.000000000000000000e+00
-1.000000000000000000e+00,1.600000000000000000e+01,1.600000000000000000e+01,2.170000000000000000e+02,1.230000000000000000e+02,1.840000000000000000e+02,1.200000000000000000e+02,1.330000000000000000e+02,1.500000000000000000e+01,4.000000000000000000e+00
-1.000000000000000000e+00,8.000000000000000000e+00,1.600000000000000000e+01,2.280000000000000000e+02,1.230000000000000000e+02,1.960000000000000000e+02,1.200000000000000000e+02,1.310000000000000000e+02,1.400000000000000000e+01,4.000000000000000000e+00
-1.000000000000000000e+00,8.000000000000000000e+00,1.600000000000000000e+01,2.360000000000000000e+02,1.230000000000000000e+02,2.040000000000000000e+02,1.200000000000000000e+02,1.290000000000000000e+02,1.400000000000000000e+01,4.000000000000000000e+00
-1.000000000000000000e+00,1.600000000000000000e+01,1.600000000000000000e+01,2.480000000000000000e+02,1.230000000000000000e+02,2.160000000000000000e+02,1.200000000000000000e+02,1.310000000000000000e+02,1.400000000000000000e+01,4.000000000000000000e+00
-1.000000000000000000e+00,1.600000000000000000e+01,1.600000000000000000e+01,2.650000000000000000e+02,1.230000000000000000e+02,2.320000000000000000e+02,1.200000000000000000e+02,1.330000000000000000e+02,1.300000000000000000e+01,4.000000000000000000e+00
-1.000000000000000000e+00,1.600000000000000000e+01,8.000000000000000000e+00,2.770000000000000000e+02,1.190000000000000000e+02,2.480000000000000000e+02,1.160000000000000000e+02,1.170000000000000000e+02,1.500000000000000000e+01,4.000000000000000000e+00
-1.000000000000000000e+00,1.600000000000000000e+01,8.000000000000000000e+00,2.800000000000000000e+02,1.270000000000000000e+02,2.480000000000000000e+02,1.240000000000000000e+02,1.300000000000000000e+02,1.300000000000000000e+01,4.000000000000000000e+00
-1.000000000000000000e+00,1.600000000000000000e+01,8.000000000000000000e+00,2.940000000000000000e+02,1.190000000000000000e+02,2.640000000000000000e+02,1.160000000000000000e+02,1.230000000000000000e+02,1.400000000000000000e+01,4.000000000000000000e+00
-1.000000000000000000e+00,1.600000000000000000e+01,8.000000000000000000e+00,2.940000000000000000e+02,1.270000000000000000e+02,2.640000000000000000e+02,1.240000000000000000e+02,1.210000000000000000e+02,1.300000000000000000e+01,4.000000000000000000e+00
-1.000000000000000000e+00,1.600000000000000000e+01,1.600000000000000000e+01,3.100000000000000000e+02,1.230000000000000000e+02,2.800000000000000000e+02,1.200000000000000000e+02,1.210000000000000000e+02,1.200000000000000000e+01,4.000000000000000000e+00
-1.000000000000000000e+00,1.600000000000000000e+01,1.600000000000000000e+01,3.260000000000000000e+02,1.230000000000000000e+02,2.960000000000000000e+02,1.200000000000000000e+02,1.220000000000000000e+02,1.200000000000000000e+01,4.000000000000000000e+00
-1.000000000000000000e+00,1.600000000000000000e+01,8.000000000000000000e+00,3.410000000000000000e+02,1.190000000000000000e+02,3.120000000000000000e+02,1.160000000000000000e+02,1.160000000000000000e+02,1.300000000000000000e+01,4.000000000000000000e+00
-1.000000000000000000e+00,1.600000000000000000e+01,8.000000000000000000e+00,3.410000000000000000e+02,1.260000000000000000e+02,3.120000000000000000e+02,1.240000000000000000e+02,1.190000000000000000e+02,1.100000000000000000e+01,4.000000000000000000e+00
-1.000000000000000000e+00,1.600000000000000000e+01,1.600000000000000000e+01,3.570000000000000000e+02,1.230000000000000000e+02,3.280000000000000000e+02,1.200000000000000000e+02,1.160000000000000000e+02,1.300000000000000000e+01,4.000000000000000000e+00
-1.000000000000000000e+00,1.600000000000000000e+01,8.000000000000000000e+00,3.730000000000000000e+02,1.190000000000000000e+02,3.440000000000000000e+02,1.160000000000000000e+02,1.170000000000000000e+02,1.400000000000000000e+01,4.000000000000000000e+00
-1.000000000000000000e+00,1.600000000000000000e+01,8.000000000000000000e+00,3.730000000000000000e+02,1.270000000000000000e+02,3.440000000000000000e+02,1.240000000000000000e+02,1.160000000000000000e+02,1.400000000000000000e+01,4.000000000000000000e+00
-1.000000000000000000e+00,1.600000000000000000e+01,8.000000000000000000e+00,3.880000000000000000e+02,1.190000000000000000e+02,3.600000000000000000e+02,1.160000000000000000e+02,1.140000000000000000e+02,1.300000000000000000e+01,4.000000000000000000e+00
-1.000000000000000000e+00,1.600000000000000000e+01,8.000000000000000000e+00,3.880000000000000000e+02,1.270000000000000000e+02,3.600000000000000000e+02,1.240000000000000000e+02,1.130000000000000000e+02,1.200000000000000000e+01,4.000000000000000000e+00
-1.000000000000000000e+00,1.600000000000000000e+01,1.600000000000000000e+01,4.040000000000000000e+02,1.230000000000000000e+02,3.760000000000000000e+02,1.200000000000000000e+02,1.120000000000000000e+02,1.200000000000000000e+01,4.000000000000000000e+00
-1.000000000000000000e+00,1.600000000000000000e+01,1.600000000000000000e+01,4.190000000000000000e+02,1.230000000000000000e+02,3.920000000000000000e+02,1.200000000000000000e+02,1.110000000000000000e+02,1.200000000000000000e+01,4.000000000000000000e+00
-1.000000000000000000e+00,1.600000000000000000e+01,1.600000000000000000e+01,4.350000000000000000e+02,1.230000000000000000e+02,4.080000000000000000e+02,1.200000000000000000e+02,1.100000000000000000e+02,1.200000000000000000e+01,4.000000000000000000e+00
-1.000000000000000000e+00,1.600000000000000000e+01,1.600000000000000000e+01,4.510000000000000000e+02,1.230000000000000000e+02,4.240000000000000000e+02,1.200000000000000000e+02,1.080000000000000000e+02,1.200000000000000000e+01,4.000000000000000000e+00
-1.000000000000000000e+00,1.600000000000000000e+01,1.600000000000000000e+01,4.660000000000000000e+02,1.230000000000000000e+02,4.400000000000000000e+02,1.200000000000000000e+02,1.070000000000000000e+02,1.200000000000000000e+01,4.000000000000000000e+00
-1.000000000000000000e+00,1.600000000000000000e+01,1.600000000000000000e+01,4.820000000000000000e+02,1.230000000000000000e+02,4.560000000000000000e+02,1.200000000000000000e+02,1.060000000000000000e+02,1.200000000000000000e+01,4.000000000000000000e+00
-1.000000000000000000e+00,1.600000000000000000e+01,1.600000000000000000e+01,4.980000000000000000e+02,1.220000000000000000e+02,4.720000000000000000e+02,1.200000000000000000e+02,1.050000000000000000e+02,1.000000000000000000e+01,4.000000000000000000e+00
-1.000000000000000000e+00,8.000000000000000000e+00,8.000000000000000000e+00,5.100000000000000000e+02,1.180000000000000000e+02,4.840000000000000000e+02,1.160000000000000000e+02,1.050000000000000000e+02,1.100000000000000000e+01,4.000000000000000000e+00
-1.000000000000000000e+00,8.000000000000000000e+00,8.000000000000000000e+00,5.180000000000000000e+02,1.190000000000000000e+02,4.920000000000000000e+02,1.160000000000000000e+02,1.040000000000000000e+02,1.200000000000000000e+01,4.000000000000000000e+00
-1.000000000000000000e+00,8.000000000000000000e+00,8.000000000000000000e+00,5.100000000000000000e+02,1.260000000000000000e+02,4.840000000000000000e+02,1.240000000000000000e+02,1.050000000000000000e+02,1.100000000000000000e+01,4.000000000000000000e+00
-1.000000000000000000e+00,8.000000000000000000e+00,8.000000000000000000e+00,5.180000000000000000e+02,1.260000000000000000e+02,4.920000000000000000e+02,1.240000000000000000e+02,1.050000000000000000e+02,1.000000000000000000e+01,4.000000000000000000e+00
-1.000000000000000000e+00,1.600000000000000000e+01,1.600000000000000000e+01,5.290000000000000000e+02,1.230000000000000000e+02,5.040000000000000000e+02,1.200000000000000000e+02,1.000000000000000000e+02,1.200000000000000000e+01,4.000000000000000000e+00
-1.000000000000000000e+00,1.600000000000000000e+01,1.600000000000000000e+01,5.450000000000000000e+02,1.220000000000000000e+02,5.200000000000000000e+02,1.200000000000000000e+02,1.020000000000000000e+02,1.100000000000000000e+01,4.000000000000000000e+00
-1.000000000000000000e+00,1.600000000000000000e+01,1.600000000000000000e+01,5.600000000000000000e+02,1.220000000000000000e+02,5.360000000000000000e+02,1.200000000000000000e+02,9.700000000000000000e+01,1.100000000000000000e+01,4.000000000000000000e+00
-1.000000000000000000e+00,8.000000000000000000e+00,1.600000000000000000e+01,5.730000000000000000e+02,1.220000000000000000e+02,5.480000000000000000e+02,1.200000000000000000e+02,1.000000000000000000e+02,1.000000000000000000e+01,4.000000000000000000e+00
-1.000000000000000000e+00,8.000000000000000000e+00,1.600000000000000000e+01,5.800000000000000000e+02,1.230000000000000000e+02,5.560000000000000000e+02,1.200000000000000000e+02,9.800000000000000000e+01,1.300000000000000000e+01,4.000000000000000000e+00
-1.000000000000000000e+00,1.600000000000000000e+01,8.000000000000000000e+00,5.920000000000000000e+02,1.190000000000000000e+02,5.680000000000000000e+02,1.160000000000000000e+02,9.700000000000000000e+01,1.200000000000000000e+01,4.000000000000000000e+00
-1.000000000000000000e+00,1.600000000000000000e+01,8.000000000000000000e+00,5.920000000000000000e+02,1.260000000000000000e+02,5.680000000000000000e+02,1.240000000000000000e+02,9.700000000000000000e+01,1.000000000000000000e+01,4.000000000000000000e+00
-1.000000000000000000e+00,1.600000000000000000e+01,1.600000000000000000e+01,6.080000000000000000e+02,1.220000000000000000e+02,5.840000000000000000e+02,1.200000000000000000e+02,9.700000000000000000e+01,1.100000000000000000e+01,4.000000000000000000e+00
-1.000000000000000000e+00,1.600000000000000000e+01,1.600000000000000000e+01,6.250000000000000000e+02,1.220000000000000000e+02,6.000000000000000000e+02,1.200000000000000000e+02,1.000000000000000000e+02,1.100000000000000000e+01,4.000000000000000000e+00
-1.000000000000000000e+00,1.600000000000000000e+01,1.600000000000000000e+01,6.390000000000000000e+02,1.230000000000000000e+02,6.160000000000000000e+02,1.200000000000000000e+02,9.300000000000000000e+01,1.200000000000000000e+01,4.000000000000000000e+00
-1.000000000000000000e+00,8.000000000000000000e+00,1.600000000000000000e+01,6.510000000000000000e+02,1.220000000000000000e+02,6.280000000000000000e+02,1.200000000000000000e+02,9.200000000000000000e+01,9.000000000000000000e+00,4.000000000000000000e+00
-1.000000000000000000e+00,8.000000000000000000e+00,1.600000000000000000e+01,6.600000000000000000e+02,1.220000000000000000e+02,6.360000000000000000e+02,1.200000000000000000e+02,9.600000000000000000e+01,1.100000000000000000e+01,4.000000000000000000e+00
-1.000000000000000000e+00,1.600000000000000000e+01,1.600000000000000000e+01,6.710000000000000000e+02,1.220000000000000000e+02,6.480000000000000000e+02,1.200000000000000000e+02,9.300000000000000000e+01,1.100000000000000000e+01,4.000000000000000000e+00
-1.000000000000000000e+00,1.600000000000000000e+01,1.600000000000000000e+01,6.860000000000000000e+02,1.220000000000000000e+02,6.640000000000000000e+02,1.200000000000000000e+02,8.900000000000000000e+01,1.100000000000000000e+01,4.000000000000000000e+00
-1.000000000000000000e+00,1.600000000000000000e+01,1.600000000000000000e+01,7.020000000000000000e+02,1.220000000000000000e+02,6.800000000000000000e+02,1.200000000000000000e+02,8.900000000000000000e+01,1.100000000000000000e+01,4.000000000000000000e+00
-1.000000000000000000e+00,1.600000000000000000e+01,1.600000000000000000e+01,7.180000000000000000e+02,1.220000000000000000e+02,6.960000000000000000e+02,1.200000000000000000e+02,8.900000000000000000e+01,1.000000000000000000e+01,4.000000000000000000e+00
-1.000000000000000000e+00,1.600000000000000000e+01,1.600000000000000000e+01,7.320000000000000000e+02,1.220000000000000000e+02,7.120000000000000000e+02,1.200000000000000000e+02,8.300000000000000000e+01,1.100000000000000000e+01,4.000000000000000000e+00
-1.000000000000000000e+00,1.600000000000000000e+01,1.600000000000000000e+01,7.490000000000000000e+02,1.230000000000000000e+02,7.280000000000000000e+02,1.200000000000000000e+02,8.700000000000000000e+01,1.200000000000000000e+01,4.000000000000000000e+00
-1.000000000000000000e+00,1.600000000000000000e+01,1.600000000000000000e+01,7.650000000000000000e+02,1.230000000000000000e+02,7.440000000000000000e+02,1.200000000000000000e+02,8.400000000000000000e+01,1.200000000000000000e+01,4.000000000000000000e+00
-1.000000000000000000e+00,1.600000000000000000e+01,1.600000000000000000e+01,7.800000000000000000e+02,1.230000000000000000e+02,7.600000000000000000e+02,1.200000000000000000e+02,8.300000000000000000e+01,1.200000000000000000e+01,4.000000000000000000e+00
-1.000000000000000000e+00,1.600000000000000000e+01,1.600000000000000000e+01,7.960000000000000000e+02,1.230000000000000000e+02,7.760000000000000000e+02,1.200000000000000000e+02,8.100000000000000000e+01,1.200000000000000000e+01,4.000000000000000000e+00
-1.000000000000000000e+00,8.000000000000000000e+00,8.000000000000000000e+00,8.080000000000000000e+02,1.180000000000000000e+02,7.880000000000000000e+02,1.160000000000000000e+02,8.200000000000000000e+01,1.000000000000000000e+01,4.000000000000000000e+00
-1.000000000000000000e+00,8.000000000000000000e+00,8.000000000000000000e+00,8.150000000000000000e+02,1.190000000000000000e+02,7.960000000000000000e+02,1.160000000000000000e+02,7.900000000000000000e+01,1.200000000000000000e+01,4.000000000000000000e+00
-1.000000000000000000e+00,8.000000000000000000e+00,8.000000000000000000e+00,8.080000000000000000e+02,1.260000000000000000e+02,7.880000000000000000e+02,1.240000000000000000e+02,8.300000000000000000e+01,1.000000000000000000e+01,4.000000000000000000e+00
-1.000000000000000000e+00,8.000000000000000000e+00,8.000000000000000000e+00,8.160000000000000000e+02,1.260000000000000000e+02,7.960000000000000000e+02,1.240000000000000000e+02,8.200000000000000000e+01,1.000000000000000000e+01,4.000000000000000000e+00
-1.000000000000000000e+00,1.600000000000000000e+01,8.000000000000000000e+00,8.280000000000000000e+02,1.190000000000000000e+02,8.080000000000000000e+02,1.160000000000000000e+02,8.000000000000000000e+01,1.200000000000000000e+01,4.000000000000000000e+00
-1.000000000000000000e+00,1.600000000000000000e+01,8.000000000000000000e+00,8.280000000000000000e+02,1.260000000000000000e+02,8.080000000000000000e+02,1.240000000000000000e+02,8.200000000000000000e+01,1.000000000000000000e+01,4.000000000000000000e+00
-1.000000000000000000e+00,1.600000000000000000e+01,8.000000000000000000e+00,8.430000000000000000e+02,1.190000000000000000e+02,8.240000000000000000e+02,1.160000000000000000e+02,7.900000000000000000e+01,1.200000000000000000e+01,4.000000000000000000e+00
-1.000000000000000000e+00,1.600000000000000000e+01,8.000000000000000000e+00,8.440000000000000000e+02,1.260000000000000000e+02,8.240000000000000000e+02,1.240000000000000000e+02,8.100000000000000000e+01,1.000000000000000000e+01,4.000000000000000000e+00
-1.000000000000000000e+00,8.000000000000000000e+00,8.000000000000000000e+00,8.550000000000000000e+02,1.190000000000000000e+02,8.360000000000000000e+02,1.160000000000000000e+02,7.800000000000000000e+01,1.200000000000000000e+01,4.000000000000000000e+00
-1.000000000000000000e+00,8.000000000000000000e+00,8.000000000000000000e+00,8.620000000000000000e+02,1.170000000000000000e+02,8.440000000000000000e+02,1.160000000000000000e+02,7.500000000000000000e+01,5.000000000000000000e+00,4.000000000000000000e+00
-1.000000000000000000e+00,8.000000000000000000e+00,8.000000000000000000e+00,8.550000000000000000e+02,1.260000000000000000e+02,8.360000000000000000e+02,1.240000000000000000e+02,7.800000000000000000e+01,9.000000000000000000e+00,4.000000000000000000e+00
-1.000000000000000000e+00,8.000000000000000000e+00,8.000000000000000000e+00,8.630000000000000000e+02,1.270000000000000000e+02,8.440000000000000000e+02,1.240000000000000000e+02,7.800000000000000000e+01,1.400000000000000000e+01,4.000000000000000000e+00
-1.000000000000000000e+00,1.600000000000000000e+01,1.600000000000000000e+01,8.760000000000000000e+02,1.220000000000000000e+02,8.560000000000000000e+02,1.200000000000000000e+02,8.000000000000000000e+01,1.000000000000000000e+01,4.000000000000000000e+00
-1.000000000000000000e+00,1.600000000000000000e+01,1.600000000000000000e+01,8.910000000000000000e+02,1.220000000000000000e+02,8.720000000000000000e+02,1.200000000000000000e+02,7.600000000000000000e+01,1.000000000000000000e+01,4.000000000000000000e+00
-1.000000000000000000e+00,1.600000000000000000e+01,1.600000000000000000e+01,9.070000000000000000e+02,1.220000000000000000e+02,8.880000000000000000e+02,1.200000000000000000e+02,7.600000000000000000e+01,1.100000000000000000e+01,4.000000000000000000e+00
-1.000000000000000000e+00,8.000000000000000000e+00,8.000000000000000000e+00,9.190000000000000000e+02,1.180000000000000000e+02,9.000000000000000000e+02,1.160000000000000000e+02,7.600000000000000000e+01,1.100000000000000000e+01,4.000000000000000000e+00
-1.000000000000000000e+00,8.000000000000000000e+00,8.000000000000000000e+00,9.240000000000000000e+02,1.190000000000000000e+02,9.080000000000000000e+02,1.160000000000000000e+02,6.700000000000000000e+01,1.300000000000000000e+01,4.000000000000000000e+00
-1.000000000000000000e+00,8.000000000000000000e+00,8.000000000000000000e+00,9.190000000000000000e+02,1.260000000000000000e+02,9.000000000000000000e+02,1.240000000000000000e+02,7.600000000000000000e+01,1.100000000000000000e+01,4.000000000000000000e+00
-1.000000000000000000e+00,8.000000000000000000e+00,8.000000000000000000e+00,9.270000000000000000e+02,1.260000000000000000e+02,9.080000000000000000e+02,1.240000000000000000e+02,7.600000000000000000e+01,1.000000000000000000e+01,4.000000000000000000e+00
-1.000000000000000000e+00,8.000000000000000000e+00,8.000000000000000000e+00,9.330000000000000000e+02,1.180000000000000000e+02,9.160000000000000000e+02,1.160000000000000000e+02,6.900000000000000000e+01,1.100000000000000000e+01,4.000000000000000000e+00
-1.000000000000000000e+00,8.000000000000000000e+00,8.000000000000000000e+00,9.440000000000000000e+02,1.190000000000000000e+02,9.240000000000000000e+02,1.160000000000000000e+02,8.000000000000000000e+01,1.200000000000000000e+01,4.000000000000000000e+00
-1.000000000000000000e+00,8.000000000000000000e+00,8.000000000000000000e+00,9.350000000000000000e+02,1.260000000000000000e+02,9.160000000000000000e+02,1.240000000000000000e+02,7.600000000000000000e+01,1.000000000000000000e+01,4.000000000000000000e+00
-1.000000000000000000e+00,8.000000000000000000e+00,8.000000000000000000e+00,9.430000000000000000e+02,1.260000000000000000e+02,9.240000000000000000e+02,1.240000000000000000e+02,7.600000000000000000e+01,9.000000000000000000e+00,4.000000000000000000e+00
-1.000000000000000000e+00,1.600000000000000000e+01,1.600000000000000000e+01,9.540000000000000000e+02,1.220000000000000000e+02,9.360000000000000000e+02,1.200000000000000000e+02,7.200000000000000000e+01,1.000000000000000000e+01,4.000000000000000000e+00
-1.000000000000000000e+00,1.600000000000000000e+01,1.600000000000000000e+01,9.700000000000000000e+02,1.220000000000000000e+02,9.520000000000000000e+02,1.200000000000000000e+02,7.200000000000000000e+01,1.100000000000000000e+01,4.000000000000000000e+00
-1.000000000000000000e+00,8.000000000000000000e+00,1.600000000000000000e+01,9.810000000000000000e+02,1.220000000000000000e+02,9.640000000000000000e+02,1.200000000000000000e+02,7.100000000000000000e+01,1.000000000000000000e+01,4.000000000000000000e+00
-1.000000000000000000e+00,8.000000000000000000e+00,1.600000000000000000e+01,9.900000000000000000e+02,1.220000000000000000e+02,9.720000000000000000e+02,1.200000000000000000e+02,7.400000000000000000e+01,1.100000000000000000e+01,4.000000000000000000e+00
-1.000000000000000000e+00,1.600000000000000000e+01,1.600000000000000000e+01,1.001000000000000000e+03,1.220000000000000000e+02,9.840000000000000000e+02,1.200000000000000000e+02,7.000000000000000000e+01,9.000000000000000000e+00,4.000000000000000000e+00
-1.000000000000000000e+00,8.000000000000000000e+00,1.600000000000000000e+01,1.013000000000000000e+03,1.230000000000000000e+02,9.960000000000000000e+02,1.200000000000000000e+02,7.000000000000000000e+01,1.200000000000000000e+01,4.000000000000000000e+00
-1.000000000000000000e+00,8.000000000000000000e+00,1.600000000000000000e+01,1.022000000000000000e+03,1.220000000000000000e+02,1.004000000000000000e+03,1.200000000000000000e+02,7.400000000000000000e+01,1.100000000000000000e+01,4.000000000000000000e+00
-1.000000000000000000e+00,1.600000000000000000e+01,1.600000000000000000e+01,1.033000000000000000e+03,1.220000000000000000e+02,1.016000000000000000e+03,1.200000000000000000e+02,7.100000000000000000e+01,1.000000000000000000e+01,4.000000000000000000e+00
-1.000000000000000000e+00,1.600000000000000000e+01,1.600000000000000000e+01,1.049000000000000000e+03,1.230000000000000000e+02,1.032000000000000000e+03,1.200000000000000000e+02,7.100000000000000000e+01,1.300000000000000000e+01,4.000000000000000000e+00
-1.000000000000000000e+00,8.000000000000000000e+00,1.600000000000000000e+01,1.061000000000000000e+03,1.230000000000000000e+02,1.044000000000000000e+03,1.200000000000000000e+02,7.100000000000000000e+01,1.200000000000000000e+01,4.000000000000000000e+00
-1.000000000000000000e+00,8.000000000000000000e+00,1.600000000000000000e+01,1.068000000000000000e+03,1.230000000000000000e+02,1.052000000000000000e+03,1.200000000000000000e+02,6.600000000000000000e+01,1.200000000000000000e+01,4.000000000000000000e+00
-1.000000000000000000e+00,8.000000000000000000e+00,1.600000000000000000e+01,1.077000000000000000e+03,1.230000000000000000e+02,1.060000000000000000e+03,1.200000000000000000e+02,6.900000000000000000e+01,1.200000000000000000e+01,4.000000000000000000e+00
-1.000000000000000000e+00,8.000000000000000000e+00,1.600000000000000000e+01,1.084000000000000000e+03,1.220000000000000000e+02,1.068000000000000000e+03,1.200000000000000000e+02,6.600000000000000000e+01,1.000000000000000000e+01,4.000000000000000000e+00
-1.000000000000000000e+00,8.000000000000000000e+00,1.600000000000000000e+01,1.092000000000000000e+03,1.220000000000000000e+02,1.076000000000000000e+03,1.200000000000000000e+02,6.600000000000000000e+01,1.000000000000000000e+01,4.000000000000000000e+00
-1.000000000000000000e+00,8.000000000000000000e+00,1.600000000000000000e+01,1.100000000000000000e+03,1.220000000000000000e+02,1.084000000000000000e+03,1.200000000000000000e+02,6.500000000000000000e+01,1.000000000000000000e+01,4.000000000000000000e+00
-1.000000000000000000e+00,1.600000000000000000e+01,1.600000000000000000e+01,1.112000000000000000e+03,1.220000000000000000e+02,1.096000000000000000e+03,1.200000000000000000e+02,6.700000000000000000e+01,1.100000000000000000e+01,4.000000000000000000e+00
-1.000000000000000000e+00,8.000000000000000000e+00,1.600000000000000000e+01,1.125000000000000000e+03,1.220000000000000000e+02,1.108000000000000000e+03,1.200000000000000000e+02,6.900000000000000000e+01,9.000000000000000000e+00,4.000000000000000000e+00
-1.000000000000000000e+00,8.000000000000000000e+00,1.600000000000000000e+01,1.133000000000000000e+03,1.220000000000000000e+02,1.116000000000000000e+03,1.200000000000000000e+02,6.900000000000000000e+01,1.100000000000000000e+01,4.000000000000000000e+00
-1.000000000000000000e+00,1.600000000000000000e+01,1.600000000000000000e+01,1.145000000000000000e+03,1.220000000000000000e+02,1.128000000000000000e+03,1.200000000000000000e+02,6.900000000000000000e+01,1.000000000000000000e+01,4.000000000000000000e+00
-1.000000000000000000e+00,1.600000000000000000e+01,1.600000000000000000e+01,1.161000000000000000e+03,1.220000000000000000e+02,1.144000000000000000e+03,1.200000000000000000e+02,6.800000000000000000e+01,1.100000000000000000e+01,4.000000000000000000e+00
-1.000000000000000000e+00,1.600000000000000000e+01,1.600000000000000000e+01,1.177000000000000000e+03,1.220000000000000000e+02,1.160000000000000000e+03,1.200000000000000000e+02,6.900000000000000000e+01,1.100000000000000000e+01,4.000000000000000000e+00
-1.000000000000000000e+00,1.600000000000000000e+01,1.600000000000000000e+01,1.192000000000000000e+03,1.230000000000000000e+02,1.176000000000000000e+03,1.200000000000000000e+02,6.500000000000000000e+01,1.200000000000000000e+01,4.000000000000000000e+00
-1.000000000000000000e+00,1.600000000000000000e+01,1.600000000000000000e+01,1.208000000000000000e+03,1.230000000000000000e+02,1.192000000000000000e+03,1.200000000000000000e+02,6.500000000000000000e+01,1.200000000000000000e+01,4.000000000000000000e+00
-1.000000000000000000e+00,8.000000000000000000e+00,1.600000000000000000e+01,1.220000000000000000e+03,1.230000000000000000e+02,1.204000000000000000e+03,1.200000000000000000e+02,6.600000000000000000e+01,1.200000000000000000e+01,4.000000000000000000e+00
-1.000000000000000000e+00,8.000000000000000000e+00,1.600000000000000000e+01,1.227000000000000000e+03,1.220000000000000000e+02,1.212000000000000000e+03,1.200000000000000000e+02,6.200000000000000000e+01,1.100000000000000000e+01,4.000000000000000000e+00
-1.000000000000000000e+00,1.600000000000000000e+01,1.600000000000000000e+01,1.240000000000000000e+03,1.220000000000000000e+02,1.224000000000000000e+03,1.200000000000000000e+02,6.600000000000000000e+01,9.000000000000000000e+00,4.000000000000000000e+00
-1.000000000000000000e+00,1.600000000000000000e+01,1.600000000000000000e+01,1.255000000000000000e+03,1.220000000000000000e+02,1.240000000000000000e+03,1.200000000000000000e+02,6.300000000000000000e+01,1.000000000000000000e+01,4.000000000000000000e+00
-1.000000000000000000e+00,8.000000000000000000e+00,1.600000000000000000e+01,1.267000000000000000e+03,1.220000000000000000e+02,1.252000000000000000e+03,1.200000000000000000e+02,6.300000000000000000e+01,1.100000000000000000e+01,4.000000000000000000e+00
-1.000000000000000000e+00,8.000000000000000000e+00,1.600000000000000000e+01,1.275000000000000000e+03,1.220000000000000000e+02,1.260000000000000000e+03,1.200000000000000000e+02,6.200000000000000000e+01,1.000000000000000000e+01,4.000000000000000000e+00
-1.000000000000000000e+00,1.600000000000000000e+01,8.000000000000000000e+00,4.100000000000000000e+01,1.290000000000000000e+02,8.000000000000000000e+00,1.320000000000000000e+02,1.340000000000000000e+02,-1.300000000000000000e+01,4.000000000000000000e+00
-1.000000000000000000e+00,1.600000000000000000e+01,8.000000000000000000e+00,4.100000000000000000e+01,1.320000000000000000e+02,8.000000000000000000e+00,1.400000000000000000e+02,1.340000000000000000e+02,-3.500000000000000000e+01,4.000000000000000000e+00
-1.000000000000000000e+00,1.600000000000000000e+01,1.600000000000000000e+01,6.200000000000000000e+01,1.400000000000000000e+02,2.400000000000000000e+01,1.360000000000000000e+02,1.550000000000000000e+02,1.600000000000000000e+01,4.000000000000000000e+00
-1.000000000000000000e+00,1.600000000000000000e+01,1.600000000000000000e+01,7.800000000000000000e+01,1.390000000000000000e+02,4.000000000000000000e+01,1.360000000000000000e+02,1.530000000000000000e+02,1.500000000000000000e+01,4.000000000000000000e+00
-1.000000000000000000e+00,1.600000000000000000e+01,1.600000000000000000e+01,9.300000000000000000e+01,1.390000000000000000e+02,5.600000000000000000e+01,1.360000000000000000e+02,1.510000000000000000e+02,1.300000000000000000e+01,4.000000000000000000e+00
-1.000000000000000000e+00,1.600000000000000000e+01,1.600000000000000000e+01,1.090000000000000000e+02,1.390000000000000000e+02,7.200000000000000000e+01,1.360000000000000000e+02,1.510000000000000000e+02,1.500000000000000000e+01,4.000000000000000000e+00
-1.000000000000000000e+00,1.600000000000000000e+01,1.600000000000000000e+01,1.250000000000000000e+02,1.390000000000000000e+02,8.800000000000000000e+01,1.360000000000000000e+02,1.490000000000000000e+02,1.400000000000000000e+01,4.000000000000000000e+00
-1.000000000000000000e+00,8.000000000000000000e+00,1.600000000000000000e+01,1.360000000000000000e+02,1.390000000000000000e+02,1.000000000000000000e+02,1.360000000000000000e+02,1.460000000000000000e+02,1.300000000000000000e+01,4.000000000000000000e+00
-1.000000000000000000e+00,8.000000000000000000e+00,1.600000000000000000e+01,1.440000000000000000e+02,1.390000000000000000e+02,1.080000000000000000e+02,1.360000000000000000e+02,1.450000000000000000e+02,1.200000000000000000e+01,4.000000000000000000e+00
-1.000000000000000000e+00,1.600000000000000000e+01,1.600000000000000000e+01,1.550000000000000000e+02,1.390000000000000000e+02,1.200000000000000000e+02,1.360000000000000000e+02,1.420000000000000000e+02,1.300000000000000000e+01,4.000000000000000000e+00
-1.000000000000000000e+00,1.600000000000000000e+01,1.600000000000000000e+01,1.710000000000000000e+02,1.390000000000000000e+02,1.360000000000000000e+02,1.360000000000000000e+02,1.420000000000000000e+02,1.400000000000000000e+01,4.000000000000000000e+00
-1.000000000000000000e+00,1.600000000000000000e+01,1.600000000000000000e+01,1.860000000000000000e+02,1.380000000000000000e+02,1.520000000000000000e+02,1.360000000000000000e+02,1.360000000000000000e+02,1.100000000000000000e+01,4.000000000000000000e+00
-1.000000000000000000e+00,1.600000000000000000e+01,1.600000000000000000e+01,2.020000000000000000e+02,1.390000000000000000e+02,1.680000000000000000e+02,1.360000000000000000e+02,1.360000000000000000e+02,1.300000000000000000e+01,4.000000000000000000e+00
-1.000000000000000000e+00,8.000000000000000000e+00,1.600000000000000000e+01,2.130000000000000000e+02,1.390000000000000000e+02,1.800000000000000000e+02,1.360000000000000000e+02,1.330000000000000000e+02,1.300000000000000000e+01,4.000000000000000000e+00
-1.000000000000000000e+00,8.000000000000000000e+00,1.600000000000000000e+01,2.200000000000000000e+02,1.390000000000000000e+02,1.880000000000000000e+02,1.360000000000000000e+02,1.310000000000000000e+02,1.200000000000000000e+01,4.000000000000000000e+00
-1.000000000000000000e+00,1.600000000000000000e+01,1.600000000000000000e+01,2.320000000000000000e+02,1.390000000000000000e+02,2.000000000000000000e+02,1.360000000000000000e+02,1.310000000000000000e+02,1.400000000000000000e+01,4.000000000000000000e+00
-1.000000000000000000e+00,8.000000000000000000e+00,1.600000000000000000e+01,2.440000000000000000e+02,1.390000000000000000e+02,2.120000000000000000e+02,1.360000000000000000e+02,1.310000000000000000e+02,1.300000000000000000e+01,4.000000000000000000e+00
-1.000000000000000000e+00,8.000000000000000000e+00,1.600000000000000000e+01,2.520000000000000000e+02,1.390000000000000000e+02,2.200000000000000000e+02,1.360000000000000000e+02,1.310000000000000000e+02,1.200000000000000000e+01,4.000000000000000000e+00
-1.000000000000000000e+00,1.600000000000000000e+01,1.600000000000000000e+01,2.630000000000000000e+02,1.390000000000000000e+02,2.320000000000000000e+02,1.360000000000000000e+02,1.270000000000000000e+02,1.200000000000000000e+01,4.000000000000000000e+00
-1.000000000000000000e+00,1.600000000000000000e+01,1.600000000000000000e+01,2.790000000000000000e+02,1.380000000000000000e+02,2.480000000000000000e+02,1.360000000000000000e+02,1.250000000000000000e+02,1.100000000000000000e+01,4.000000000000000000e+00
-1.000000000000000000e+00,1.600000000000000000e+01,1.600000000000000000e+01,2.940000000000000000e+02,1.390000000000000000e+02,2.640000000000000000e+02,1.360000000000000000e+02,1.230000000000000000e+02,1.200000000000000000e+01,4.000000000000000000e+00
-1.000000000000000000e+00,1.600000000000000000e+01,1.600000000000000000e+01,3.100000000000000000e+02,1.390000000000000000e+02,2.800000000000000000e+02,1.360000000000000000e+02,1.210000000000000000e+02,1.200000000000000000e+01,4.000000000000000000e+00
-1.000000000000000000e+00,1.600000000000000000e+01,1.600000000000000000e+01,3.260000000000000000e+02,1.390000000000000000e+02,2.960000000000000000e+02,1.360000000000000000e+02,1.220000000000000000e+02,1.200000000000000000e+01,4.000000000000000000e+00
-1.000000000000000000e+00,1.600000000000000000e+01,1.600000000000000000e+01,3.420000000000000000e+02,1.390000000000000000e+02,3.120000000000000000e+02,1.360000000000000000e+02,1.200000000000000000e+02,1.200000000000000000e+01,4.000000000000000000e+00
-1.000000000000000000e+00,1.600000000000000000e+01,1.600000000000000000e+01,3.570000000000000000e+02,1.380000000000000000e+02,3.280000000000000000e+02,1.360000000000000000e+02,1.170000000000000000e+02,9.000000000000000000e+00,4.000000000000000000e+00
-1.000000000000000000e+00,8.000000000000000000e+00,1.600000000000000000e+01,3.690000000000000000e+02,1.380000000000000000e+02,3.400000000000000000e+02,1.360000000000000000e+02,1.180000000000000000e+02,1.000000000000000000e+01,4.000000000000000000e+00
-1.000000000000000000e+00,8.000000000000000000e+00,1.600000000000000000e+01,3.760000000000000000e+02,1.390000000000000000e+02,3.480000000000000000e+02,1.360000000000000000e+02,1.150000000000000000e+02,1.200000000000000000e+01,4.000000000000000000e+00
-1.000000000000000000e+00,8.000000000000000000e+00,1.600000000000000000e+01,3.840000000000000000e+02,1.380000000000000000e+02,3.560000000000000000e+02,1.360000000000000000e+02,1.150000000000000000e+02,1.000000000000000000e+01,4.000000000000000000e+00
-1.000000000000000000e+00,8.000000000000000000e+00,1.600000000000000000e+01,3.920000000000000000e+02,1.390000000000000000e+02,3.640000000000000000e+02,1.360000000000000000e+02,1.150000000000000000e+02,1.200000000000000000e+01,4.000000000000000000e+00
-1.000000000000000000e+00,1.600000000000000000e+01,1.600000000000000000e+01,4.040000000000000000e+02,1.380000000000000000e+02,3.760000000000000000e+02,1.360000000000000000e+02,1.120000000000000000e+02,1.000000000000000000e+01,4.000000000000000000e+00
-1.000000000000000000e+00,1.600000000000000000e+01,1.600000000000000000e+01,4.190000000000000000e+02,1.390000000000000000e+02,3.920000000000000000e+02,1.360000000000000000e+02,1.100000000000000000e+02,1.300000000000000000e+01,4.000000000000000000e+00
-1.000000000000000000e+00,1.600000000000000000e+01,8.000000000000000000e+00,4.350000000000000000e+02,1.350000000000000000e+02,4.080000000000000000e+02,1.320000000000000000e+02,1.100000000000000000e+02,1.300000000000000000e+01,4.000000000000000000e+00
-1.000000000000000000e+00,1.600000000000000000e+01,8.000000000000000000e+00,4.350000000000000000e+02,1.420000000000000000e+02,4.080000000000000000e+02,1.400000000000000000e+02,1.100000000000000000e+02,1.100000000000000000e+01,4.000000000000000000e+00
-1.000000000000000000e+00,1.600000000000000000e+01,1.600000000000000000e+01,4.510000000000000000e+02,1.380000000000000000e+02,4.240000000000000000e+02,1.360000000000000000e+02,1.080000000000000000e+02,1.100000000000000000e+01,4.000000000000000000e+00
-1.000000000000000000e+00,1.600000000000000000e+01,1.600000000000000000e+01,4.660000000000000000e+02,1.380000000000000000e+02,4.400000000000000000e+02,1.360000000000000000e+02,1.040000000000000000e+02,1.100000000000000000e+01,4.000000000000000000e+00
-1.000000000000000000e+00,1.600000000000000000e+01,1.600000000000000000e+01,4.820000000000000000e+02,1.380000000000000000e+02,4.560000000000000000e+02,1.360000000000000000e+02,1.050000000000000000e+02,9.000000000000000000e+00,4.000000000000000000e+00
-1.000000000000000000e+00,1.600000000000000000e+01,1.600000000000000000e+01,4.980000000000000000e+02,1.380000000000000000e+02,4.720000000000000000e+02,1.360000000000000000e+02,1.050000000000000000e+02,1.000000000000000000e+01,4.000000000000000000e+00
-1.000000000000000000e+00,1.600000000000000000e+01,1.600000000000000000e+01,5.140000000000000000e+02,1.380000000000000000e+02,4.880000000000000000e+02,1.360000000000000000e+02,1.050000000000000000e+02,1.100000000000000000e+01,4.000000000000000000e+00
-1.000000000000000000e+00,1.600000000000000000e+01,1.600000000000000000e+01,5.290000000000000000e+02,1.390000000000000000e+02,5.040000000000000000e+02,1.360000000000000000e+02,1.010000000000000000e+02,1.200000000000000000e+01,4.000000000000000000e+00
-1.000000000000000000e+00,1.600000000000000000e+01,1.600000000000000000e+01,5.450000000000000000e+02,1.380000000000000000e+02,5.200000000000000000e+02,1.360000000000000000e+02,1.010000000000000000e+02,1.000000000000000000e+01,4.000000000000000000e+00
-1.000000000000000000e+00,1.600000000000000000e+01,1.600000000000000000e+01,5.600000000000000000e+02,1.380000000000000000e+02,5.360000000000000000e+02,1.360000000000000000e+02,9.800000000000000000e+01,1.000000000000000000e+01,4.000000000000000000e+00
-1.000000000000000000e+00,1.600000000000000000e+01,1.600000000000000000e+01,5.760000000000000000e+02,1.380000000000000000e+02,5.520000000000000000e+02,1.360000000000000000e+02,9.800000000000000000e+01,1.000000000000000000e+01,4.000000000000000000e+00
-1.000000000000000000e+00,1.600000000000000000e+01,1.600000000000000000e+01,5.920000000000000000e+02,1.380000000000000000e+02,5.680000000000000000e+02,1.360000000000000000e+02,9.700000000000000000e+01,1.000000000000000000e+01,4.000000000000000000e+00
-1.000000000000000000e+00,1.600000000000000000e+01,1.600000000000000000e+01,6.080000000000000000e+02,1.380000000000000000e+02,5.840000000000000000e+02,1.360000000000000000e+02,9.900000000000000000e+01,1.100000000000000000e+01,4.000000000000000000e+00
-1.000000000000000000e+00,1.600000000000000000e+01,1.600000000000000000e+01,6.230000000000000000e+02,1.380000000000000000e+02,6.000000000000000000e+02,1.360000000000000000e+02,9.200000000000000000e+01,1.100000000000000000e+01,4.000000000000000000e+00
-1.000000000000000000e+00,1.600000000000000000e+01,1.600000000000000000e+01,6.380000000000000000e+02,1.380000000000000000e+02,6.160000000000000000e+02,1.360000000000000000e+02,9.100000000000000000e+01,1.000000000000000000e+01,4.000000000000000000e+00
-1.000000000000000000e+00,1.600000000000000000e+01,8.000000000000000000e+00,6.550000000000000000e+02,1.340000000000000000e+02,6.320000000000000000e+02,1.320000000000000000e+02,9.300000000000000000e+01,1.000000000000000000e+01,4.000000000000000000e+00
-1.000000000000000000e+00,1.600000000000000000e+01,8.000000000000000000e+00,6.540000000000000000e+02,1.420000000000000000e+02,6.320000000000000000e+02,1.400000000000000000e+02,9.100000000000000000e+01,1.000000000000000000e+01,4.000000000000000000e+00
-1.000000000000000000e+00,1.600000000000000000e+01,8.000000000000000000e+00,6.700000000000000000e+02,1.340000000000000000e+02,6.480000000000000000e+02,1.320000000000000000e+02,9.100000000000000000e+01,1.000000000000000000e+01,4.000000000000000000e+00
-1.000000000000000000e+00,1.600000000000000000e+01,8.000000000000000000e+00,6.700000000000000000e+02,1.420000000000000000e+02,6.480000000000000000e+02,1.400000000000000000e+02,9.100000000000000000e+01,1.000000000000000000e+01,4.000000000000000000e+00
-1.000000000000000000e+00,1.600000000000000000e+01,1.600000000000000000e+01,6.870000000000000000e+02,1.380000000000000000e+02,6.640000000000000000e+02,1.360000000000000000e+02,9.200000000000000000e+01,1.000000000000000000e+01,4.000000000000000000e+00
-1.000000000000000000e+00,1.600000000000000000e+01,1.600000000000000000e+01,7.020000000000000000e+02,1.380000000000000000e+02,6.800000000000000000e+02,1.360000000000000000e+02,9.100000000000000000e+01,1.000000000000000000e+01,4.000000000000000000e+00
-1.000000000000000000e+00,1.600000000000000000e+01,1.600000000000000000e+01,7.180000000000000000e+02,1.380000000000000000e+02,6.960000000000000000e+02,1.360000000000000000e+02,8.800000000000000000e+01,1.000000000000000000e+01,4.000000000000000000e+00
-1.000000000000000000e+00,1.600000000000000000e+01,1.600000000000000000e+01,7.340000000000000000e+02,1.380000000000000000e+02,7.120000000000000000e+02,1.360000000000000000e+02,8.800000000000000000e+01,1.000000000000000000e+01,4.000000000000000000e+00
-1.000000000000000000e+00,8.000000000000000000e+00,1.600000000000000000e+01,7.450000000000000000e+02,1.380000000000000000e+02,7.240000000000000000e+02,1.360000000000000000e+02,8.600000000000000000e+01,1.100000000000000000e+01,4.000000000000000000e+00
-1.000000000000000000e+00,8.000000000000000000e+00,1.600000000000000000e+01,7.530000000000000000e+02,1.380000000000000000e+02,7.320000000000000000e+02,1.360000000000000000e+02,8.400000000000000000e+01,1.000000000000000000e+01,4.000000000000000000e+00
-1.000000000000000000e+00,1.600000000000000000e+01,8.000000000000000000e+00,7.650000000000000000e+02,1.340000000000000000e+02,7.440000000000000000e+02,1.320000000000000000e+02,8.500000000000000000e+01,1.100000000000000000e+01,4.000000000000000000e+00
-1.000000000000000000e+00,1.600000000000000000e+01,8.000000000000000000e+00,7.650000000000000000e+02,1.420000000000000000e+02,7.440000000000000000e+02,1.400000000000000000e+02,8.700000000000000000e+01,1.000000000000000000e+01,4.000000000000000000e+00
-1.000000000000000000e+00,1.600000000000000000e+01,8.000000000000000000e+00,7.800000000000000000e+02,1.340000000000000000e+02,7.600000000000000000e+02,1.320000000000000000e+02,8.300000000000000000e+01,1.000000000000000000e+01,4.000000000000000000e+00
-1.000000000000000000e+00,1.600000000000000000e+01,8.000000000000000000e+00,7.800000000000000000e+02,1.420000000000000000e+02,7.600000000000000000e+02,1.400000000000000000e+02,8.200000000000000000e+01,9.000000000000000000e+00,4.000000000000000000e+00
-1.000000000000000000e+00,1.600000000000000000e+01,1.600000000000000000e+01,7.960000000000000000e+02,1.380000000000000000e+02,7.760000000000000000e+02,1.360000000000000000e+02,8.200000000000000000e+01,1.000000000000000000e+01,4.000000000000000000e+00
-1.000000000000000000e+00,1.600000000000000000e+01,1.600000000000000000e+01,8.120000000000000000e+02,1.380000000000000000e+02,7.920000000000000000e+02,1.360000000000000000e+02,8.200000000000000000e+01,1.000000000000000000e+01,4.000000000000000000e+00
-1.000000000000000000e+00,1.600000000000000000e+01,1.600000000000000000e+01,8.280000000000000000e+02,1.380000000000000000e+02,8.080000000000000000e+02,1.360000000000000000e+02,8.200000000000000000e+01,1.000000000000000000e+01,4.000000000000000000e+00
-1.000000000000000000e+00,1.600000000000000000e+01,1.600000000000000000e+01,8.440000000000000000e+02,1.380000000000000000e+02,8.240000000000000000e+02,1.360000000000000000e+02,8.100000000000000000e+01,1.000000000000000000e+01,4.000000000000000000e+00
-1.000000000000000000e+00,1.600000000000000000e+01,1.600000000000000000e+01,8.600000000000000000e+02,1.380000000000000000e+02,8.400000000000000000e+02,1.360000000000000000e+02,8.000000000000000000e+01,1.000000000000000000e+01,4.000000000000000000e+00
-1.000000000000000000e+00,1.600000000000000000e+01,1.600000000000000000e+01,8.750000000000000000e+02,1.380000000000000000e+02,8.560000000000000000e+02,1.360000000000000000e+02,7.700000000000000000e+01,1.000000000000000000e+01,4.000000000000000000e+00
-1.000000000000000000e+00,1.600000000000000000e+01,1.600000000000000000e+01,8.910000000000000000e+02,1.380000000000000000e+02,8.720000000000000000e+02,1.360000000000000000e+02,7.600000000000000000e+01,1.000000000000000000e+01,4.000000000000000000e+00
-1.000000000000000000e+00,1.600000000000000000e+01,1.600000000000000000e+01,9.070000000000000000e+02,1.380000000000000000e+02,8.880000000000000000e+02,1.360000000000000000e+02,7.600000000000000000e+01,1.000000000000000000e+01,4.000000000000000000e+00
-1.000000000000000000e+00,8.000000000000000000e+00,1.600000000000000000e+01,9.190000000000000000e+02,1.380000000000000000e+02,9.000000000000000000e+02,1.360000000000000000e+02,7.900000000000000000e+01,1.000000000000000000e+01,4.000000000000000000e+00
-1.000000000000000000e+00,8.000000000000000000e+00,1.600000000000000000e+01,9.270000000000000000e+02,1.380000000000000000e+02,9.080000000000000000e+02,1.360000000000000000e+02,7.800000000000000000e+01,1.000000000000000000e+01,4.000000000000000000e+00
-1.000000000000000000e+00,8.000000000000000000e+00,1.600000000000000000e+01,9.340000000000000000e+02,1.380000000000000000e+02,9.160000000000000000e+02,1.360000000000000000e+02,7.500000000000000000e+01,1.000000000000000000e+01,4.000000000000000000e+00
-1.000000000000000000e+00,8.000000000000000000e+00,1.600000000000000000e+01,9.420000000000000000e+02,1.380000000000000000e+02,9.240000000000000000e+02,1.360000000000000000e+02,7.200000000000000000e+01,1.000000000000000000e+01,4.000000000000000000e+00
-1.000000000000000000e+00,1.600000000000000000e+01,1.600000000000000000e+01,9.540000000000000000e+02,1.380000000000000000e+02,9.360000000000000000e+02,1.360000000000000000e+02,7.500000000000000000e+01,1.000000000000000000e+01,4.000000000000000000e+00
-1.000000000000000000e+00,1.600000000000000000e+01,1.600000000000000000e+01,9.700000000000000000e+02,1.390000000000000000e+02,9.520000000000000000e+02,1.360000000000000000e+02,7.400000000000000000e+01,1.300000000000000000e+01,4.000000000000000000e+00
-1.000000000000000000e+00,1.600000000000000000e+01,1.600000000000000000e+01,9.850000000000000000e+02,1.380000000000000000e+02,9.680000000000000000e+02,1.360000000000000000e+02,6.900000000000000000e+01,1.000000000000000000e+01,4.000000000000000000e+00
-1.000000000000000000e+00,1.600000000000000000e+01,1.600000000000000000e+01,1.001000000000000000e+03,1.380000000000000000e+02,9.840000000000000000e+02,1.360000000000000000e+02,7.100000000000000000e+01,1.000000000000000000e+01,4.000000000000000000e+00
-1.000000000000000000e+00,1.600000000000000000e+01,1.600000000000000000e+01,1.018000000000000000e+03,1.380000000000000000e+02,1.000000000000000000e+03,1.360000000000000000e+02,7.300000000000000000e+01,1.000000000000000000e+01,4.000000000000000000e+00
-1.000000000000000000e+00,8.000000000000000000e+00,8.000000000000000000e+00,1.029000000000000000e+03,1.340000000000000000e+02,1.012000000000000000e+03,1.320000000000000000e+02,7.100000000000000000e+01,1.000000000000000000e+01,4.000000000000000000e+00
-1.000000000000000000e+00,8.000000000000000000e+00,8.000000000000000000e+00,1.037000000000000000e+03,1.340000000000000000e+02,1.020000000000000000e+03,1.320000000000000000e+02,7.100000000000000000e+01,1.000000000000000000e+01,4.000000000000000000e+00
-1.000000000000000000e+00,8.000000000000000000e+00,8.000000000000000000e+00,1.029000000000000000e+03,1.420000000000000000e+02,1.012000000000000000e+03,1.400000000000000000e+02,6.900000000000000000e+01,1.000000000000000000e+01,4.000000000000000000e+00
-1.000000000000000000e+00,8.000000000000000000e+00,8.000000000000000000e+00,1.038000000000000000e+03,1.410000000000000000e+02,1.020000000000000000e+03,1.400000000000000000e+02,7.400000000000000000e+01,7.000000000000000000e+00,4.000000000000000000e+00
-1.000000000000000000e+00,1.600000000000000000e+01,1.600000000000000000e+01,1.049000000000000000e+03,1.380000000000000000e+02,1.032000000000000000e+03,1.360000000000000000e+02,6.900000000000000000e+01,1.000000000000000000e+01,4.000000000000000000e+00
-1.000000000000000000e+00,8.000000000000000000e+00,1.600000000000000000e+01,1.061000000000000000e+03,1.380000000000000000e+02,1.044000000000000000e+03,1.360000000000000000e+02,7.100000000000000000e+01,9.000000000000000000e+00,4.000000000000000000e+00
-1.000000000000000000e+00,8.000000000000000000e+00,1.600000000000000000e+01,1.068000000000000000e+03,1.380000000000000000e+02,1.052000000000000000e+03,1.360000000000000000e+02,6.700000000000000000e+01,1.000000000000000000e+01,4.000000000000000000e+00
-1.000000000000000000e+00,1.600000000000000000e+01,8.000000000000000000e+00,1.081000000000000000e+03,1.340000000000000000e+02,1.064000000000000000e+03,1.320000000000000000e+02,6.900000000000000000e+01,1.000000000000000000e+01,4.000000000000000000e+00
-1.000000000000000000e+00,1.600000000000000000e+01,8.000000000000000000e+00,1.080000000000000000e+03,1.420000000000000000e+02,1.064000000000000000e+03,1.400000000000000000e+02,6.700000000000000000e+01,1.000000000000000000e+01,4.000000000000000000e+00
-1.000000000000000000e+00,1.600000000000000000e+01,1.600000000000000000e+01,1.097000000000000000e+03,1.380000000000000000e+02,1.080000000000000000e+03,1.360000000000000000e+02,6.800000000000000000e+01,1.000000000000000000e+01,4.000000000000000000e+00
-1.000000000000000000e+00,1.600000000000000000e+01,1.600000000000000000e+01,1.113000000000000000e+03,1.380000000000000000e+02,1.096000000000000000e+03,1.360000000000000000e+02,6.800000000000000000e+01,1.000000000000000000e+01,4.000000000000000000e+00
-1.000000000000000000e+00,1.600000000000000000e+01,8.000000000000000000e+00,1.129000000000000000e+03,1.340000000000000000e+02,1.112000000000000000e+03,1.320000000000000000e+02,7.100000000000000000e+01,1.000000000000000000e+01,4.000000000000000000e+00
-1.000000000000000000e+00,1.600000000000000000e+01,8.000000000000000000e+00,1.129000000000000000e+03,1.420000000000000000e+02,1.112000000000000000e+03,1.400000000000000000e+02,6.800000000000000000e+01,1.000000000000000000e+01,4.000000000000000000e+00
-1.000000000000000000e+00,1.600000000000000000e+01,8.000000000000000000e+00,1.145000000000000000e+03,1.340000000000000000e+02,1.128000000000000000e+03,1.320000000000000000e+02,6.900000000000000000e+01,1.000000000000000000e+01,4.000000000000000000e+00
-1.000000000000000000e+00,1.600000000000000000e+01,8.000000000000000000e+00,1.145000000000000000e+03,1.420000000000000000e+02,1.128000000000000000e+03,1.400000000000000000e+02,6.800000000000000000e+01,1.000000000000000000e+01,4.000000000000000000e+00
-1.000000000000000000e+00,1.600000000000000000e+01,1.600000000000000000e+01,1.161000000000000000e+03,1.380000000000000000e+02,1.144000000000000000e+03,1.360000000000000000e+02,6.900000000000000000e+01,1.100000000000000000e+01,4.000000000000000000e+00
-1.000000000000000000e+00,1.600000000000000000e+01,1.600000000000000000e+01,1.176000000000000000e+03,1.380000000000000000e+02,1.160000000000000000e+03,1.360000000000000000e+02,6.500000000000000000e+01,1.100000000000000000e+01,4.000000000000000000e+00
-1.000000000000000000e+00,1.600000000000000000e+01,1.600000000000000000e+01,1.192000000000000000e+03,1.380000000000000000e+02,1.176000000000000000e+03,1.360000000000000000e+02,6.500000000000000000e+01,1.100000000000000000e+01,4.000000000000000000e+00
-1.000000000000000000e+00,1.600000000000000000e+01,1.600000000000000000e+01,1.208000000000000000e+03,1.380000000000000000e+02,1.192000000000000000e+03,1.360000000000000000e+02,6.500000000000000000e+01,1.000000000000000000e+01,4.000000000000000000e+00
-1.000000000000000000e+00,1.600000000000000000e+01,1.600000000000000000e+01,1.224000000000000000e+03,1.380000000000000000e+02,1.208000000000000000e+03,1.360000000000000000e+02,6.500000000000000000e+01,1.000000000000000000e+01,4.000000000000000000e+00
-1.000000000000000000e+00,1.600000000000000000e+01,1.600000000000000000e+01,1.241000000000000000e+03,1.380000000000000000e+02,1.224000000000000000e+03,1.360000000000000000e+02,6.800000000000000000e+01,9.000000000000000000e+00,4.000000000000000000e+00
-1.000000000000000000e+00,1.600000000000000000e+01,1.600000000000000000e+01,1.256000000000000000e+03,1.380000000000000000e+02,1.240000000000000000e+03,1.360000000000000000e+02,6.600000000000000000e+01,1.000000000000000000e+01,4.000000000000000000e+00
-1.000000000000000000e+00,1.600000000000000000e+01,1.600000000000000000e+01,1.272000000000000000e+03,1.390000000000000000e+02,1.256000000000000000e+03,1.360000000000000000e+02,6.600000000000000000e+01,1.200000000000000000e+01,4.000000000000000000e+00
-1.000000000000000000e+00,1.600000000000000000e+01,1.600000000000000000e+01,4.700000000000000000e+01,1.540000000000000000e+02,8.000000000000000000e+00,1.520000000000000000e+02,1.590000000000000000e+02,9.000000000000000000e+00,4.000000000000000000e+00
-1.000000000000000000e+00,1.600000000000000000e+01,8.000000000000000000e+00,6.300000000000000000e+01,1.520000000000000000e+02,2.400000000000000000e+01,1.480000000000000000e+02,1.580000000000000000e+02,1.800000000000000000e+01,4.000000000000000000e+00
-1.000000000000000000e+00,1.600000000000000000e+01,8.000000000000000000e+00,6.300000000000000000e+01,1.580000000000000000e+02,2.400000000000000000e+01,1.560000000000000000e+02,1.590000000000000000e+02,9.000000000000000000e+00,4.000000000000000000e+00
-1.000000000000000000e+00,1.600000000000000000e+01,1.600000000000000000e+01,7.800000000000000000e+01,1.550000000000000000e+02,4.000000000000000000e+01,1.520000000000000000e+02,1.530000000000000000e+02,1.300000000000000000e+01,4.000000000000000000e+00
-1.000000000000000000e+00,1.600000000000000000e+01,1.600000000000000000e+01,9.300000000000000000e+01,1.550000000000000000e+02,5.600000000000000000e+01,1.520000000000000000e+02,1.510000000000000000e+02,1.200000000000000000e+01,4.000000000000000000e+00
-1.000000000000000000e+00,1.600000000000000000e+01,1.600000000000000000e+01,1.100000000000000000e+02,1.550000000000000000e+02,7.200000000000000000e+01,1.520000000000000000e+02,1.530000000000000000e+02,1.200000000000000000e+01,4.000000000000000000e+00
-1.000000000000000000e+00,1.600000000000000000e+01,1.600000000000000000e+01,1.240000000000000000e+02,1.550000000000000000e+02,8.800000000000000000e+01,1.520000000000000000e+02,1.450000000000000000e+02,1.300000000000000000e+01,4.000000000000000000e+00
-1.000000000000000000e+00,1.600000000000000000e+01,1.600000000000000000e+01,1.400000000000000000e+02,1.550000000000000000e+02,1.040000000000000000e+02,1.520000000000000000e+02,1.450000000000000000e+02,1.300000000000000000e+01,4.000000000000000000e+00
-1.000000000000000000e+00,1.600000000000000000e+01,1.600000000000000000e+01,1.560000000000000000e+02,1.550000000000000000e+02,1.200000000000000000e+02,1.520000000000000000e+02,1.440000000000000000e+02,1.300000000000000000e+01,4.000000000000000000e+00
-1.000000000000000000e+00,1.600000000000000000e+01,8.000000000000000000e+00,1.710000000000000000e+02,1.510000000000000000e+02,1.360000000000000000e+02,1.480000000000000000e+02,1.420000000000000000e+02,1.300000000000000000e+01,4.000000000000000000e+00
-1.000000000000000000e+00,1.600000000000000000e+01,8.000000000000000000e+00,1.720000000000000000e+02,1.590000000000000000e+02,1.360000000000000000e+02,1.560000000000000000e+02,1.440000000000000000e+02,1.300000000000000000e+01,4.000000000000000000e+00
-1.000000000000000000e+00,1.600000000000000000e+01,1.600000000000000000e+01,1.860000000000000000e+02,1.550000000000000000e+02,1.520000000000000000e+02,1.520000000000000000e+02,1.360000000000000000e+02,1.200000000000000000e+01,4.000000000000000000e+00
-1.000000000000000000e+00,1.600000000000000000e+01,1.600000000000000000e+01,2.020000000000000000e+02,1.550000000000000000e+02,1.680000000000000000e+02,1.520000000000000000e+02,1.360000000000000000e+02,1.300000000000000000e+01,4.000000000000000000e+00
-1.000000000000000000e+00,1.600000000000000000e+01,1.600000000000000000e+01,2.170000000000000000e+02,1.550000000000000000e+02,1.840000000000000000e+02,1.520000000000000000e+02,1.330000000000000000e+02,1.300000000000000000e+01,4.000000000000000000e+00
-1.000000000000000000e+00,1.600000000000000000e+01,1.600000000000000000e+01,2.320000000000000000e+02,1.550000000000000000e+02,2.000000000000000000e+02,1.520000000000000000e+02,1.300000000000000000e+02,1.200000000000000000e+01,4.000000000000000000e+00
-1.000000000000000000e+00,1.600000000000000000e+01,1.600000000000000000e+01,2.480000000000000000e+02,1.540000000000000000e+02,2.160000000000000000e+02,1.520000000000000000e+02,1.300000000000000000e+02,1.100000000000000000e+01,4.000000000000000000e+00
-1.000000000000000000e+00,1.600000000000000000e+01,8.000000000000000000e+00,2.630000000000000000e+02,1.510000000000000000e+02,2.320000000000000000e+02,1.480000000000000000e+02,1.260000000000000000e+02,1.200000000000000000e+01,4.000000000000000000e+00
-1.000000000000000000e+00,1.600000000000000000e+01,8.000000000000000000e+00,2.640000000000000000e+02,1.580000000000000000e+02,2.320000000000000000e+02,1.560000000000000000e+02,1.300000000000000000e+02,1.100000000000000000e+01,4.000000000000000000e+00
-1.000000000000000000e+00,1.600000000000000000e+01,1.600000000000000000e+01,2.800000000000000000e+02,1.540000000000000000e+02,2.480000000000000000e+02,1.520000000000000000e+02,1.300000000000000000e+02,1.000000000000000000e+01,4.000000000000000000e+00
-1.000000000000000000e+00,1.600000000000000000e+01,1.600000000000000000e+01,2.940000000000000000e+02,1.540000000000000000e+02,2.640000000000000000e+02,1.520000000000000000e+02,1.200000000000000000e+02,9.000000000000000000e+00,4.000000000000000000e+00
-1.000000000000000000e+00,1.600000000000000000e+01,1.600000000000000000e+01,3.100000000000000000e+02,1.540000000000000000e+02,2.800000000000000000e+02,1.520000000000000000e+02,1.210000000000000000e+02,1.000000000000000000e+01,4.000000000000000000e+00
-1.000000000000000000e+00,1.600000000000000000e+01,1.600000000000000000e+01,3.260000000000000000e+02,1.540000000000000000e+02,2.960000000000000000e+02,1.520000000000000000e+02,1.210000000000000000e+02,1.100000000000000000e+01,4.000000000000000000e+00
-1.000000000000000000e+00,1.600000000000000000e+01,1.600000000000000000e+01,3.420000000000000000e+02,1.540000000000000000e+02,3.120000000000000000e+02,1.520000000000000000e+02,1.200000000000000000e+02,9.000000000000000000e+00,4.000000000000000000e+00
-1.000000000000000000e+00,1.600000000000000000e+01,8.000000000000000000e+00,3.570000000000000000e+02,1.500000000000000000e+02,3.280000000000000000e+02,1.480000000000000000e+02,1.190000000000000000e+02,8.000000000000000000e+00,4.000000000000000000e+00
-1.000000000000000000e+00,1.600000000000000000e+01,8.000000000000000000e+00,3.570000000000000000e+02,1.580000000000000000e+02,3.280000000000000000e+02,1.560000000000000000e+02,1.190000000000000000e+02,1.000000000000000000e+01,4.000000000000000000e+00
-1.000000000000000000e+00,8.000000000000000000e+00,1.600000000000000000e+01,3.690000000000000000e+02,1.540000000000000000e+02,3.400000000000000000e+02,1.520000000000000000e+02,1.180000000000000000e+02,8.000000000000000000e+00,4.000000000000000000e+00
-1.000000000000000000e+00,8.000000000000000000e+00,1.600000000000000000e+01,3.760000000000000000e+02,1.540000000000000000e+02,3.480000000000000000e+02,1.520000000000000000e+02,1.130000000000000000e+02,8.000000000000000000e+00,4.000000000000000000e+00
-1.000000000000000000e+00,1.600000000000000000e+01,8.000000000000000000e+00,3.890000000000000000e+02,1.500000000000000000e+02,3.600000000000000000e+02,1.480000000000000000e+02,1.170000000000000000e+02,1.100000000000000000e+01,4.000000000000000000e+00
-1.000000000000000000e+00,1.600000000000000000e+01,8.000000000000000000e+00,3.880000000000000000e+02,1.580000000000000000e+02,3.600000000000000000e+02,1.560000000000000000e+02,1.130000000000000000e+02,8.000000000000000000e+00,4.000000000000000000e+00
-1.000000000000000000e+00,8.000000000000000000e+00,8.000000000000000000e+00,4.000000000000000000e+02,1.500000000000000000e+02,3.720000000000000000e+02,1.480000000000000000e+02,1.120000000000000000e+02,1.000000000000000000e+01,4.000000000000000000e+00
-1.000000000000000000e+00,8.000000000000000000e+00,8.000000000000000000e+00,4.080000000000000000e+02,1.500000000000000000e+02,3.800000000000000000e+02,1.480000000000000000e+02,1.120000000000000000e+02,1.000000000000000000e+01,4.000000000000000000e+00
-1.000000000000000000e+00,8.000000000000000000e+00,8.000000000000000000e+00,4.000000000000000000e+02,1.580000000000000000e+02,3.720000000000000000e+02,1.560000000000000000e+02,1.140000000000000000e+02,1.000000000000000000e+01,4.000000000000000000e+00
-1.000000000000000000e+00,8.000000000000000000e+00,8.000000000000000000e+00,4.070000000000000000e+02,1.580000000000000000e+02,3.800000000000000000e+02,1.560000000000000000e+02,1.100000000000000000e+02,1.100000000000000000e+01,4.000000000000000000e+00
-1.000000000000000000e+00,8.000000000000000000e+00,1.600000000000000000e+01,4.160000000000000000e+02,1.540000000000000000e+02,3.880000000000000000e+02,1.520000000000000000e+02,1.120000000000000000e+02,1.000000000000000000e+01,4.000000000000000000e+00
-1.000000000000000000e+00,8.000000000000000000e+00,1.600000000000000000e+01,4.230000000000000000e+02,1.540000000000000000e+02,3.960000000000000000e+02,1.520000000000000000e+02,1.100000000000000000e+02,1.000000000000000000e+01,4.000000000000000000e+00
-1.000000000000000000e+00,8.000000000000000000e+00,1.600000000000000000e+01,4.310000000000000000e+02,1.540000000000000000e+02,4.040000000000000000e+02,1.520000000000000000e+02,1.090000000000000000e+02,1.000000000000000000e+01,4.000000000000000000e+00
-1.000000000000000000e+00,8.000000000000000000e+00,1.600000000000000000e+01,4.380000000000000000e+02,1.540000000000000000e+02,4.120000000000000000e+02,1.520000000000000000e+02,1.060000000000000000e+02,1.000000000000000000e+01,4.000000000000000000e+00
-1.000000000000000000e+00,8.000000000000000000e+00,8.000000000000000000e+00,4.470000000000000000e+02,1.500000000000000000e+02,4.200000000000000000e+02,1.480000000000000000e+02,1.080000000000000000e+02,1.100000000000000000e+01,4.000000000000000000e+00
-1.000000000000000000e+00,8.000000000000000000e+00,8.000000000000000000e+00,4.550000000000000000e+02,1.500000000000000000e+02,4.280000000000000000e+02,1.480000000000000000e+02,1.100000000000000000e+02,1.100000000000000000e+01,4.000000000000000000e+00
-1.000000000000000000e+00,8.000000000000000000e+00,8.000000000000000000e+00,4.470000000000000000e+02,1.580000000000000000e+02,4.200000000000000000e+02,1.560000000000000000e+02,1.090000000000000000e+02,1.100000000000000000e+01,4.000000000000000000e+00
-1.000000000000000000e+00,8.000000000000000000e+00,8.000000000000000000e+00,4.530000000000000000e+02,1.580000000000000000e+02,4.280000000000000000e+02,1.560000000000000000e+02,1.030000000000000000e+02,1.100000000000000000e+01,4.000000000000000000e+00
-1.000000000000000000e+00,1.600000000000000000e+01,8.000000000000000000e+00,4.660000000000000000e+02,1.510000000000000000e+02,4.400000000000000000e+02,1.480000000000000000e+02,1.050000000000000000e+02,1.300000000000000000e+01,4.000000000000000000e+00
-1.000000000000000000e+00,1.600000000000000000e+01,8.000000000000000000e+00,4.660000000000000000e+02,1.580000000000000000e+02,4.400000000000000000e+02,1.560000000000000000e+02,1.060000000000000000e+02,1.000000000000000000e+01,4.000000000000000000e+00
-1.000000000000000000e+00,1.600000000000000000e+01,1.600000000000000000e+01,4.830000000000000000e+02,1.540000000000000000e+02,4.560000000000000000e+02,1.520000000000000000e+02,1.080000000000000000e+02,1.100000000000000000e+01,4.000000000000000000e+00
-1.000000000000000000e+00,1.600000000000000000e+01,1.600000000000000000e+01,4.980000000000000000e+02,1.540000000000000000e+02,4.720000000000000000e+02,1.520000000000000000e+02,1.060000000000000000e+02,9.000000000000000000e+00,4.000000000000000000e+00
-1.000000000000000000e+00,1.600000000000000000e+01,8.000000000000000000e+00,5.130000000000000000e+02,1.500000000000000000e+02,4.880000000000000000e+02,1.480000000000000000e+02,1.030000000000000000e+02,1.000000000000000000e+01,4.000000000000000000e+00
-1.000000000000000000e+00,1.600000000000000000e+01,8.000000000000000000e+00,5.140000000000000000e+02,1.580000000000000000e+02,4.880000000000000000e+02,1.560000000000000000e+02,1.060000000000000000e+02,9.000000000000000000e+00,4.000000000000000000e+00
-1.000000000000000000e+00,1.600000000000000000e+01,1.600000000000000000e+01,5.290000000000000000e+02,1.540000000000000000e+02,5.040000000000000000e+02,1.520000000000000000e+02,1.030000000000000000e+02,8.000000000000000000e+00,4.000000000000000000e+00
-1.000000000000000000e+00,1.600000000000000000e+01,1.600000000000000000e+01,5.440000000000000000e+02,1.560000000000000000e+02,5.200000000000000000e+02,1.520000000000000000e+02,9.600000000000000000e+01,1.600000000000000000e+01,4.000000000000000000e+00
-1.000000000000000000e+00,1.600000000000000000e+01,1.600000000000000000e+01,5.600000000000000000e+02,1.540000000000000000e+02,5.360000000000000000e+02,1.520000000000000000e+02,9.700000000000000000e+01,1.000000000000000000e+01,4.000000000000000000e+00
-1.000000000000000000e+00,1.600000000000000000e+01,1.600000000000000000e+01,5.760000000000000000e+02,1.540000000000000000e+02,5.520000000000000000e+02,1.520000000000000000e+02,9.700000000000000000e+01,1.000000000000000000e+01,4.000000000000000000e+00
-1.000000000000000000e+00,1.600000000000000000e+01,1.600000000000000000e+01,5.920000000000000000e+02,1.540000000000000000e+02,5.680000000000000000e+02,1.520000000000000000e+02,9.900000000000000000e+01,1.000000000000000000e+01,4.000000000000000000e+00
-1.000000000000000000e+00,1.600000000000000000e+01,1.600000000000000000e+01,6.080000000000000000e+02,1.530000000000000000e+02,5.840000000000000000e+02,1.520000000000000000e+02,9.900000000000000000e+01,5.000000000000000000e+00,4.000000000000000000e+00
-1.000000000000000000e+00,1.600000000000000000e+01,1.600000000000000000e+01,6.230000000000000000e+02,1.540000000000000000e+02,6.000000000000000000e+02,1.520000000000000000e+02,9.200000000000000000e+01,1.000000000000000000e+01,4.000000000000000000e+00
-1.000000000000000000e+00,1.600000000000000000e+01,1.600000000000000000e+01,6.390000000000000000e+02,1.540000000000000000e+02,6.160000000000000000e+02,1.520000000000000000e+02,9.200000000000000000e+01,9.000000000000000000e+00,4.000000000000000000e+00
-1.000000000000000000e+00,1.600000000000000000e+01,1.600000000000000000e+01,6.540000000000000000e+02,1.540000000000000000e+02,6.320000000000000000e+02,1.520000000000000000e+02,9.100000000000000000e+01,1.000000000000000000e+01,4.000000000000000000e+00
-1.000000000000000000e+00,1.600000000000000000e+01,1.600000000000000000e+01,6.710000000000000000e+02,1.540000000000000000e+02,6.480000000000000000e+02,1.520000000000000000e+02,9.200000000000000000e+01,9.000000000000000000e+00,4.000000000000000000e+00
-1.000000000000000000e+00,1.600000000000000000e+01,1.600000000000000000e+01,6.870000000000000000e+02,1.540000000000000000e+02,6.640000000000000000e+02,1.520000000000000000e+02,9.200000000000000000e+01,1.000000000000000000e+01,4.000000000000000000e+00
-1.000000000000000000e+00,1.600000000000000000e+01,1.600000000000000000e+01,7.020000000000000000e+02,1.540000000000000000e+02,6.800000000000000000e+02,1.520000000000000000e+02,8.900000000000000000e+01,1.000000000000000000e+01,4.000000000000000000e+00
-1.000000000000000000e+00,1.600000000000000000e+01,1.600000000000000000e+01,7.180000000000000000e+02,1.540000000000000000e+02,6.960000000000000000e+02,1.520000000000000000e+02,8.900000000000000000e+01,8.000000000000000000e+00,4.000000000000000000e+00
-1.000000000000000000e+00,1.600000000000000000e+01,1.600000000000000000e+01,7.330000000000000000e+02,1.540000000000000000e+02,7.120000000000000000e+02,1.520000000000000000e+02,8.700000000000000000e+01,9.000000000000000000e+00,4.000000000000000000e+00
-1.000000000000000000e+00,8.000000000000000000e+00,1.600000000000000000e+01,7.450000000000000000e+02,1.540000000000000000e+02,7.240000000000000000e+02,1.520000000000000000e+02,8.700000000000000000e+01,9.000000000000000000e+00,4.000000000000000000e+00
-1.000000000000000000e+00,8.000000000000000000e+00,1.600000000000000000e+01,7.540000000000000000e+02,1.540000000000000000e+02,7.320000000000000000e+02,1.520000000000000000e+02,8.900000000000000000e+01,1.100000000000000000e+01,4.000000000000000000e+00
-1.000000000000000000e+00,1.600000000000000000e+01,1.600000000000000000e+01,7.650000000000000000e+02,1.540000000000000000e+02,7.440000000000000000e+02,1.520000000000000000e+02,8.500000000000000000e+01,1.000000000000000000e+01,4.000000000000000000e+00
-1.000000000000000000e+00,1.600000000000000000e+01,1.600000000000000000e+01,7.810000000000000000e+02,1.540000000000000000e+02,7.600000000000000000e+02,1.520000000000000000e+02,8.600000000000000000e+01,1.000000000000000000e+01,4.000000000000000000e+00
-1.000000000000000000e+00,1.600000000000000000e+01,8.000000000000000000e+00,7.970000000000000000e+02,1.500000000000000000e+02,7.760000000000000000e+02,1.480000000000000000e+02,8.700000000000000000e+01,1.000000000000000000e+01,4.000000000000000000e+00
-1.000000000000000000e+00,1.600000000000000000e+01,8.000000000000000000e+00,7.960000000000000000e+02,1.580000000000000000e+02,7.760000000000000000e+02,1.560000000000000000e+02,8.000000000000000000e+01,9.000000000000000000e+00,4.000000000000000000e+00
-1.000000000000000000e+00,1.600000000000000000e+01,1.600000000000000000e+01,8.120000000000000000e+02,1.540000000000000000e+02,7.920000000000000000e+02,1.520000000000000000e+02,8.300000000000000000e+01,9.000000000000000000e+00,4.000000000000000000e+00
-1.000000000000000000e+00,8.000000000000000000e+00,8.000000000000000000e+00,8.240000000000000000e+02,1.510000000000000000e+02,8.040000000000000000e+02,1.480000000000000000e+02,8.200000000000000000e+01,1.200000000000000000e+01,4.000000000000000000e+00
-1.000000000000000000e+00,8.000000000000000000e+00,8.000000000000000000e+00,8.310000000000000000e+02,1.500000000000000000e+02,8.120000000000000000e+02,1.480000000000000000e+02,7.900000000000000000e+01,8.000000000000000000e+00,4.000000000000000000e+00
-1.000000000000000000e+00,8.000000000000000000e+00,8.000000000000000000e+00,8.230000000000000000e+02,1.580000000000000000e+02,8.040000000000000000e+02,1.560000000000000000e+02,7.900000000000000000e+01,9.000000000000000000e+00,4.000000000000000000e+00
-1.000000000000000000e+00,8.000000000000000000e+00,8.000000000000000000e+00,8.320000000000000000e+02,1.580000000000000000e+02,8.120000000000000000e+02,1.560000000000000000e+02,8.200000000000000000e+01,9.000000000000000000e+00,4.000000000000000000e+00
-1.000000000000000000e+00,1.600000000000000000e+01,8.000000000000000000e+00,8.440000000000000000e+02,1.500000000000000000e+02,8.240000000000000000e+02,1.480000000000000000e+02,8.100000000000000000e+01,1.000000000000000000e+01,4.000000000000000000e+00
-1.000000000000000000e+00,1.600000000000000000e+01,8.000000000000000000e+00,8.440000000000000000e+02,1.580000000000000000e+02,8.240000000000000000e+02,1.560000000000000000e+02,8.100000000000000000e+01,9.000000000000000000e+00,4.000000000000000000e+00
-1.000000000000000000e+00,1.600000000000000000e+01,1.600000000000000000e+01,8.600000000000000000e+02,1.540000000000000000e+02,8.400000000000000000e+02,1.520000000000000000e+02,8.000000000000000000e+01,1.000000000000000000e+01,4.000000000000000000e+00
-1.000000000000000000e+00,1.600000000000000000e+01,1.600000000000000000e+01,8.750000000000000000e+02,1.540000000000000000e+02,8.560000000000000000e+02,1.520000000000000000e+02,7.600000000000000000e+01,8.000000000000000000e+00,4.000000000000000000e+00
-1.000000000000000000e+00,1.600000000000000000e+01,1.600000000000000000e+01,8.900000000000000000e+02,1.540000000000000000e+02,8.720000000000000000e+02,1.520000000000000000e+02,7.500000000000000000e+01,1.000000000000000000e+01,4.000000000000000000e+00
-1.000000000000000000e+00,1.600000000000000000e+01,1.600000000000000000e+01,9.060000000000000000e+02,1.540000000000000000e+02,8.880000000000000000e+02,1.520000000000000000e+02,7.500000000000000000e+01,9.000000000000000000e+00,4.000000000000000000e+00
-1.000000000000000000e+00,1.600000000000000000e+01,8.000000000000000000e+00,9.230000000000000000e+02,1.500000000000000000e+02,9.040000000000000000e+02,1.480000000000000000e+02,7.600000000000000000e+01,1.000000000000000000e+01,4.000000000000000000e+00
-1.000000000000000000e+00,1.600000000000000000e+01,8.000000000000000000e+00,9.230000000000000000e+02,1.570000000000000000e+02,9.040000000000000000e+02,1.560000000000000000e+02,7.600000000000000000e+01,7.000000000000000000e+00,4.000000000000000000e+00
-1.000000000000000000e+00,1.600000000000000000e+01,1.600000000000000000e+01,9.380000000000000000e+02,1.540000000000000000e+02,9.200000000000000000e+02,1.520000000000000000e+02,7.200000000000000000e+01,9.000000000000000000e+00,4.000000000000000000e+00
-1.000000000000000000e+00,8.000000000000000000e+00,1.600000000000000000e+01,9.500000000000000000e+02,1.530000000000000000e+02,9.320000000000000000e+02,1.520000000000000000e+02,7.500000000000000000e+01,7.000000000000000000e+00,4.000000000000000000e+00
-1.000000000000000000e+00,8.000000000000000000e+00,1.600000000000000000e+01,9.580000000000000000e+02,1.550000000000000000e+02,9.400000000000000000e+02,1.520000000000000000e+02,7.300000000000000000e+01,1.300000000000000000e+01,4.000000000000000000e+00
-1.000000000000000000e+00,1.600000000000000000e+01,1.600000000000000000e+01,9.700000000000000000e+02,1.500000000000000000e+02,9.520000000000000000e+02,1.520000000000000000e+02,7.300000000000000000e+01,-9.000000000000000000e+00,4.000000000000000000e+00
-1.000000000000000000e+00,1.600000000000000000e+01,1.600000000000000000e+01,9.850000000000000000e+02,1.540000000000000000e+02,9.680000000000000000e+02,1.520000000000000000e+02,6.800000000000000000e+01,1.000000000000000000e+01,4.000000000000000000e+00
-1.000000000000000000e+00,1.600000000000000000e+01,8.000000000000000000e+00,1.001000000000000000e+03,1.500000000000000000e+02,9.840000000000000000e+02,1.480000000000000000e+02,7.000000000000000000e+01,9.000000000000000000e+00,4.000000000000000000e+00
-1.000000000000000000e+00,1.600000000000000000e+01,8.000000000000000000e+00,1.001000000000000000e+03,1.580000000000000000e+02,9.840000000000000000e+02,1.560000000000000000e+02,7.000000000000000000e+01,8.000000000000000000e+00,4.000000000000000000e+00
-1.000000000000000000e+00,1.600000000000000000e+01,1.600000000000000000e+01,1.017000000000000000e+03,1.540000000000000000e+02,1.000000000000000000e+03,1.520000000000000000e+02,6.900000000000000000e+01,8.000000000000000000e+00,4.000000000000000000e+00
-1.000000000000000000e+00,1.600000000000000000e+01,1.600000000000000000e+01,1.034000000000000000e+03,1.540000000000000000e+02,1.016000000000000000e+03,1.520000000000000000e+02,7.300000000000000000e+01,9.000000000000000000e+00,4.000000000000000000e+00
-1.000000000000000000e+00,1.600000000000000000e+01,1.600000000000000000e+01,1.049000000000000000e+03,1.540000000000000000e+02,1.032000000000000000e+03,1.520000000000000000e+02,6.900000000000000000e+01,8.000000000000000000e+00,4.000000000000000000e+00
-1.000000000000000000e+00,1.600000000000000000e+01,1.600000000000000000e+01,1.065000000000000000e+03,1.540000000000000000e+02,1.048000000000000000e+03,1.520000000000000000e+02,6.800000000000000000e+01,9.000000000000000000e+00,4.000000000000000000e+00
-1.000000000000000000e+00,1.600000000000000000e+01,1.600000000000000000e+01,1.080000000000000000e+03,1.550000000000000000e+02,1.064000000000000000e+03,1.520000000000000000e+02,6.700000000000000000e+01,1.200000000000000000e+01,4.000000000000000000e+00
-1.000000000000000000e+00,1.600000000000000000e+01,1.600000000000000000e+01,1.097000000000000000e+03,1.540000000000000000e+02,1.080000000000000000e+03,1.520000000000000000e+02,6.800000000000000000e+01,1.000000000000000000e+01,4.000000000000000000e+00
-1.000000000000000000e+00,1.600000000000000000e+01,8.000000000000000000e+00,1.112000000000000000e+03,1.500000000000000000e+02,1.096000000000000000e+03,1.480000000000000000e+02,6.600000000000000000e+01,1.000000000000000000e+01,4.000000000000000000e+00
-1.000000000000000000e+00,1.600000000000000000e+01,8.000000000000000000e+00,1.113000000000000000e+03,1.570000000000000000e+02,1.096000000000000000e+03,1.560000000000000000e+02,6.900000000000000000e+01,7.000000000000000000e+00,4.000000000000000000e+00
-1.000000000000000000e+00,1.600000000000000000e+01,1.600000000000000000e+01,1.128000000000000000e+03,1.540000000000000000e+02,1.112000000000000000e+03,1.520000000000000000e+02,6.600000000000000000e+01,8.000000000000000000e+00,4.000000000000000000e+00
-1.000000000000000000e+00,1.600000000000000000e+01,1.600000000000000000e+01,1.144000000000000000e+03,1.540000000000000000e+02,1.128000000000000000e+03,1.520000000000000000e+02,6.400000000000000000e+01,9.000000000000000000e+00,4.000000000000000000e+00
-1.000000000000000000e+00,1.600000000000000000e+01,1.600000000000000000e+01,1.160000000000000000e+03,1.540000000000000000e+02,1.144000000000000000e+03,1.520000000000000000e+02,6.500000000000000000e+01,1.100000000000000000e+01,4.000000000000000000e+00
-1.000000000000000000e+00,1.600000000000000000e+01,1.600000000000000000e+01,1.176000000000000000e+03,1.540000000000000000e+02,1.160000000000000000e+03,1.520000000000000000e+02,6.500000000000000000e+01,1.100000000000000000e+01,4.000000000000000000e+00
-1.000000000000000000e+00,1.600000000000000000e+01,1.600000000000000000e+01,1.192000000000000000e+03,1.540000000000000000e+02,1.176000000000000000e+03,1.520000000000000000e+02,6.500000000000000000e+01,1.100000000000000000e+01,4.000000000000000000e+00
-1.000000000000000000e+00,1.600000000000000000e+01,1.600000000000000000e+01,1.208000000000000000e+03,1.540000000000000000e+02,1.192000000000000000e+03,1.520000000000000000e+02,6.500000000000000000e+01,1.000000000000000000e+01,4.000000000000000000e+00
-1.000000000000000000e+00,1.600000000000000000e+01,1.600000000000000000e+01,1.224000000000000000e+03,1.540000000000000000e+02,1.208000000000000000e+03,1.520000000000000000e+02,6.400000000000000000e+01,9.000000000000000000e+00,4.000000000000000000e+00
-1.000000000000000000e+00,1.600000000000000000e+01,1.600000000000000000e+01,1.240000000000000000e+03,1.540000000000000000e+02,1.224000000000000000e+03,1.520000000000000000e+02,6.600000000000000000e+01,9.000000000000000000e+00,4.000000000000000000e+00
-1.000000000000000000e+00,1.600000000000000000e+01,1.600000000000000000e+01,1.256000000000000000e+03,1.540000000000000000e+02,1.240000000000000000e+03,1.520000000000000000e+02,6.600000000000000000e+01,1.000000000000000000e+01,4.000000000000000000e+00
-1.000000000000000000e+00,1.600000000000000000e+01,1.600000000000000000e+01,1.272000000000000000e+03,1.540000000000000000e+02,1.256000000000000000e+03,1.520000000000000000e+02,6.600000000000000000e+01,1.000000000000000000e+01,4.000000000000000000e+00
-1.000000000000000000e+00,1.600000000000000000e+01,1.600000000000000000e+01,1.275000000000000000e+03,1.720000000000000000e+02,1.272000000000000000e+03,1.520000000000000000e+02,1.500000000000000000e+01,8.100000000000000000e+01,4.000000000000000000e+00
-1.000000000000000000e+00,1.600000000000000000e+01,1.600000000000000000e+01,4.700000000000000000e+01,1.700000000000000000e+02,8.000000000000000000e+00,1.680000000000000000e+02,1.580000000000000000e+02,1.100000000000000000e+01,4.000000000000000000e+00
-1.000000000000000000e+00,1.600000000000000000e+01,1.600000000000000000e+01,6.300000000000000000e+01,1.710000000000000000e+02,2.400000000000000000e+01,1.680000000000000000e+02,1.580000000000000000e+02,1.200000000000000000e+01,4.000000000000000000e+00
-1.000000000000000000e+00,1.600000000000000000e+01,1.600000000000000000e+01,7.700000000000000000e+01,1.710000000000000000e+02,4.000000000000000000e+01,1.680000000000000000e+02,1.480000000000000000e+02,1.200000000000000000e+01,4.000000000000000000e+00
-1.000000000000000000e+00,1.600000000000000000e+01,1.600000000000000000e+01,9.300000000000000000e+01,1.700000000000000000e+02,5.600000000000000000e+01,1.680000000000000000e+02,1.490000000000000000e+02,1.000000000000000000e+01,4.000000000000000000e+00
-1.000000000000000000e+00,1.600000000000000000e+01,1.600000000000000000e+01,1.100000000000000000e+02,1.700000000000000000e+02,7.200000000000000000e+01,1.680000000000000000e+02,1.530000000000000000e+02,1.000000000000000000e+01,4.000000000000000000e+00
-1.000000000000000000e+00,1.600000000000000000e+01,8.000000000000000000e+00,1.250000000000000000e+02,1.660000000000000000e+02,8.800000000000000000e+01,1.640000000000000000e+02,1.480000000000000000e+02,1.100000000000000000e+01,4.000000000000000000e+00
-1.000000000000000000e+00,1.600000000000000000e+01,8.000000000000000000e+00,1.260000000000000000e+02,1.740000000000000000e+02,8.800000000000000000e+01,1.720000000000000000e+02,1.530000000000000000e+02,1.000000000000000000e+01,4.000000000000000000e+00
-1.000000000000000000e+00,1.600000000000000000e+01,1.600000000000000000e+01,1.400000000000000000e+02,1.700000000000000000e+02,1.040000000000000000e+02,1.680000000000000000e+02,1.450000000000000000e+02,1.000000000000000000e+01,4.000000000000000000e+00
-1.000000000000000000e+00,1.600000000000000000e+01,1.600000000000000000e+01,1.560000000000000000e+02,1.700000000000000000e+02,1.200000000000000000e+02,1.680000000000000000e+02,1.450000000000000000e+02,1.000000000000000000e+01,4.000000000000000000e+00
-1.000000000000000000e+00,1.600000000000000000e+01,1.600000000000000000e+01,1.720000000000000000e+02,1.700000000000000000e+02,1.360000000000000000e+02,1.680000000000000000e+02,1.440000000000000000e+02,1.000000000000000000e+01,4.000000000000000000e+00
-1.000000000000000000e+00,1.600000000000000000e+01,1.600000000000000000e+01,1.860000000000000000e+02,1.700000000000000000e+02,1.520000000000000000e+02,1.680000000000000000e+02,1.360000000000000000e+02,1.000000000000000000e+01,4.000000000000000000e+00
-1.000000000000000000e+00,1.600000000000000000e+01,1.600000000000000000e+01,2.350000000000000000e+02,1.720000000000000000e+02,1.680000000000000000e+02,1.680000000000000000e+02,2.690000000000000000e+02,1.800000000000000000e+01,4.000000000000000000e+00
-1.000000000000000000e+00,1.600000000000000000e+01,1.600000000000000000e+01,2.160000000000000000e+02,1.700000000000000000e+02,1.840000000000000000e+02,1.680000000000000000e+02,1.310000000000000000e+02,8.000000000000000000e+00,4.000000000000000000e+00
-1.000000000000000000e+00,1.600000000000000000e+01,1.600000000000000000e+01,2.320000000000000000e+02,1.700000000000000000e+02,2.000000000000000000e+02,1.680000000000000000e+02,1.310000000000000000e+02,9.000000000000000000e+00,4.000000000000000000e+00
-1.000000000000000000e+00,1.600000000000000000e+01,1.600000000000000000e+01,2.480000000000000000e+02,1.700000000000000000e+02,2.160000000000000000e+02,1.680000000000000000e+02,1.300000000000000000e+02,9.000000000000000000e+00,4.000000000000000000e+00
-1.000000000000000000e+00,1.600000000000000000e+01,1.600000000000000000e+01,2.630000000000000000e+02,1.700000000000000000e+02,2.320000000000000000e+02,1.680000000000000000e+02,1.260000000000000000e+02,8.000000000000000000e+00,4.000000000000000000e+00
-1.000000000000000000e+00,1.600000000000000000e+01,1.600000000000000000e+01,2.790000000000000000e+02,1.700000000000000000e+02,2.480000000000000000e+02,1.680000000000000000e+02,1.260000000000000000e+02,9.000000000000000000e+00,4.000000000000000000e+00
-1.000000000000000000e+00,1.600000000000000000e+01,1.600000000000000000e+01,2.940000000000000000e+02,1.700000000000000000e+02,2.640000000000000000e+02,1.680000000000000000e+02,1.230000000000000000e+02,8.000000000000000000e+00,4.000000000000000000e+00
-1.000000000000000000e+00,8.000000000000000000e+00,1.600000000000000000e+01,3.070000000000000000e+02,1.700000000000000000e+02,2.760000000000000000e+02,1.680000000000000000e+02,1.250000000000000000e+02,9.000000000000000000e+00,4.000000000000000000e+00
-1.000000000000000000e+00,8.000000000000000000e+00,1.600000000000000000e+01,3.140000000000000000e+02,1.700000000000000000e+02,2.840000000000000000e+02,1.680000000000000000e+02,1.210000000000000000e+02,1.000000000000000000e+01,4.000000000000000000e+00
-1.000000000000000000e+00,8.000000000000000000e+00,1.600000000000000000e+01,3.210000000000000000e+02,1.700000000000000000e+02,2.920000000000000000e+02,1.680000000000000000e+02,1.190000000000000000e+02,8.000000000000000000e+00,4.000000000000000000e+00
-1.000000000000000000e+00,8.000000000000000000e+00,1.600000000000000000e+01,3.300000000000000000e+02,1.690000000000000000e+02,3.000000000000000000e+02,1.680000000000000000e+02,1.230000000000000000e+02,7.000000000000000000e+00,4.000000000000000000e+00
-1.000000000000000000e+00,1.600000000000000000e+01,1.600000000000000000e+01,3.410000000000000000e+02,1.700000000000000000e+02,3.120000000000000000e+02,1.680000000000000000e+02,1.190000000000000000e+02,8.000000000000000000e+00,4.000000000000000000e+00
-1.000000000000000000e+00,1.600000000000000000e+01,1.600000000000000000e+01,3.570000000000000000e+02,1.700000000000000000e+02,3.280000000000000000e+02,1.680000000000000000e+02,1.190000000000000000e+02,1.000000000000000000e+01,4.000000000000000000e+00
-1.000000000000000000e+00,1.600000000000000000e+01,1.600000000000000000e+01,3.730000000000000000e+02,1.700000000000000000e+02,3.440000000000000000e+02,1.680000000000000000e+02,1.160000000000000000e+02,8.000000000000000000e+00,4.000000000000000000e+00
-1.000000000000000000e+00,1.600000000000000000e+01,1.600000000000000000e+01,3.880000000000000000e+02,1.700000000000000000e+02,3.600000000000000000e+02,1.680000000000000000e+02,1.140000000000000000e+02,8.000000000000000000e+00,4.000000000000000000e+00
-1.000000000000000000e+00,8.000000000000000000e+00,1.600000000000000000e+01,4.000000000000000000e+02,1.700000000000000000e+02,3.720000000000000000e+02,1.680000000000000000e+02,1.140000000000000000e+02,9.000000000000000000e+00,4.000000000000000000e+00
-1.000000000000000000e+00,8.000000000000000000e+00,1.600000000000000000e+01,4.070000000000000000e+02,1.700000000000000000e+02,3.800000000000000000e+02,1.680000000000000000e+02,1.100000000000000000e+02,1.000000000000000000e+01,4.000000000000000000e+00
-1.000000000000000000e+00,1.600000000000000000e+01,8.000000000000000000e+00,4.200000000000000000e+02,1.660000000000000000e+02,3.920000000000000000e+02,1.640000000000000000e+02,1.150000000000000000e+02,8.000000000000000000e+00,4.000000000000000000e+00
-1.000000000000000000e+00,1.600000000000000000e+01,8.000000000000000000e+00,4.200000000000000000e+02,1.740000000000000000e+02,3.920000000000000000e+02,1.720000000000000000e+02,1.130000000000000000e+02,9.000000000000000000e+00,4.000000000000000000e+00
-1.000000000000000000e+00,1.600000000000000000e+01,1.600000000000000000e+01,4.350000000000000000e+02,1.700000000000000000e+02,4.080000000000000000e+02,1.680000000000000000e+02,1.090000000000000000e+02,9.000000000000000000e+00,4.000000000000000000e+00
-1.000000000000000000e+00,1.600000000000000000e+01,1.600000000000000000e+01,4.500000000000000000e+02,1.700000000000000000e+02,4.240000000000000000e+02,1.680000000000000000e+02,1.070000000000000000e+02,8.000000000000000000e+00,4.000000000000000000e+00
-1.000000000000000000e+00,1.600000000000000000e+01,8.000000000000000000e+00,4.660000000000000000e+02,1.660000000000000000e+02,4.400000000000000000e+02,1.640000000000000000e+02,1.050000000000000000e+02,1.000000000000000000e+01,4.000000000000000000e+00
-1.000000000000000000e+00,1.600000000000000000e+01,8.000000000000000000e+00,4.660000000000000000e+02,1.740000000000000000e+02,4.400000000000000000e+02,1.720000000000000000e+02,1.050000000000000000e+02,8.000000000000000000e+00,4.000000000000000000e+00
-1.000000000000000000e+00,1.600000000000000000e+01,1.600000000000000000e+01,4.820000000000000000e+02,1.700000000000000000e+02,4.560000000000000000e+02,1.680000000000000000e+02,1.070000000000000000e+02,8.000000000000000000e+00,4.000000000000000000e+00
-1.000000000000000000e+00,8.000000000000000000e+00,1.600000000000000000e+01,4.940000000000000000e+02,1.700000000000000000e+02,4.680000000000000000e+02,1.680000000000000000e+02,1.070000000000000000e+02,9.000000000000000000e+00,4.000000000000000000e+00
-1.000000000000000000e+00,8.000000000000000000e+00,1.600000000000000000e+01,5.020000000000000000e+02,1.700000000000000000e+02,4.760000000000000000e+02,1.680000000000000000e+02,1.060000000000000000e+02,8.000000000000000000e+00,4.000000000000000000e+00
-1.000000000000000000e+00,1.600000000000000000e+01,1.600000000000000000e+01,5.130000000000000000e+02,1.700000000000000000e+02,4.880000000000000000e+02,1.680000000000000000e+02,1.030000000000000000e+02,8.000000000000000000e+00,4.000000000000000000e+00
-1.000000000000000000e+00,1.600000000000000000e+01,1.600000000000000000e+01,5.290000000000000000e+02,1.690000000000000000e+02,5.040000000000000000e+02,1.680000000000000000e+02,1.010000000000000000e+02,7.000000000000000000e+00,4.000000000000000000e+00
-1.000000000000000000e+00,1.600000000000000000e+01,1.600000000000000000e+01,5.460000000000000000e+02,1.700000000000000000e+02,5.200000000000000000e+02,1.680000000000000000e+02,1.040000000000000000e+02,8.000000000000000000e+00,4.000000000000000000e+00
-1.000000000000000000e+00,1.600000000000000000e+01,1.600000000000000000e+01,5.600000000000000000e+02,1.700000000000000000e+02,5.360000000000000000e+02,1.680000000000000000e+02,9.600000000000000000e+01,8.000000000000000000e+00,4.000000000000000000e+00
-1.000000000000000000e+00,1.600000000000000000e+01,1.600000000000000000e+01,5.760000000000000000e+02,1.700000000000000000e+02,5.520000000000000000e+02,1.680000000000000000e+02,9.800000000000000000e+01,8.000000000000000000e+00,4.000000000000000000e+00
-1.000000000000000000e+00,8.000000000000000000e+00,1.600000000000000000e+01,5.880000000000000000e+02,1.700000000000000000e+02,5.640000000000000000e+02,1.680000000000000000e+02,9.900000000000000000e+01,1.000000000000000000e+01,4.000000000000000000e+00
-1.000000000000000000e+00,8.000000000000000000e+00,1.600000000000000000e+01,5.970000000000000000e+02,1.700000000000000000e+02,5.720000000000000000e+02,1.680000000000000000e+02,1.000000000000000000e+02,8.000000000000000000e+00,4.000000000000000000e+00
-1.000000000000000000e+00,1.600000000000000000e+01,1.600000000000000000e+01,6.070000000000000000e+02,1.700000000000000000e+02,5.840000000000000000e+02,1.680000000000000000e+02,9.400000000000000000e+01,8.000000000000000000e+00,4.000000000000000000e+00
-1.000000000000000000e+00,1.600000000000000000e+01,1.600000000000000000e+01,6.230000000000000000e+02,1.700000000000000000e+02,6.000000000000000000e+02,1.680000000000000000e+02,9.400000000000000000e+01,8.000000000000000000e+00,4.000000000000000000e+00
-1.000000000000000000e+00,8.000000000000000000e+00,1.600000000000000000e+01,6.340000000000000000e+02,1.700000000000000000e+02,6.120000000000000000e+02,1.680000000000000000e+02,9.100000000000000000e+01,8.000000000000000000e+00,4.000000000000000000e+00
-1.000000000000000000e+00,8.000000000000000000e+00,1.600000000000000000e+01,6.420000000000000000e+02,1.700000000000000000e+02,6.200000000000000000e+02,1.680000000000000000e+02,9.100000000000000000e+01,1.000000000000000000e+01,4.000000000000000000e+00
-1.000000000000000000e+00,1.600000000000000000e+01,1.600000000000000000e+01,6.540000000000000000e+02,1.700000000000000000e+02,6.320000000000000000e+02,1.680000000000000000e+02,9.100000000000000000e+01,1.000000000000000000e+01,4.000000000000000000e+00
-1.000000000000000000e+00,1.600000000000000000e+01,8.000000000000000000e+00,6.690000000000000000e+02,1.660000000000000000e+02,6.480000000000000000e+02,1.640000000000000000e+02,8.700000000000000000e+01,9.000000000000000000e+00,4.000000000000000000e+00
-1.000000000000000000e+00,1.600000000000000000e+01,8.000000000000000000e+00,6.710000000000000000e+02,1.740000000000000000e+02,6.480000000000000000e+02,1.720000000000000000e+02,9.400000000000000000e+01,8.000000000000000000e+00,4.000000000000000000e+00
-1.000000000000000000e+00,1.600000000000000000e+01,1.600000000000000000e+01,6.860000000000000000e+02,1.700000000000000000e+02,6.640000000000000000e+02,1.680000000000000000e+02,8.800000000000000000e+01,1.000000000000000000e+01,4.000000000000000000e+00
-1.000000000000000000e+00,8.000000000000000000e+00,1.600000000000000000e+01,6.980000000000000000e+02,1.700000000000000000e+02,6.760000000000000000e+02,1.680000000000000000e+02,8.900000000000000000e+01,9.000000000000000000e+00,4.000000000000000000e+00
-1.000000000000000000e+00,8.000000000000000000e+00,1.600000000000000000e+01,7.060000000000000000e+02,1.700000000000000000e+02,6.840000000000000000e+02,1.680000000000000000e+02,9.100000000000000000e+01,8.000000000000000000e+00,4.000000000000000000e+00
-1.000000000000000000e+00,1.600000000000000000e+01,1.600000000000000000e+01,7.190000000000000000e+02,1.690000000000000000e+02,6.960000000000000000e+02,1.680000000000000000e+02,9.300000000000000000e+01,7.000000000000000000e+00,4.000000000000000000e+00
-1.000000000000000000e+00,1.600000000000000000e+01,1.600000000000000000e+01,7.330000000000000000e+02,1.700000000000000000e+02,7.120000000000000000e+02,1.680000000000000000e+02,8.700000000000000000e+01,9.000000000000000000e+00,4.000000000000000000e+00
-1.000000000000000000e+00,1.600000000000000000e+01,1.600000000000000000e+01,7.490000000000000000e+02,1.700000000000000000e+02,7.280000000000000000e+02,1.680000000000000000e+02,8.700000000000000000e+01,9.000000000000000000e+00,4.000000000000000000e+00
-1.000000000000000000e+00,8.000000000000000000e+00,1.600000000000000000e+01,7.600000000000000000e+02,1.690000000000000000e+02,7.400000000000000000e+02,1.680000000000000000e+02,8.300000000000000000e+01,5.000000000000000000e+00,4.000000000000000000e+00
-1.000000000000000000e+00,8.000000000000000000e+00,1.600000000000000000e+01,7.700000000000000000e+02,1.700000000000000000e+02,7.480000000000000000e+02,1.680000000000000000e+02,8.900000000000000000e+01,9.000000000000000000e+00,4.000000000000000000e+00
-1.000000000000000000e+00,1.600000000000000000e+01,1.600000000000000000e+01,7.810000000000000000e+02,1.700000000000000000e+02,7.600000000000000000e+02,1.680000000000000000e+02,8.400000000000000000e+01,9.000000000000000000e+00,4.000000000000000000e+00
-1.000000000000000000e+00,1.600000000000000000e+01,8.000000000000000000e+00,7.960000000000000000e+02,1.660000000000000000e+02,7.760000000000000000e+02,1.640000000000000000e+02,8.100000000000000000e+01,1.000000000000000000e+01,4.000000000000000000e+00
-1.000000000000000000e+00,1.600000000000000000e+01,8.000000000000000000e+00,7.970000000000000000e+02,1.740000000000000000e+02,7.760000000000000000e+02,1.720000000000000000e+02,8.400000000000000000e+01,9.000000000000000000e+00,4.000000000000000000e+00
-1.000000000000000000e+00,1.600000000000000000e+01,1.600000000000000000e+01,8.120000000000000000e+02,1.700000000000000000e+02,7.920000000000000000e+02,1.680000000000000000e+02,8.200000000000000000e+01,9.000000000000000000e+00,4.000000000000000000e+00
-1.000000000000000000e+00,8.000000000000000000e+00,8.000000000000000000e+00,8.230000000000000000e+02,1.660000000000000000e+02,8.040000000000000000e+02,1.640000000000000000e+02,7.600000000000000000e+01,9.000000000000000000e+00,4.000000000000000000e+00
-1.000000000000000000e+00,8.000000000000000000e+00,8.000000000000000000e+00,8.320000000000000000e+02,1.660000000000000000e+02,8.120000000000000000e+02,1.640000000000000000e+02,8.200000000000000000e+01,9.000000000000000000e+00,4.000000000000000000e+00
-1.000000000000000000e+00,8.000000000000000000e+00,8.000000000000000000e+00,8.240000000000000000e+02,1.730000000000000000e+02,8.040000000000000000e+02,1.720000000000000000e+02,8.200000000000000000e+01,5.000000000000000000e+00,4.000000000000000000e+00
-1.000000000000000000e+00,8.000000000000000000e+00,8.000000000000000000e+00,8.310000000000000000e+02,1.740000000000000000e+02,8.120000000000000000e+02,1.720000000000000000e+02,7.800000000000000000e+01,8.000000000000000000e+00,4.000000000000000000e+00
-1.000000000000000000e+00,1.600000000000000000e+01,1.600000000000000000e+01,8.430000000000000000e+02,1.700000000000000000e+02,8.240000000000000000e+02,1.680000000000000000e+02,7.800000000000000000e+01,8.000000000000000000e+00,4.000000000000000000e+00
-1.000000000000000000e+00,8.000000000000000000e+00,1.600000000000000000e+01,8.550000000000000000e+02,1.700000000000000000e+02,8.360000000000000000e+02,1.680000000000000000e+02,7.900000000000000000e+01,8.000000000000000000e+00,4.000000000000000000e+00
-1.000000000000000000e+00,8.000000000000000000e+00,1.600000000000000000e+01,8.630000000000000000e+02,1.690000000000000000e+02,8.440000000000000000e+02,1.680000000000000000e+02,7.900000000000000000e+01,6.000000000000000000e+00,4.000000000000000000e+00
-1.000000000000000000e+00,8.000000000000000000e+00,1.600000000000000000e+01,8.710000000000000000e+02,1.700000000000000000e+02,8.520000000000000000e+02,1.680000000000000000e+02,7.700000000000000000e+01,8.000000000000000000e+00,4.000000000000000000e+00
-1.000000000000000000e+00,8.000000000000000000e+00,1.600000000000000000e+01,8.790000000000000000e+02,1.700000000000000000e+02,8.600000000000000000e+02,1.680000000000000000e+02,7.900000000000000000e+01,8.000000000000000000e+00,4.000000000000000000e+00
-1.000000000000000000e+00,8.000000000000000000e+00,1.600000000000000000e+01,8.870000000000000000e+02,1.690000000000000000e+02,8.680000000000000000e+02,1.680000000000000000e+02,7.900000000000000000e+01,7.000000000000000000e+00,4.000000000000000000e+00
-1.000000000000000000e+00,8.000000000000000000e+00,1.600000000000000000e+01,8.950000000000000000e+02,1.700000000000000000e+02,8.760000000000000000e+02,1.680000000000000000e+02,7.800000000000000000e+01,8.000000000000000000e+00,4.000000000000000000e+00
-1.000000000000000000e+00,8.000000000000000000e+00,1.600000000000000000e+01,9.030000000000000000e+02,1.700000000000000000e+02,8.840000000000000000e+02,1.680000000000000000e+02,7.900000000000000000e+01,8.000000000000000000e+00,4.000000000000000000e+00
-1.000000000000000000e+00,8.000000000000000000e+00,1.600000000000000000e+01,9.100000000000000000e+02,1.700000000000000000e+02,8.920000000000000000e+02,1.680000000000000000e+02,7.500000000000000000e+01,8.000000000000000000e+00,4.000000000000000000e+00
-1.000000000000000000e+00,1.600000000000000000e+01,1.600000000000000000e+01,9.220000000000000000e+02,1.690000000000000000e+02,9.040000000000000000e+02,1.680000000000000000e+02,7.200000000000000000e+01,6.000000000000000000e+00,4.000000000000000000e+00
-1.000000000000000000e+00,1.600000000000000000e+01,1.600000000000000000e+01,9.380000000000000000e+02,1.690000000000000000e+02,9.200000000000000000e+02,1.680000000000000000e+02,7.300000000000000000e+01,7.000000000000000000e+00,4.000000000000000000e+00
-1.000000000000000000e+00,1.600000000000000000e+01,1.600000000000000000e+01,9.570000000000000000e+02,1.700000000000000000e+02,9.360000000000000000e+02,1.680000000000000000e+02,8.500000000000000000e+01,9.000000000000000000e+00,4.000000000000000000e+00
-1.000000000000000000e+00,1.600000000000000000e+01,1.600000000000000000e+01,9.700000000000000000e+02,1.700000000000000000e+02,9.520000000000000000e+02,1.680000000000000000e+02,7.200000000000000000e+01,8.000000000000000000e+00,4.000000000000000000e+00
-1.000000000000000000e+00,1.600000000000000000e+01,1.600000000000000000e+01,9.850000000000000000e+02,1.700000000000000000e+02,9.680000000000000000e+02,1.680000000000000000e+02,7.100000000000000000e+01,8.000000000000000000e+00,4.000000000000000000e+00
-1.000000000000000000e+00,1.600000000000000000e+01,1.600000000000000000e+01,1.002000000000000000e+03,1.700000000000000000e+02,9.840000000000000000e+02,1.680000000000000000e+02,7.300000000000000000e+01,8.000000000000000000e+00,4.000000000000000000e+00
-1.000000000000000000e+00,8.000000000000000000e+00,1.600000000000000000e+01,1.013000000000000000e+03,1.700000000000000000e+02,9.960000000000000000e+02,1.680000000000000000e+02,7.000000000000000000e+01,8.000000000000000000e+00,4.000000000000000000e+00
-1.000000000000000000e+00,8.000000000000000000e+00,1.600000000000000000e+01,1.021000000000000000e+03,1.690000000000000000e+02,1.004000000000000000e+03,1.680000000000000000e+02,6.900000000000000000e+01,7.000000000000000000e+00,4.000000000000000000e+00
-1.000000000000000000e+00,8.000000000000000000e+00,1.600000000000000000e+01,1.030000000000000000e+03,1.700000000000000000e+02,1.012000000000000000e+03,1.680000000000000000e+02,7.200000000000000000e+01,8.000000000000000000e+00,4.000000000000000000e+00
-1.000000000000000000e+00,8.000000000000000000e+00,1.600000000000000000e+01,1.037000000000000000e+03,1.690000000000000000e+02,1.020000000000000000e+03,1.680000000000000000e+02,6.900000000000000000e+01,7.000000000000000000e+00,4.000000000000000000e+00
-1.000000000000000000e+00,1.600000000000000000e+01,1.600000000000000000e+01,1.048000000000000000e+03,1.700000000000000000e+02,1.032000000000000000e+03,1.680000000000000000e+02,6.700000000000000000e+01,8.000000000000000000e+00,4.000000000000000000e+00
-1.000000000000000000e+00,1.600000000000000000e+01,1.600000000000000000e+01,1.065000000000000000e+03,1.700000000000000000e+02,1.048000000000000000e+03,1.680000000000000000e+02,7.000000000000000000e+01,8.000000000000000000e+00,4.000000000000000000e+00
-1.000000000000000000e+00,8.000000000000000000e+00,1.600000000000000000e+01,1.076000000000000000e+03,1.700000000000000000e+02,1.060000000000000000e+03,1.680000000000000000e+02,6.600000000000000000e+01,8.000000000000000000e+00,4.000000000000000000e+00
-1.000000000000000000e+00,8.000000000000000000e+00,1.600000000000000000e+01,1.085000000000000000e+03,1.700000000000000000e+02,1.068000000000000000e+03,1.680000000000000000e+02,7.000000000000000000e+01,8.000000000000000000e+00,4.000000000000000000e+00
-1.000000000000000000e+00,8.000000000000000000e+00,1.600000000000000000e+01,1.093000000000000000e+03,1.700000000000000000e+02,1.076000000000000000e+03,1.680000000000000000e+02,7.000000000000000000e+01,8.000000000000000000e+00,4.000000000000000000e+00
-1.000000000000000000e+00,8.000000000000000000e+00,1.600000000000000000e+01,1.100000000000000000e+03,1.700000000000000000e+02,1.084000000000000000e+03,1.680000000000000000e+02,6.700000000000000000e+01,8.000000000000000000e+00,4.000000000000000000e+00
-1.000000000000000000e+00,1.600000000000000000e+01,1.600000000000000000e+01,1.113000000000000000e+03,1.700000000000000000e+02,1.096000000000000000e+03,1.680000000000000000e+02,6.800000000000000000e+01,8.000000000000000000e+00,4.000000000000000000e+00
-1.000000000000000000e+00,1.600000000000000000e+01,8.000000000000000000e+00,1.128000000000000000e+03,1.660000000000000000e+02,1.112000000000000000e+03,1.640000000000000000e+02,6.600000000000000000e+01,8.000000000000000000e+00,4.000000000000000000e+00
-1.000000000000000000e+00,1.600000000000000000e+01,8.000000000000000000e+00,1.129000000000000000e+03,1.740000000000000000e+02,1.112000000000000000e+03,1.720000000000000000e+02,6.800000000000000000e+01,8.000000000000000000e+00,4.000000000000000000e+00
-1.000000000000000000e+00,1.600000000000000000e+01,1.600000000000000000e+01,1.144000000000000000e+03,1.700000000000000000e+02,1.128000000000000000e+03,1.680000000000000000e+02,6.500000000000000000e+01,1.100000000000000000e+01,4.000000000000000000e+00
-1.000000000000000000e+00,1.600000000000000000e+01,1.600000000000000000e+01,1.161000000000000000e+03,1.700000000000000000e+02,1.144000000000000000e+03,1.680000000000000000e+02,6.900000000000000000e+01,8.000000000000000000e+00,4.000000000000000000e+00
-1.000000000000000000e+00,1.600000000000000000e+01,1.600000000000000000e+01,1.176000000000000000e+03,1.700000000000000000e+02,1.160000000000000000e+03,1.680000000000000000e+02,6.600000000000000000e+01,8.000000000000000000e+00,4.000000000000000000e+00
-1.000000000000000000e+00,1.600000000000000000e+01,1.600000000000000000e+01,1.192000000000000000e+03,1.700000000000000000e+02,1.176000000000000000e+03,1.680000000000000000e+02,6.500000000000000000e+01,1.000000000000000000e+01,4.000000000000000000e+00
-1.000000000000000000e+00,1.600000000000000000e+01,1.600000000000000000e+01,1.208000000000000000e+03,1.700000000000000000e+02,1.192000000000000000e+03,1.680000000000000000e+02,6.500000000000000000e+01,1.000000000000000000e+01,4.000000000000000000e+00
-1.000000000000000000e+00,1.600000000000000000e+01,1.600000000000000000e+01,1.224000000000000000e+03,1.700000000000000000e+02,1.208000000000000000e+03,1.680000000000000000e+02,6.500000000000000000e+01,9.000000000000000000e+00,4.000000000000000000e+00
-1.000000000000000000e+00,1.600000000000000000e+01,1.600000000000000000e+01,1.240000000000000000e+03,1.700000000000000000e+02,1.224000000000000000e+03,1.680000000000000000e+02,6.600000000000000000e+01,9.000000000000000000e+00,4.000000000000000000e+00
-1.000000000000000000e+00,1.600000000000000000e+01,1.600000000000000000e+01,1.255000000000000000e+03,1.700000000000000000e+02,1.240000000000000000e+03,1.680000000000000000e+02,6.100000000000000000e+01,1.000000000000000000e+01,4.000000000000000000e+00
-1.000000000000000000e+00,1.600000000000000000e+01,1.600000000000000000e+01,1.271000000000000000e+03,1.700000000000000000e+02,1.256000000000000000e+03,1.680000000000000000e+02,6.100000000000000000e+01,1.000000000000000000e+01,4.000000000000000000e+00
-1.000000000000000000e+00,1.600000000000000000e+01,1.600000000000000000e+01,1.110000000000000000e+02,1.860000000000000000e+02,7.200000000000000000e+01,1.840000000000000000e+02,1.560000000000000000e+02,1.000000000000000000e+01,4.000000000000000000e+00
-1.000000000000000000e+00,1.600000000000000000e+01,1.600000000000000000e+01,1.260000000000000000e+02,1.860000000000000000e+02,8.800000000000000000e+01,1.840000000000000000e+02,1.530000000000000000e+02,1.000000000000000000e+01,4.000000000000000000e+00
-1.000000000000000000e+00,1.600000000000000000e+01,1.600000000000000000e+01,1.400000000000000000e+02,1.860000000000000000e+02,1.040000000000000000e+02,1.840000000000000000e+02,1.450000000000000000e+02,1.000000000000000000e+01,4.000000000000000000e+00
-1.000000000000000000e+00,1.600000000000000000e+01,1.600000000000000000e+01,1.550000000000000000e+02,1.860000000000000000e+02,1.200000000000000000e+02,1.840000000000000000e+02,1.430000000000000000e+02,1.000000000000000000e+01,4.000000000000000000e+00
-1.000000000000000000e+00,1.600000000000000000e+01,1.600000000000000000e+01,1.700000000000000000e+02,1.860000000000000000e+02,1.360000000000000000e+02,1.840000000000000000e+02,1.370000000000000000e+02,1.000000000000000000e+01,4.000000000000000000e+00
-1.000000000000000000e+00,1.600000000000000000e+01,1.600000000000000000e+01,1.870000000000000000e+02,1.880000000000000000e+02,1.520000000000000000e+02,1.840000000000000000e+02,1.400000000000000000e+02,1.600000000000000000e+01,4.000000000000000000e+00
-1.000000000000000000e+00,1.600000000000000000e+01,8.000000000000000000e+00,2.350000000000000000e+02,1.850000000000000000e+02,1.680000000000000000e+02,1.800000000000000000e+02,2.700000000000000000e+02,2.000000000000000000e+01,4.000000000000000000e+00
-1.000000000000000000e+00,1.600000000000000000e+01,8.000000000000000000e+00,2.330000000000000000e+02,1.920000000000000000e+02,1.680000000000000000e+02,1.880000000000000000e+02,2.610000000000000000e+02,1.900000000000000000e+01,4.000000000000000000e+00
-1.000000000000000000e+00,1.600000000000000000e+01,1.600000000000000000e+01,2.160000000000000000e+02,1.860000000000000000e+02,1.840000000000000000e+02,1.840000000000000000e+02,1.310000000000000000e+02,8.000000000000000000e+00,4.000000000000000000e+00
-1.000000000000000000e+00,1.600000000000000000e+01,1.600000000000000000e+01,2.320000000000000000e+02,1.860000000000000000e+02,2.000000000000000000e+02,1.840000000000000000e+02,1.310000000000000000e+02,8.000000000000000000e+00,4.000000000000000000e+00
-1.000000000000000000e+00,1.600000000000000000e+01,1.600000000000000000e+01,2.480000000000000000e+02,1.860000000000000000e+02,2.160000000000000000e+02,1.840000000000000000e+02,1.300000000000000000e+02,8.000000000000000000e+00,4.000000000000000000e+00
-1.000000000000000000e+00,1.600000000000000000e+01,1.600000000000000000e+01,2.650000000000000000e+02,1.860000000000000000e+02,2.320000000000000000e+02,1.840000000000000000e+02,1.320000000000000000e+02,8.000000000000000000e+00,4.000000000000000000e+00
-1.000000000000000000e+00,1.600000000000000000e+01,1.600000000000000000e+01,2.790000000000000000e+02,1.860000000000000000e+02,2.480000000000000000e+02,1.840000000000000000e+02,1.270000000000000000e+02,8.000000000000000000e+00,4.000000000000000000e+00
-1.000000000000000000e+00,1.600000000000000000e+01,1.600000000000000000e+01,2.950000000000000000e+02,1.860000000000000000e+02,2.640000000000000000e+02,1.840000000000000000e+02,1.250000000000000000e+02,8.000000000000000000e+00,4.000000000000000000e+00
-1.000000000000000000e+00,8.000000000000000000e+00,1.600000000000000000e+01,3.070000000000000000e+02,1.860000000000000000e+02,2.760000000000000000e+02,1.840000000000000000e+02,1.240000000000000000e+02,8.000000000000000000e+00,4.000000000000000000e+00
-1.000000000000000000e+00,8.000000000000000000e+00,1.600000000000000000e+01,3.130000000000000000e+02,1.850000000000000000e+02,2.840000000000000000e+02,1.840000000000000000e+02,1.190000000000000000e+02,7.000000000000000000e+00,4.000000000000000000e+00
-1.000000000000000000e+00,1.600000000000000000e+01,1.600000000000000000e+01,3.250000000000000000e+02,1.850000000000000000e+02,2.960000000000000000e+02,1.840000000000000000e+02,1.190000000000000000e+02,6.000000000000000000e+00,4.000000000000000000e+00
-1.000000000000000000e+00,1.600000000000000000e+01,8.000000000000000000e+00,3.410000000000000000e+02,1.820000000000000000e+02,3.120000000000000000e+02,1.800000000000000000e+02,1.190000000000000000e+02,8.000000000000000000e+00,4.000000000000000000e+00
-1.000000000000000000e+00,1.600000000000000000e+01,8.000000000000000000e+00,3.420000000000000000e+02,1.890000000000000000e+02,3.120000000000000000e+02,1.880000000000000000e+02,1.200000000000000000e+02,7.000000000000000000e+00,4.000000000000000000e+00
-1.000000000000000000e+00,1.600000000000000000e+01,8.000000000000000000e+00,3.570000000000000000e+02,1.810000000000000000e+02,3.280000000000000000e+02,1.800000000000000000e+02,1.190000000000000000e+02,6.000000000000000000e+00,4.000000000000000000e+00
-1.000000000000000000e+00,1.600000000000000000e+01,8.000000000000000000e+00,3.570000000000000000e+02,1.890000000000000000e+02,3.280000000000000000e+02,1.880000000000000000e+02,1.170000000000000000e+02,6.000000000000000000e+00,4.000000000000000000e+00
-1.000000000000000000e+00,1.600000000000000000e+01,1.600000000000000000e+01,3.730000000000000000e+02,1.860000000000000000e+02,3.440000000000000000e+02,1.840000000000000000e+02,1.190000000000000000e+02,8.000000000000000000e+00,4.000000000000000000e+00
-1.000000000000000000e+00,1.600000000000000000e+01,1.600000000000000000e+01,3.890000000000000000e+02,1.860000000000000000e+02,3.600000000000000000e+02,1.840000000000000000e+02,1.170000000000000000e+02,8.000000000000000000e+00,4.000000000000000000e+00
-1.000000000000000000e+00,1.600000000000000000e+01,1.600000000000000000e+01,4.040000000000000000e+02,1.850000000000000000e+02,3.760000000000000000e+02,1.840000000000000000e+02,1.140000000000000000e+02,7.000000000000000000e+00,4.000000000000000000e+00
-1.000000000000000000e+00,1.600000000000000000e+01,1.600000000000000000e+01,4.190000000000000000e+02,1.850000000000000000e+02,3.920000000000000000e+02,1.840000000000000000e+02,1.110000000000000000e+02,7.000000000000000000e+00,4.000000000000000000e+00
-1.000000000000000000e+00,1.600000000000000000e+01,8.000000000000000000e+00,4.350000000000000000e+02,1.820000000000000000e+02,4.080000000000000000e+02,1.800000000000000000e+02,1.110000000000000000e+02,8.000000000000000000e+00,4.000000000000000000e+00
-1.000000000000000000e+00,1.600000000000000000e+01,8.000000000000000000e+00,4.350000000000000000e+02,1.890000000000000000e+02,4.080000000000000000e+02,1.880000000000000000e+02,1.080000000000000000e+02,7.000000000000000000e+00,4.000000000000000000e+00
-1.000000000000000000e+00,1.600000000000000000e+01,8.000000000000000000e+00,4.500000000000000000e+02,1.820000000000000000e+02,4.240000000000000000e+02,1.800000000000000000e+02,1.070000000000000000e+02,8.000000000000000000e+00,4.000000000000000000e+00
-1.000000000000000000e+00,1.600000000000000000e+01,8.000000000000000000e+00,4.560000000000000000e+02,1.900000000000000000e+02,4.240000000000000000e+02,1.880000000000000000e+02,1.310000000000000000e+02,8.000000000000000000e+00,4.000000000000000000e+00
-1.000000000000000000e+00,1.600000000000000000e+01,8.000000000000000000e+00,4.660000000000000000e+02,1.820000000000000000e+02,4.400000000000000000e+02,1.800000000000000000e+02,1.070000000000000000e+02,8.000000000000000000e+00,4.000000000000000000e+00
-1.000000000000000000e+00,1.600000000000000000e+01,8.000000000000000000e+00,4.700000000000000000e+02,1.900000000000000000e+02,4.400000000000000000e+02,1.880000000000000000e+02,1.230000000000000000e+02,8.000000000000000000e+00,4.000000000000000000e+00
-1.000000000000000000e+00,1.600000000000000000e+01,1.600000000000000000e+01,4.860000000000000000e+02,1.860000000000000000e+02,4.560000000000000000e+02,1.840000000000000000e+02,1.230000000000000000e+02,8.000000000000000000e+00,4.000000000000000000e+00
-1.000000000000000000e+00,1.600000000000000000e+01,8.000000000000000000e+00,4.980000000000000000e+02,1.820000000000000000e+02,4.720000000000000000e+02,1.800000000000000000e+02,1.070000000000000000e+02,8.000000000000000000e+00,4.000000000000000000e+00
-1.000000000000000000e+00,1.600000000000000000e+01,8.000000000000000000e+00,5.030000000000000000e+02,1.900000000000000000e+02,4.720000000000000000e+02,1.880000000000000000e+02,1.250000000000000000e+02,8.000000000000000000e+00,4.000000000000000000e+00
-1.000000000000000000e+00,1.600000000000000000e+01,8.000000000000000000e+00,5.140000000000000000e+02,1.810000000000000000e+02,4.880000000000000000e+02,1.800000000000000000e+02,1.060000000000000000e+02,7.000000000000000000e+00,4.000000000000000000e+00
-1.000000000000000000e+00,1.600000000000000000e+01,8.000000000000000000e+00,5.190000000000000000e+02,1.900000000000000000e+02,4.880000000000000000e+02,1.880000000000000000e+02,1.250000000000000000e+02,8.000000000000000000e+00,4.000000000000000000e+00
-1.000000000000000000e+00,1.600000000000000000e+01,1.600000000000000000e+01,5.300000000000000000e+02,1.850000000000000000e+02,5.040000000000000000e+02,1.840000000000000000e+02,1.040000000000000000e+02,7.000000000000000000e+00,4.000000000000000000e+00
-1.000000000000000000e+00,1.600000000000000000e+01,1.600000000000000000e+01,5.450000000000000000e+02,1.850000000000000000e+02,5.200000000000000000e+02,1.840000000000000000e+02,1.020000000000000000e+02,6.000000000000000000e+00,4.000000000000000000e+00
-1.000000000000000000e+00,1.600000000000000000e+01,8.000000000000000000e+00,5.600000000000000000e+02,1.820000000000000000e+02,5.360000000000000000e+02,1.800000000000000000e+02,9.600000000000000000e+01,8.000000000000000000e+00,4.000000000000000000e+00
-1.000000000000000000e+00,1.600000000000000000e+01,8.000000000000000000e+00,5.610000000000000000e+02,1.890000000000000000e+02,5.360000000000000000e+02,1.880000000000000000e+02,1.010000000000000000e+02,6.000000000000000000e+00,4.000000000000000000e+00
-1.000000000000000000e+00,1.600000000000000000e+01,8.000000000000000000e+00,5.760000000000000000e+02,1.820000000000000000e+02,5.520000000000000000e+02,1.800000000000000000e+02,9.800000000000000000e+01,8.000000000000000000e+00,4.000000000000000000e+00
-1.000000000000000000e+00,1.600000000000000000e+01,8.000000000000000000e+00,5.770000000000000000e+02,1.890000000000000000e+02,5.520000000000000000e+02,1.880000000000000000e+02,1.010000000000000000e+02,6.000000000000000000e+00,4.000000000000000000e+00
-1.000000000000000000e+00,1.600000000000000000e+01,1.600000000000000000e+01,5.910000000000000000e+02,1.860000000000000000e+02,5.680000000000000000e+02,1.840000000000000000e+02,9.500000000000000000e+01,8.000000000000000000e+00,4.000000000000000000e+00
-1.000000000000000000e+00,1.600000000000000000e+01,8.000000000000000000e+00,6.070000000000000000e+02,1.820000000000000000e+02,5.840000000000000000e+02,1.800000000000000000e+02,9.400000000000000000e+01,8.000000000000000000e+00,4.000000000000000000e+00
-1.000000000000000000e+00,1.600000000000000000e+01,8.000000000000000000e+00,6.070000000000000000e+02,1.890000000000000000e+02,5.840000000000000000e+02,1.880000000000000000e+02,9.200000000000000000e+01,6.000000000000000000e+00,4.000000000000000000e+00
-1.000000000000000000e+00,1.600000000000000000e+01,8.000000000000000000e+00,6.230000000000000000e+02,1.820000000000000000e+02,6.000000000000000000e+02,1.800000000000000000e+02,9.400000000000000000e+01,8.000000000000000000e+00,4.000000000000000000e+00
-1.000000000000000000e+00,1.600000000000000000e+01,8.000000000000000000e+00,6.230000000000000000e+02,1.890000000000000000e+02,6.000000000000000000e+02,1.880000000000000000e+02,9.400000000000000000e+01,7.000000000000000000e+00,4.000000000000000000e+00
-1.000000000000000000e+00,1.600000000000000000e+01,8.000000000000000000e+00,6.390000000000000000e+02,1.820000000000000000e+02,6.160000000000000000e+02,1.800000000000000000e+02,9.400000000000000000e+01,8.000000000000000000e+00,4.000000000000000000e+00
-1.000000000000000000e+00,1.600000000000000000e+01,8.000000000000000000e+00,6.390000000000000000e+02,1.890000000000000000e+02,6.160000000000000000e+02,1.880000000000000000e+02,9.400000000000000000e+01,6.000000000000000000e+00,4.000000000000000000e+00
-1.000000000000000000e+00,1.600000000000000000e+01,8.000000000000000000e+00,6.550000000000000000e+02,1.810000000000000000e+02,6.320000000000000000e+02,1.800000000000000000e+02,9.400000000000000000e+01,7.000000000000000000e+00,4.000000000000000000e+00
-1.000000000000000000e+00,1.600000000000000000e+01,8.000000000000000000e+00,6.540000000000000000e+02,1.890000000000000000e+02,6.320000000000000000e+02,1.880000000000000000e+02,9.100000000000000000e+01,6.000000000000000000e+00,4.000000000000000000e+00
-1.000000000000000000e+00,1.600000000000000000e+01,1.600000000000000000e+01,6.700000000000000000e+02,1.850000000000000000e+02,6.480000000000000000e+02,1.840000000000000000e+02,8.900000000000000000e+01,6.000000000000000000e+00,4.000000000000000000e+00
-1.000000000000000000e+00,1.600000000000000000e+01,8.000000000000000000e+00,6.860000000000000000e+02,1.810000000000000000e+02,6.640000000000000000e+02,1.800000000000000000e+02,9.100000000000000000e+01,5.000000000000000000e+00,4.000000000000000000e+00
-1.000000000000000000e+00,1.600000000000000000e+01,8.000000000000000000e+00,6.860000000000000000e+02,1.890000000000000000e+02,6.640000000000000000e+02,1.880000000000000000e+02,9.100000000000000000e+01,7.000000000000000000e+00,4.000000000000000000e+00
-1.000000000000000000e+00,8.000000000000000000e+00,1.600000000000000000e+01,6.980000000000000000e+02,1.850000000000000000e+02,6.760000000000000000e+02,1.840000000000000000e+02,9.000000000000000000e+01,5.000000000000000000e+00,4.000000000000000000e+00
-1.000000000000000000e+00,8.000000000000000000e+00,1.600000000000000000e+01,7.060000000000000000e+02,1.850000000000000000e+02,6.840000000000000000e+02,1.840000000000000000e+02,9.100000000000000000e+01,5.000000000000000000e+00,4.000000000000000000e+00
-1.000000000000000000e+00,1.600000000000000000e+01,1.600000000000000000e+01,7.190000000000000000e+02,1.860000000000000000e+02,6.960000000000000000e+02,1.840000000000000000e+02,9.200000000000000000e+01,8.000000000000000000e+00,4.000000000000000000e+00
-1.000000000000000000e+00,1.600000000000000000e+01,1.600000000000000000e+01,7.330000000000000000e+02,1.860000000000000000e+02,7.120000000000000000e+02,1.840000000000000000e+02,8.700000000000000000e+01,8.000000000000000000e+00,4.000000000000000000e+00
-1.000000000000000000e+00,1.600000000000000000e+01,1.600000000000000000e+01,7.490000000000000000e+02,1.850000000000000000e+02,7.280000000000000000e+02,1.840000000000000000e+02,8.400000000000000000e+01,7.000000000000000000e+00,4.000000000000000000e+00
-1.000000000000000000e+00,1.600000000000000000e+01,1.600000000000000000e+01,7.660000000000000000e+02,1.840000000000000000e+02,7.440000000000000000e+02,1.840000000000000000e+02,9.100000000000000000e+01,3.000000000000000000e+00,4.000000000000000000e+00
-1.000000000000000000e+00,8.000000000000000000e+00,1.600000000000000000e+01,7.760000000000000000e+02,1.860000000000000000e+02,7.560000000000000000e+02,1.840000000000000000e+02,8.200000000000000000e+01,9.000000000000000000e+00,4.000000000000000000e+00
-1.000000000000000000e+00,8.000000000000000000e+00,1.600000000000000000e+01,7.850000000000000000e+02,1.850000000000000000e+02,7.640000000000000000e+02,1.840000000000000000e+02,8.400000000000000000e+01,7.000000000000000000e+00,4.000000000000000000e+00
-1.000000000000000000e+00,1.600000000000000000e+01,8.000000000000000000e+00,7.970000000000000000e+02,1.820000000000000000e+02,7.760000000000000000e+02,1.800000000000000000e+02,8.400000000000000000e+01,8.000000000000000000e+00,4.000000000000000000e+00
-1.000000000000000000e+00,1.600000000000000000e+01,8.000000000000000000e+00,7.970000000000000000e+02,1.890000000000000000e+02,7.760000000000000000e+02,1.880000000000000000e+02,8.400000000000000000e+01,7.000000000000000000e+00,4.000000000000000000e+00
-1.000000000000000000e+00,1.600000000000000000e+01,8.000000000000000000e+00,8.110000000000000000e+02,1.810000000000000000e+02,7.920000000000000000e+02,1.800000000000000000e+02,7.900000000000000000e+01,7.000000000000000000e+00,4.000000000000000000e+00
-1.000000000000000000e+00,1.600000000000000000e+01,8.000000000000000000e+00,8.120000000000000000e+02,1.900000000000000000e+02,7.920000000000000000e+02,1.880000000000000000e+02,8.200000000000000000e+01,9.000000000000000000e+00,4.000000000000000000e+00
-1.000000000000000000e+00,1.600000000000000000e+01,1.600000000000000000e+01,8.270000000000000000e+02,1.850000000000000000e+02,8.080000000000000000e+02,1.840000000000000000e+02,7.900000000000000000e+01,6.000000000000000000e+00,4.000000000000000000e+00
-1.000000000000000000e+00,8.000000000000000000e+00,1.600000000000000000e+01,8.410000000000000000e+02,1.850000000000000000e+02,8.200000000000000000e+02,1.840000000000000000e+02,8.400000000000000000e+01,4.000000000000000000e+00,4.000000000000000000e+00
-1.000000000000000000e+00,8.000000000000000000e+00,1.600000000000000000e+01,8.470000000000000000e+02,1.850000000000000000e+02,8.280000000000000000e+02,1.840000000000000000e+02,7.900000000000000000e+01,6.000000000000000000e+00,4.000000000000000000e+00
-1.000000000000000000e+00,1.600000000000000000e+01,1.600000000000000000e+01,8.590000000000000000e+02,1.850000000000000000e+02,8.400000000000000000e+02,1.840000000000000000e+02,7.900000000000000000e+01,6.000000000000000000e+00,4.000000000000000000e+00
-1.000000000000000000e+00,8.000000000000000000e+00,1.600000000000000000e+01,8.710000000000000000e+02,1.850000000000000000e+02,8.520000000000000000e+02,1.840000000000000000e+02,7.700000000000000000e+01,5.000000000000000000e+00,4.000000000000000000e+00
-1.000000000000000000e+00,8.000000000000000000e+00,1.600000000000000000e+01,8.800000000000000000e+02,1.850000000000000000e+02,8.600000000000000000e+02,1.840000000000000000e+02,8.100000000000000000e+01,6.000000000000000000e+00,4.000000000000000000e+00
-1.000000000000000000e+00,8.000000000000000000e+00,1.600000000000000000e+01,8.870000000000000000e+02,1.850000000000000000e+02,8.680000000000000000e+02,1.840000000000000000e+02,7.800000000000000000e+01,6.000000000000000000e+00,4.000000000000000000e+00
-1.000000000000000000e+00,8.000000000000000000e+00,1.600000000000000000e+01,8.960000000000000000e+02,1.850000000000000000e+02,8.760000000000000000e+02,1.840000000000000000e+02,8.100000000000000000e+01,4.000000000000000000e+00,4.000000000000000000e+00
-1.000000000000000000e+00,1.600000000000000000e+01,8.000000000000000000e+00,9.070000000000000000e+02,1.810000000000000000e+02,8.880000000000000000e+02,1.800000000000000000e+02,7.900000000000000000e+01,5.000000000000000000e+00,4.000000000000000000e+00
-1.000000000000000000e+00,1.600000000000000000e+01,8.000000000000000000e+00,9.080000000000000000e+02,1.880000000000000000e+02,8.880000000000000000e+02,1.880000000000000000e+02,8.100000000000000000e+01,2.000000000000000000e+00,4.000000000000000000e+00
-1.000000000000000000e+00,1.600000000000000000e+01,1.600000000000000000e+01,9.220000000000000000e+02,1.850000000000000000e+02,9.040000000000000000e+02,1.840000000000000000e+02,7.300000000000000000e+01,6.000000000000000000e+00,4.000000000000000000e+00
-1.000000000000000000e+00,8.000000000000000000e+00,1.600000000000000000e+01,9.340000000000000000e+02,1.850000000000000000e+02,9.160000000000000000e+02,1.840000000000000000e+02,7.300000000000000000e+01,7.000000000000000000e+00,4.000000000000000000e+00
-1.000000000000000000e+00,8.000000000000000000e+00,1.600000000000000000e+01,9.450000000000000000e+02,1.860000000000000000e+02,9.240000000000000000e+02,1.840000000000000000e+02,8.500000000000000000e+01,9.000000000000000000e+00,4.000000000000000000e+00
-1.000000000000000000e+00,1.600000000000000000e+01,1.600000000000000000e+01,9.550000000000000000e+02,1.860000000000000000e+02,9.360000000000000000e+02,1.840000000000000000e+02,7.600000000000000000e+01,9.000000000000000000e+00,4.000000000000000000e+00
-1.000000000000000000e+00,1.600000000000000000e+01,1.600000000000000000e+01,9.700000000000000000e+02,1.850000000000000000e+02,9.520000000000000000e+02,1.840000000000000000e+02,7.200000000000000000e+01,5.000000000000000000e+00,4.000000000000000000e+00
-1.000000000000000000e+00,1.600000000000000000e+01,1.600000000000000000e+01,9.860000000000000000e+02,1.850000000000000000e+02,9.680000000000000000e+02,1.840000000000000000e+02,7.500000000000000000e+01,6.000000000000000000e+00,4.000000000000000000e+00
-1.000000000000000000e+00,8.000000000000000000e+00,1.600000000000000000e+01,9.980000000000000000e+02,1.860000000000000000e+02,9.800000000000000000e+02,1.840000000000000000e+02,7.300000000000000000e+01,8.000000000000000000e+00,4.000000000000000000e+00
-1.000000000000000000e+00,8.000000000000000000e+00,1.600000000000000000e+01,1.005000000000000000e+03,1.850000000000000000e+02,9.880000000000000000e+02,1.840000000000000000e+02,7.100000000000000000e+01,6.000000000000000000e+00,4.000000000000000000e+00
-1.000000000000000000e+00,1.600000000000000000e+01,1.600000000000000000e+01,1.019000000000000000e+03,1.850000000000000000e+02,1.000000000000000000e+03,1.840000000000000000e+02,7.900000000000000000e+01,6.000000000000000000e+00,4.000000000000000000e+00
-1.000000000000000000e+00,1.600000000000000000e+01,1.600000000000000000e+01,1.034000000000000000e+03,1.850000000000000000e+02,1.016000000000000000e+03,1.840000000000000000e+02,7.200000000000000000e+01,7.000000000000000000e+00,4.000000000000000000e+00
-1.000000000000000000e+00,1.600000000000000000e+01,1.600000000000000000e+01,1.065000000000000000e+03,1.850000000000000000e+02,1.048000000000000000e+03,1.840000000000000000e+02,6.800000000000000000e+01,6.000000000000000000e+00,4.000000000000000000e+00
-1.000000000000000000e+00,1.600000000000000000e+01,8.000000000000000000e+00,1.082000000000000000e+03,1.810000000000000000e+02,1.064000000000000000e+03,1.800000000000000000e+02,7.200000000000000000e+01,6.000000000000000000e+00,4.000000000000000000e+00
-1.000000000000000000e+00,1.600000000000000000e+01,8.000000000000000000e+00,1.081000000000000000e+03,1.890000000000000000e+02,1.064000000000000000e+03,1.880000000000000000e+02,6.800000000000000000e+01,6.000000000000000000e+00,4.000000000000000000e+00
-1.000000000000000000e+00,1.600000000000000000e+01,1.600000000000000000e+01,1.098000000000000000e+03,1.860000000000000000e+02,1.080000000000000000e+03,1.840000000000000000e+02,7.200000000000000000e+01,9.000000000000000000e+00,4.000000000000000000e+00
-1.000000000000000000e+00,1.600000000000000000e+01,1.600000000000000000e+01,1.112000000000000000e+03,1.860000000000000000e+02,1.096000000000000000e+03,1.840000000000000000e+02,6.500000000000000000e+01,8.000000000000000000e+00,4.000000000000000000e+00
-1.000000000000000000e+00,1.600000000000000000e+01,1.600000000000000000e+01,1.128000000000000000e+03,1.860000000000000000e+02,1.112000000000000000e+03,1.840000000000000000e+02,6.500000000000000000e+01,8.000000000000000000e+00,4.000000000000000000e+00
-1.000000000000000000e+00,1.600000000000000000e+01,1.600000000000000000e+01,1.144000000000000000e+03,1.860000000000000000e+02,1.128000000000000000e+03,1.840000000000000000e+02,6.500000000000000000e+01,1.100000000000000000e+01,4.000000000000000000e+00
-1.000000000000000000e+00,1.600000000000000000e+01,8.000000000000000000e+00,1.160000000000000000e+03,1.810000000000000000e+02,1.144000000000000000e+03,1.800000000000000000e+02,6.600000000000000000e+01,7.000000000000000000e+00,4.000000000000000000e+00
-1.000000000000000000e+00,1.600000000000000000e+01,8.000000000000000000e+00,1.160000000000000000e+03,1.890000000000000000e+02,1.144000000000000000e+03,1.880000000000000000e+02,6.500000000000000000e+01,6.000000000000000000e+00,4.000000000000000000e+00
-1.000000000000000000e+00,1.600000000000000000e+01,8.000000000000000000e+00,1.176000000000000000e+03,1.820000000000000000e+02,1.160000000000000000e+03,1.800000000000000000e+02,6.700000000000000000e+01,8.000000000000000000e+00,4.000000000000000000e+00
-1.000000000000000000e+00,1.600000000000000000e+01,8.000000000000000000e+00,1.176000000000000000e+03,1.890000000000000000e+02,1.160000000000000000e+03,1.880000000000000000e+02,6.500000000000000000e+01,6.000000000000000000e+00,4.000000000000000000e+00
-1.000000000000000000e+00,1.600000000000000000e+01,8.000000000000000000e+00,1.191000000000000000e+03,1.820000000000000000e+02,1.176000000000000000e+03,1.800000000000000000e+02,6.000000000000000000e+01,9.000000000000000000e+00,4.000000000000000000e+00
-1.000000000000000000e+00,1.600000000000000000e+01,8.000000000000000000e+00,1.191000000000000000e+03,1.880000000000000000e+02,1.176000000000000000e+03,1.880000000000000000e+02,6.300000000000000000e+01,2.000000000000000000e+00,4.000000000000000000e+00
-1.000000000000000000e+00,8.000000000000000000e+00,1.600000000000000000e+01,1.203000000000000000e+03,1.850000000000000000e+02,1.188000000000000000e+03,1.840000000000000000e+02,6.300000000000000000e+01,6.000000000000000000e+00,4.000000000000000000e+00
-1.000000000000000000e+00,8.000000000000000000e+00,1.600000000000000000e+01,1.212000000000000000e+03,1.850000000000000000e+02,1.196000000000000000e+03,1.840000000000000000e+02,6.500000000000000000e+01,7.000000000000000000e+00,4.000000000000000000e+00
-1.000000000000000000e+00,1.600000000000000000e+01,1.600000000000000000e+01,1.224000000000000000e+03,1.860000000000000000e+02,1.208000000000000000e+03,1.840000000000000000e+02,6.500000000000000000e+01,9.000000000000000000e+00,4.000000000000000000e+00
-1.000000000000000000e+00,1.600000000000000000e+01,1.600000000000000000e+01,1.240000000000000000e+03,1.860000000000000000e+02,1.224000000000000000e+03,1.840000000000000000e+02,6.500000000000000000e+01,9.000000000000000000e+00,4.000000000000000000e+00
-1.000000000000000000e+00,1.600000000000000000e+01,1.600000000000000000e+01,1.255000000000000000e+03,1.860000000000000000e+02,1.240000000000000000e+03,1.840000000000000000e+02,6.100000000000000000e+01,1.000000000000000000e+01,4.000000000000000000e+00
-1.000000000000000000e+00,1.600000000000000000e+01,1.600000000000000000e+01,1.267000000000000000e+03,1.900000000000000000e+02,1.256000000000000000e+03,1.840000000000000000e+02,4.600000000000000000e+01,2.400000000000000000e+01,4.000000000000000000e+00
-1.000000000000000000e+00,1.600000000000000000e+01,8.000000000000000000e+00,3.800000000000000000e+01,1.930000000000000000e+02,8.000000000000000000e+00,1.960000000000000000e+02,1.220000000000000000e+02,-1.500000000000000000e+01,4.000000000000000000e+00
-1.000000000000000000e+00,1.600000000000000000e+01,8.000000000000000000e+00,3.700000000000000000e+01,1.990000000000000000e+02,8.000000000000000000e+00,2.040000000000000000e+02,1.170000000000000000e+02,-2.100000000000000000e+01,4.000000000000000000e+00
-1.000000000000000000e+00,1.600000000000000000e+01,1.600000000000000000e+01,5.400000000000000000e+01,1.990000000000000000e+02,2.400000000000000000e+01,2.000000000000000000e+02,1.210000000000000000e+02,-7.000000000000000000e+00,4.000000000000000000e+00
-1.000000000000000000e+00,8.000000000000000000e+00,1.600000000000000000e+01,7.500000000000000000e+01,1.950000000000000000e+02,3.600000000000000000e+01,2.000000000000000000e+02,1.560000000000000000e+02,-2.000000000000000000e+01,4.000000000000000000e+00
-1.000000000000000000e+00,8.000000000000000000e+00,1.600000000000000000e+01,8.100000000000000000e+01,1.950000000000000000e+02,4.400000000000000000e+01,2.000000000000000000e+02,1.480000000000000000e+02,-2.000000000000000000e+01,4.000000000000000000e+00
-1.000000000000000000e+00,8.000000000000000000e+00,1.600000000000000000e+01,8.700000000000000000e+01,1.960000000000000000e+02,5.200000000000000000e+01,2.000000000000000000e+02,1.430000000000000000e+02,-1.800000000000000000e+01,4.000000000000000000e+00
-1.000000000000000000e+00,8.000000000000000000e+00,1.600000000000000000e+01,9.400000000000000000e+01,1.970000000000000000e+02,6.000000000000000000e+01,2.000000000000000000e+02,1.360000000000000000e+02,-1.500000000000000000e+01,4.000000000000000000e+00
-1.000000000000000000e+00,1.600000000000000000e+01,1.600000000000000000e+01,1.080000000000000000e+02,1.990000000000000000e+02,7.200000000000000000e+01,2.000000000000000000e+02,1.440000000000000000e+02,-6.000000000000000000e+00,4.000000000000000000e+00
-1.000000000000000000e+00,1.600000000000000000e+01,1.600000000000000000e+01,1.240000000000000000e+02,2.020000000000000000e+02,8.800000000000000000e+01,2.000000000000000000e+02,1.450000000000000000e+02,1.000000000000000000e+01,4.000000000000000000e+00
-1.000000000000000000e+00,1.600000000000000000e+01,1.600000000000000000e+01,1.400000000000000000e+02,2.020000000000000000e+02,1.040000000000000000e+02,2.000000000000000000e+02,1.450000000000000000e+02,1.000000000000000000e+01,4.000000000000000000e+00
-1.000000000000000000e+00,1.600000000000000000e+01,1.600000000000000000e+01,1.550000000000000000e+02,2.020000000000000000e+02,1.200000000000000000e+02,2.000000000000000000e+02,1.430000000000000000e+02,1.000000000000000000e+01,4.000000000000000000e+00
-1.000000000000000000e+00,1.600000000000000000e+01,1.600000000000000000e+01,1.870000000000000000e+02,2.040000000000000000e+02,1.520000000000000000e+02,2.000000000000000000e+02,1.400000000000000000e+02,1.600000000000000000e+01,4.000000000000000000e+00
-1.000000000000000000e+00,1.600000000000000000e+01,1.600000000000000000e+01,2.340000000000000000e+02,2.040000000000000000e+02,1.680000000000000000e+02,2.000000000000000000e+02,2.670000000000000000e+02,1.900000000000000000e+01,4.000000000000000000e+00
-1.000000000000000000e+00,1.600000000000000000e+01,8.000000000000000000e+00,2.170000000000000000e+02,1.980000000000000000e+02,1.840000000000000000e+02,1.960000000000000000e+02,1.340000000000000000e+02,8.000000000000000000e+00,4.000000000000000000e+00
-1.000000000000000000e+00,1.600000000000000000e+01,8.000000000000000000e+00,2.180000000000000000e+02,2.050000000000000000e+02,1.840000000000000000e+02,2.040000000000000000e+02,1.370000000000000000e+02,6.000000000000000000e+00,4.000000000000000000e+00
-1.000000000000000000e+00,1.600000000000000000e+01,1.600000000000000000e+01,2.320000000000000000e+02,2.020000000000000000e+02,2.000000000000000000e+02,2.000000000000000000e+02,1.310000000000000000e+02,8.000000000000000000e+00,4.000000000000000000e+00
-1.000000000000000000e+00,1.600000000000000000e+01,1.600000000000000000e+01,2.480000000000000000e+02,2.010000000000000000e+02,2.160000000000000000e+02,2.000000000000000000e+02,1.300000000000000000e+02,5.000000000000000000e+00,4.000000000000000000e+00
-1.000000000000000000e+00,1.600000000000000000e+01,1.600000000000000000e+01,2.640000000000000000e+02,2.010000000000000000e+02,2.320000000000000000e+02,2.000000000000000000e+02,1.300000000000000000e+02,5.000000000000000000e+00,4.000000000000000000e+00
-1.000000000000000000e+00,1.600000000000000000e+01,1.600000000000000000e+01,2.790000000000000000e+02,2.020000000000000000e+02,2.480000000000000000e+02,2.000000000000000000e+02,1.260000000000000000e+02,9.000000000000000000e+00,4.000000000000000000e+00
-1.000000000000000000e+00,8.000000000000000000e+00,1.600000000000000000e+01,2.910000000000000000e+02,2.010000000000000000e+02,2.600000000000000000e+02,2.000000000000000000e+02,1.250000000000000000e+02,6.000000000000000000e+00,4.000000000000000000e+00
-1.000000000000000000e+00,8.000000000000000000e+00,1.600000000000000000e+01,2.980000000000000000e+02,2.010000000000000000e+02,2.680000000000000000e+02,2.000000000000000000e+02,1.230000000000000000e+02,6.000000000000000000e+00,4.000000000000000000e+00
-1.000000000000000000e+00,1.600000000000000000e+01,1.600000000000000000e+01,3.100000000000000000e+02,2.010000000000000000e+02,2.800000000000000000e+02,2.000000000000000000e+02,1.230000000000000000e+02,6.000000000000000000e+00,4.000000000000000000e+00
-1.000000000000000000e+00,1.600000000000000000e+01,1.600000000000000000e+01,3.250000000000000000e+02,2.010000000000000000e+02,2.960000000000000000e+02,2.000000000000000000e+02,1.190000000000000000e+02,5.000000000000000000e+00,4.000000000000000000e+00
-1.000000000000000000e+00,1.600000000000000000e+01,1.600000000000000000e+01,3.410000000000000000e+02,2.010000000000000000e+02,3.120000000000000000e+02,2.000000000000000000e+02,1.180000000000000000e+02,6.000000000000000000e+00,4.000000000000000000e+00
-1.000000000000000000e+00,1.600000000000000000e+01,1.600000000000000000e+01,3.570000000000000000e+02,2.010000000000000000e+02,3.280000000000000000e+02,2.000000000000000000e+02,1.190000000000000000e+02,6.000000000000000000e+00,4.000000000000000000e+00
-1.000000000000000000e+00,1.600000000000000000e+01,1.600000000000000000e+01,3.730000000000000000e+02,2.010000000000000000e+02,3.440000000000000000e+02,2.000000000000000000e+02,1.170000000000000000e+02,6.000000000000000000e+00,4.000000000000000000e+00
-1.000000000000000000e+00,1.600000000000000000e+01,1.600000000000000000e+01,3.890000000000000000e+02,2.010000000000000000e+02,3.600000000000000000e+02,2.000000000000000000e+02,1.160000000000000000e+02,7.000000000000000000e+00,4.000000000000000000e+00
-1.000000000000000000e+00,1.600000000000000000e+01,1.600000000000000000e+01,4.040000000000000000e+02,2.070000000000000000e+02,3.760000000000000000e+02,2.000000000000000000e+02,1.140000000000000000e+02,2.800000000000000000e+01,4.000000000000000000e+00
-1.000000000000000000e+00,1.600000000000000000e+01,1.600000000000000000e+01,4.190000000000000000e+02,2.010000000000000000e+02,3.920000000000000000e+02,2.000000000000000000e+02,1.110000000000000000e+02,7.000000000000000000e+00,4.000000000000000000e+00
-1.000000000000000000e+00,1.600000000000000000e+01,1.600000000000000000e+01,4.610000000000000000e+02,2.070000000000000000e+02,4.080000000000000000e+02,2.000000000000000000e+02,2.120000000000000000e+02,2.800000000000000000e+01,4.000000000000000000e+00
-1.000000000000000000e+00,1.600000000000000000e+01,8.000000000000000000e+00,4.700000000000000000e+02,1.980000000000000000e+02,4.400000000000000000e+02,1.960000000000000000e+02,1.230000000000000000e+02,8.000000000000000000e+00,4.000000000000000000e+00
-1.000000000000000000e+00,1.600000000000000000e+01,8.000000000000000000e+00,4.780000000000000000e+02,2.060000000000000000e+02,4.400000000000000000e+02,2.040000000000000000e+02,1.550000000000000000e+02,8.000000000000000000e+00,4.000000000000000000e+00
-1.000000000000000000e+00,1.600000000000000000e+01,1.600000000000000000e+01,4.860000000000000000e+02,2.020000000000000000e+02,4.560000000000000000e+02,2.000000000000000000e+02,1.230000000000000000e+02,8.000000000000000000e+00,4.000000000000000000e+00
-1.000000000000000000e+00,1.600000000000000000e+01,1.600000000000000000e+01,5.550000000000000000e+02,2.040000000000000000e+02,4.880000000000000000e+02,2.000000000000000000e+02,2.690000000000000000e+02,1.600000000000000000e+01,4.000000000000000000e+00
-1.000000000000000000e+00,1.600000000000000000e+01,1.600000000000000000e+01,5.640000000000000000e+02,2.040000000000000000e+02,5.040000000000000000e+02,2.000000000000000000e+02,2.430000000000000000e+02,1.600000000000000000e+01,4.000000000000000000e+00
-1.000000000000000000e+00,1.600000000000000000e+01,1.600000000000000000e+01,5.450000000000000000e+02,2.010000000000000000e+02,5.200000000000000000e+02,2.000000000000000000e+02,1.020000000000000000e+02,6.000000000000000000e+00,4.000000000000000000e+00
-1.000000000000000000e+00,1.600000000000000000e+01,1.600000000000000000e+01,5.600000000000000000e+02,2.010000000000000000e+02,5.360000000000000000e+02,2.000000000000000000e+02,9.800000000000000000e+01,6.000000000000000000e+00,4.000000000000000000e+00
-1.000000000000000000e+00,8.000000000000000000e+00,1.600000000000000000e+01,5.720000000000000000e+02,2.010000000000000000e+02,5.480000000000000000e+02,2.000000000000000000e+02,9.700000000000000000e+01,6.000000000000000000e+00,4.000000000000000000e+00
-1.000000000000000000e+00,8.000000000000000000e+00,1.600000000000000000e+01,5.810000000000000000e+02,2.010000000000000000e+02,5.560000000000000000e+02,2.000000000000000000e+02,1.000000000000000000e+02,6.000000000000000000e+00,4.000000000000000000e+00
-1.000000000000000000e+00,1.600000000000000000e+01,1.600000000000000000e+01,5.920000000000000000e+02,2.010000000000000000e+02,5.680000000000000000e+02,2.000000000000000000e+02,9.800000000000000000e+01,6.000000000000000000e+00,4.000000000000000000e+00
-1.000000000000000000e+00,1.600000000000000000e+01,1.600000000000000000e+01,6.070000000000000000e+02,2.010000000000000000e+02,5.840000000000000000e+02,2.000000000000000000e+02,9.500000000000000000e+01,6.000000000000000000e+00,4.000000000000000000e+00
-1.000000000000000000e+00,1.600000000000000000e+01,1.600000000000000000e+01,6.240000000000000000e+02,2.010000000000000000e+02,6.000000000000000000e+02,2.000000000000000000e+02,9.700000000000000000e+01,6.000000000000000000e+00,4.000000000000000000e+00
-1.000000000000000000e+00,1.600000000000000000e+01,1.600000000000000000e+01,6.390000000000000000e+02,2.010000000000000000e+02,6.160000000000000000e+02,2.000000000000000000e+02,9.400000000000000000e+01,6.000000000000000000e+00,4.000000000000000000e+00
-1.000000000000000000e+00,1.600000000000000000e+01,1.600000000000000000e+01,6.550000000000000000e+02,2.010000000000000000e+02,6.320000000000000000e+02,2.000000000000000000e+02,9.400000000000000000e+01,6.000000000000000000e+00,4.000000000000000000e+00
-1.000000000000000000e+00,1.600000000000000000e+01,1.600000000000000000e+01,6.700000000000000000e+02,2.010000000000000000e+02,6.480000000000000000e+02,2.000000000000000000e+02,9.100000000000000000e+01,6.000000000000000000e+00,4.000000000000000000e+00
-1.000000000000000000e+00,1.600000000000000000e+01,1.600000000000000000e+01,6.860000000000000000e+02,2.010000000000000000e+02,6.640000000000000000e+02,2.000000000000000000e+02,9.000000000000000000e+01,6.000000000000000000e+00,4.000000000000000000e+00
-1.000000000000000000e+00,8.000000000000000000e+00,1.600000000000000000e+01,6.980000000000000000e+02,2.010000000000000000e+02,6.760000000000000000e+02,2.000000000000000000e+02,9.000000000000000000e+01,6.000000000000000000e+00,4.000000000000000000e+00
-1.000000000000000000e+00,8.000000000000000000e+00,1.600000000000000000e+01,7.050000000000000000e+02,2.010000000000000000e+02,6.840000000000000000e+02,2.000000000000000000e+02,8.600000000000000000e+01,5.000000000000000000e+00,4.000000000000000000e+00
-1.000000000000000000e+00,1.600000000000000000e+01,1.600000000000000000e+01,7.170000000000000000e+02,2.010000000000000000e+02,6.960000000000000000e+02,2.000000000000000000e+02,8.700000000000000000e+01,6.000000000000000000e+00,4.000000000000000000e+00
-1.000000000000000000e+00,1.600000000000000000e+01,1.600000000000000000e+01,7.340000000000000000e+02,2.010000000000000000e+02,7.120000000000000000e+02,2.000000000000000000e+02,9.100000000000000000e+01,6.000000000000000000e+00,4.000000000000000000e+00
-1.000000000000000000e+00,1.600000000000000000e+01,1.600000000000000000e+01,7.500000000000000000e+02,2.010000000000000000e+02,7.280000000000000000e+02,2.000000000000000000e+02,9.100000000000000000e+01,6.000000000000000000e+00,4.000000000000000000e+00
-1.000000000000000000e+00,1.600000000000000000e+01,8.000000000000000000e+00,7.660000000000000000e+02,1.970000000000000000e+02,7.440000000000000000e+02,1.960000000000000000e+02,9.100000000000000000e+01,6.000000000000000000e+00,4.000000000000000000e+00
-1.000000000000000000e+00,1.600000000000000000e+01,8.000000000000000000e+00,7.650000000000000000e+02,2.050000000000000000e+02,7.440000000000000000e+02,2.040000000000000000e+02,8.700000000000000000e+01,5.000000000000000000e+00,4.000000000000000000e+00
-1.000000000000000000e+00,1.600000000000000000e+01,8.000000000000000000e+00,7.800000000000000000e+02,1.970000000000000000e+02,7.600000000000000000e+02,1.960000000000000000e+02,8.100000000000000000e+01,6.000000000000000000e+00,4.000000000000000000e+00
-1.000000000000000000e+00,1.600000000000000000e+01,8.000000000000000000e+00,7.810000000000000000e+02,2.050000000000000000e+02,7.600000000000000000e+02,2.040000000000000000e+02,8.500000000000000000e+01,5.000000000000000000e+00,4.000000000000000000e+00
-1.000000000000000000e+00,1.600000000000000000e+01,1.600000000000000000e+01,7.960000000000000000e+02,2.010000000000000000e+02,7.760000000000000000e+02,2.000000000000000000e+02,8.200000000000000000e+01,6.000000000000000000e+00,4.000000000000000000e+00
-1.000000000000000000e+00,1.600000000000000000e+01,8.000000000000000000e+00,8.120000000000000000e+02,1.970000000000000000e+02,7.920000000000000000e+02,1.960000000000000000e+02,8.200000000000000000e+01,6.000000000000000000e+00,4.000000000000000000e+00
-1.000000000000000000e+00,1.600000000000000000e+01,8.000000000000000000e+00,8.120000000000000000e+02,2.050000000000000000e+02,7.920000000000000000e+02,2.040000000000000000e+02,8.300000000000000000e+01,4.000000000000000000e+00,4.000000000000000000e+00
-1.000000000000000000e+00,1.600000000000000000e+01,1.600000000000000000e+01,8.280000000000000000e+02,2.010000000000000000e+02,8.080000000000000000e+02,2.000000000000000000e+02,8.100000000000000000e+01,6.000000000000000000e+00,4.000000000000000000e+00
-1.000000000000000000e+00,1.600000000000000000e+01,1.600000000000000000e+01,8.430000000000000000e+02,2.010000000000000000e+02,8.240000000000000000e+02,2.000000000000000000e+02,7.900000000000000000e+01,6.000000000000000000e+00,4.000000000000000000e+00
-1.000000000000000000e+00,8.000000000000000000e+00,1.600000000000000000e+01,8.560000000000000000e+02,2.010000000000000000e+02,8.360000000000000000e+02,2.000000000000000000e+02,8.000000000000000000e+01,6.000000000000000000e+00,4.000000000000000000e+00
-1.000000000000000000e+00,8.000000000000000000e+00,1.600000000000000000e+01,8.630000000000000000e+02,2.010000000000000000e+02,8.440000000000000000e+02,2.000000000000000000e+02,7.800000000000000000e+01,6.000000000000000000e+00,4.000000000000000000e+00
-1.000000000000000000e+00,8.000000000000000000e+00,1.600000000000000000e+01,8.710000000000000000e+02,2.010000000000000000e+02,8.520000000000000000e+02,2.000000000000000000e+02,7.900000000000000000e+01,6.000000000000000000e+00,4.000000000000000000e+00
-1.000000000000000000e+00,8.000000000000000000e+00,1.600000000000000000e+01,8.790000000000000000e+02,2.010000000000000000e+02,8.600000000000000000e+02,2.000000000000000000e+02,7.800000000000000000e+01,6.000000000000000000e+00,4.000000000000000000e+00
-1.000000000000000000e+00,8.000000000000000000e+00,1.600000000000000000e+01,8.870000000000000000e+02,2.010000000000000000e+02,8.680000000000000000e+02,2.000000000000000000e+02,7.800000000000000000e+01,6.000000000000000000e+00,4.000000000000000000e+00
-1.000000000000000000e+00,8.000000000000000000e+00,1.600000000000000000e+01,8.960000000000000000e+02,2.010000000000000000e+02,8.760000000000000000e+02,2.000000000000000000e+02,8.000000000000000000e+01,6.000000000000000000e+00,4.000000000000000000e+00
-1.000000000000000000e+00,1.600000000000000000e+01,8.000000000000000000e+00,9.050000000000000000e+02,1.970000000000000000e+02,8.880000000000000000e+02,1.960000000000000000e+02,7.000000000000000000e+01,6.000000000000000000e+00,4.000000000000000000e+00
-1.000000000000000000e+00,1.600000000000000000e+01,8.000000000000000000e+00,9.080000000000000000e+02,2.050000000000000000e+02,8.880000000000000000e+02,2.040000000000000000e+02,8.000000000000000000e+01,6.000000000000000000e+00,4.000000000000000000e+00
-1.000000000000000000e+00,1.600000000000000000e+01,1.600000000000000000e+01,9.240000000000000000e+02,2.010000000000000000e+02,9.040000000000000000e+02,2.000000000000000000e+02,8.000000000000000000e+01,6.000000000000000000e+00,4.000000000000000000e+00
-1.000000000000000000e+00,8.000000000000000000e+00,1.600000000000000000e+01,9.380000000000000000e+02,2.010000000000000000e+02,9.160000000000000000e+02,2.000000000000000000e+02,8.800000000000000000e+01,6.000000000000000000e+00,4.000000000000000000e+00
-1.000000000000000000e+00,8.000000000000000000e+00,1.600000000000000000e+01,9.430000000000000000e+02,2.010000000000000000e+02,9.240000000000000000e+02,2.000000000000000000e+02,7.600000000000000000e+01,5.000000000000000000e+00,4.000000000000000000e+00
-1.000000000000000000e+00,1.600000000000000000e+01,1.600000000000000000e+01,9.540000000000000000e+02,2.010000000000000000e+02,9.360000000000000000e+02,2.000000000000000000e+02,7.500000000000000000e+01,6.000000000000000000e+00,4.000000000000000000e+00
-1.000000000000000000e+00,1.600000000000000000e+01,1.600000000000000000e+01,9.700000000000000000e+02,2.010000000000000000e+02,9.520000000000000000e+02,2.000000000000000000e+02,7.300000000000000000e+01,6.000000000000000000e+00,4.000000000000000000e+00
-1.000000000000000000e+00,1.600000000000000000e+01,1.600000000000000000e+01,9.860000000000000000e+02,2.010000000000000000e+02,9.680000000000000000e+02,2.000000000000000000e+02,7.300000000000000000e+01,5.000000000000000000e+00,4.000000000000000000e+00
-1.000000000000000000e+00,1.600000000000000000e+01,1.600000000000000000e+01,1.002000000000000000e+03,2.010000000000000000e+02,9.840000000000000000e+02,2.000000000000000000e+02,7.300000000000000000e+01,6.000000000000000000e+00,4.000000000000000000e+00
-1.000000000000000000e+00,8.000000000000000000e+00,1.600000000000000000e+01,1.014000000000000000e+03,2.010000000000000000e+02,9.960000000000000000e+02,2.000000000000000000e+02,7.300000000000000000e+01,4.000000000000000000e+00,4.000000000000000000e+00
-1.000000000000000000e+00,8.000000000000000000e+00,1.600000000000000000e+01,1.021000000000000000e+03,2.010000000000000000e+02,1.004000000000000000e+03,2.000000000000000000e+02,7.100000000000000000e+01,6.000000000000000000e+00,4.000000000000000000e+00
-1.000000000000000000e+00,1.600000000000000000e+01,1.600000000000000000e+01,1.034000000000000000e+03,2.010000000000000000e+02,1.016000000000000000e+03,2.000000000000000000e+02,7.200000000000000000e+01,6.000000000000000000e+00,4.000000000000000000e+00
-1.000000000000000000e+00,8.000000000000000000e+00,8.000000000000000000e+00,1.045000000000000000e+03,1.970000000000000000e+02,1.028000000000000000e+03,1.960000000000000000e+02,6.900000000000000000e+01,6.000000000000000000e+00,4.000000000000000000e+00
-1.000000000000000000e+00,8.000000000000000000e+00,8.000000000000000000e+00,1.053000000000000000e+03,1.970000000000000000e+02,1.036000000000000000e+03,1.960000000000000000e+02,7.100000000000000000e+01,6.000000000000000000e+00,4.000000000000000000e+00
-1.000000000000000000e+00,8.000000000000000000e+00,8.000000000000000000e+00,1.045000000000000000e+03,2.050000000000000000e+02,1.028000000000000000e+03,2.040000000000000000e+02,6.800000000000000000e+01,6.000000000000000000e+00,4.000000000000000000e+00
-1.000000000000000000e+00,8.000000000000000000e+00,8.000000000000000000e+00,1.053000000000000000e+03,2.040000000000000000e+02,1.036000000000000000e+03,2.040000000000000000e+02,6.900000000000000000e+01,3.000000000000000000e+00,4.000000000000000000e+00
-1.000000000000000000e+00,1.600000000000000000e+01,1.600000000000000000e+01,1.064000000000000000e+03,2.010000000000000000e+02,1.048000000000000000e+03,2.000000000000000000e+02,6.700000000000000000e+01,6.000000000000000000e+00,4.000000000000000000e+00
-1.000000000000000000e+00,1.600000000000000000e+01,1.600000000000000000e+01,1.081000000000000000e+03,2.010000000000000000e+02,1.064000000000000000e+03,2.000000000000000000e+02,6.900000000000000000e+01,6.000000000000000000e+00,4.000000000000000000e+00
-1.000000000000000000e+00,1.600000000000000000e+01,1.600000000000000000e+01,1.097000000000000000e+03,2.010000000000000000e+02,1.080000000000000000e+03,2.000000000000000000e+02,7.000000000000000000e+01,6.000000000000000000e+00,4.000000000000000000e+00
-1.000000000000000000e+00,1.600000000000000000e+01,1.600000000000000000e+01,1.113000000000000000e+03,2.010000000000000000e+02,1.096000000000000000e+03,2.000000000000000000e+02,6.800000000000000000e+01,6.000000000000000000e+00,4.000000000000000000e+00
-1.000000000000000000e+00,1.600000000000000000e+01,1.600000000000000000e+01,1.129000000000000000e+03,2.010000000000000000e+02,1.112000000000000000e+03,2.000000000000000000e+02,6.900000000000000000e+01,4.000000000000000000e+00,4.000000000000000000e+00
-1.000000000000000000e+00,1.600000000000000000e+01,1.600000000000000000e+01,1.144000000000000000e+03,2.010000000000000000e+02,1.128000000000000000e+03,2.000000000000000000e+02,6.700000000000000000e+01,6.000000000000000000e+00,4.000000000000000000e+00
-1.000000000000000000e+00,1.600000000000000000e+01,1.600000000000000000e+01,1.160000000000000000e+03,2.010000000000000000e+02,1.144000000000000000e+03,2.000000000000000000e+02,6.500000000000000000e+01,6.000000000000000000e+00,4.000000000000000000e+00
-1.000000000000000000e+00,1.600000000000000000e+01,8.000000000000000000e+00,1.176000000000000000e+03,1.970000000000000000e+02,1.160000000000000000e+03,1.960000000000000000e+02,6.500000000000000000e+01,6.000000000000000000e+00,4.000000000000000000e+00
-1.000000000000000000e+00,1.600000000000000000e+01,8.000000000000000000e+00,1.175000000000000000e+03,2.050000000000000000e+02,1.160000000000000000e+03,2.040000000000000000e+02,6.100000000000000000e+01,5.000000000000000000e+00,4.000000000000000000e+00
-1.000000000000000000e+00,1.600000000000000000e+01,8.000000000000000000e+00,1.191000000000000000e+03,1.970000000000000000e+02,1.176000000000000000e+03,1.960000000000000000e+02,6.300000000000000000e+01,6.000000000000000000e+00,4.000000000000000000e+00
-1.000000000000000000e+00,1.600000000000000000e+01,8.000000000000000000e+00,1.192000000000000000e+03,2.050000000000000000e+02,1.176000000000000000e+03,2.040000000000000000e+02,6.500000000000000000e+01,4.000000000000000000e+00,4.000000000000000000e+00
-1.000000000000000000e+00,1.600000000000000000e+01,8.000000000000000000e+00,1.209000000000000000e+03,1.970000000000000000e+02,1.192000000000000000e+03,1.960000000000000000e+02,6.800000000000000000e+01,6.000000000000000000e+00,4.000000000000000000e+00
-1.000000000000000000e+00,1.600000000000000000e+01,8.000000000000000000e+00,1.209000000000000000e+03,2.040000000000000000e+02,1.192000000000000000e+03,2.040000000000000000e+02,7.000000000000000000e+01,2.000000000000000000e+00,4.000000000000000000e+00
-1.000000000000000000e+00,1.600000000000000000e+01,1.600000000000000000e+01,1.225000000000000000e+03,2.000000000000000000e+02,1.208000000000000000e+03,2.000000000000000000e+02,6.800000000000000000e+01,-3.000000000000000000e+00,4.000000000000000000e+00
-1.000000000000000000e+00,8.000000000000000000e+00,1.600000000000000000e+01,1.237000000000000000e+03,2.000000000000000000e+02,1.220000000000000000e+03,2.000000000000000000e+02,6.800000000000000000e+01,-3.000000000000000000e+00,4.000000000000000000e+00
-1.000000000000000000e+00,8.000000000000000000e+00,1.600000000000000000e+01,1.243000000000000000e+03,2.020000000000000000e+02,1.228000000000000000e+03,2.000000000000000000e+02,6.100000000000000000e+01,1.000000000000000000e+01,4.000000000000000000e+00
-1.000000000000000000e+00,1.600000000000000000e+01,1.600000000000000000e+01,1.255000000000000000e+03,2.030000000000000000e+02,1.240000000000000000e+03,2.000000000000000000e+02,6.100000000000000000e+01,1.200000000000000000e+01,4.000000000000000000e+00
-1.000000000000000000e+00,1.600000000000000000e+01,1.600000000000000000e+01,1.271000000000000000e+03,2.020000000000000000e+02,1.256000000000000000e+03,2.000000000000000000e+02,6.200000000000000000e+01,9.000000000000000000e+00,4.000000000000000000e+00
-1.000000000000000000e+00,1.600000000000000000e+01,1.600000000000000000e+01,3.400000000000000000e+01,2.090000000000000000e+02,8.000000000000000000e+00,2.160000000000000000e+02,1.040000000000000000e+02,-3.000000000000000000e+01,4.000000000000000000e+00
-1.000000000000000000e+00,1.600000000000000000e+01,1.600000000000000000e+01,5.200000000000000000e+01,2.110000000000000000e+02,2.400000000000000000e+01,2.160000000000000000e+02,1.130000000000000000e+02,-2.000000000000000000e+01,4.000000000000000000e+00
-1.000000000000000000e+00,1.600000000000000000e+01,1.600000000000000000e+01,7.500000000000000000e+01,2.080000000000000000e+02,4.000000000000000000e+01,2.160000000000000000e+02,1.430000000000000000e+02,-3.500000000000000000e+01,4.000000000000000000e+00
-1.000000000000000000e+00,1.600000000000000000e+01,8.000000000000000000e+00,9.100000000000000000e+01,2.040000000000000000e+02,5.600000000000000000e+01,2.120000000000000000e+02,1.430000000000000000e+02,-3.200000000000000000e+01,4.000000000000000000e+00
-1.000000000000000000e+00,1.600000000000000000e+01,8.000000000000000000e+00,9.100000000000000000e+01,2.090000000000000000e+02,5.600000000000000000e+01,2.200000000000000000e+02,1.430000000000000000e+02,-4.400000000000000000e+01,4.000000000000000000e+00
-1.000000000000000000e+00,1.600000000000000000e+01,1.600000000000000000e+01,1.060000000000000000e+02,2.070000000000000000e+02,7.200000000000000000e+01,2.160000000000000000e+02,1.360000000000000000e+02,-3.900000000000000000e+01,4.000000000000000000e+00
-1.000000000000000000e+00,1.600000000000000000e+01,1.600000000000000000e+01,1.240000000000000000e+02,2.140000000000000000e+02,8.800000000000000000e+01,2.160000000000000000e+02,1.450000000000000000e+02,-8.000000000000000000e+00,4.000000000000000000e+00
-1.000000000000000000e+00,1.600000000000000000e+01,1.600000000000000000e+01,1.550000000000000000e+02,2.180000000000000000e+02,1.200000000000000000e+02,2.160000000000000000e+02,1.430000000000000000e+02,1.000000000000000000e+01,4.000000000000000000e+00
-1.000000000000000000e+00,1.600000000000000000e+01,1.600000000000000000e+01,1.710000000000000000e+02,2.180000000000000000e+02,1.360000000000000000e+02,2.160000000000000000e+02,1.400000000000000000e+02,1.000000000000000000e+01,4.000000000000000000e+00
-1.000000000000000000e+00,1.600000000000000000e+01,1.600000000000000000e+01,1.870000000000000000e+02,2.200000000000000000e+02,1.520000000000000000e+02,2.160000000000000000e+02,1.400000000000000000e+02,1.600000000000000000e+01,4.000000000000000000e+00
-1.000000000000000000e+00,1.600000000000000000e+01,1.600000000000000000e+01,2.000000000000000000e+02,2.200000000000000000e+02,1.680000000000000000e+02,2.160000000000000000e+02,1.310000000000000000e+02,1.600000000000000000e+01,4.000000000000000000e+00
-1.000000000000000000e+00,1.600000000000000000e+01,1.600000000000000000e+01,2.160000000000000000e+02,2.200000000000000000e+02,1.840000000000000000e+02,2.160000000000000000e+02,1.300000000000000000e+02,1.700000000000000000e+01,4.000000000000000000e+00
-1.000000000000000000e+00,1.600000000000000000e+01,1.600000000000000000e+01,2.480000000000000000e+02,2.170000000000000000e+02,2.160000000000000000e+02,2.160000000000000000e+02,1.280000000000000000e+02,4.000000000000000000e+00,4.000000000000000000e+00
-1.000000000000000000e+00,1.600000000000000000e+01,1.600000000000000000e+01,2.640000000000000000e+02,2.170000000000000000e+02,2.320000000000000000e+02,2.160000000000000000e+02,1.280000000000000000e+02,5.000000000000000000e+00,4.000000000000000000e+00
-1.000000000000000000e+00,1.600000000000000000e+01,1.600000000000000000e+01,2.790000000000000000e+02,2.170000000000000000e+02,2.480000000000000000e+02,2.160000000000000000e+02,1.240000000000000000e+02,5.000000000000000000e+00,4.000000000000000000e+00
-1.000000000000000000e+00,1.600000000000000000e+01,1.600000000000000000e+01,2.950000000000000000e+02,2.170000000000000000e+02,2.640000000000000000e+02,2.160000000000000000e+02,1.250000000000000000e+02,4.000000000000000000e+00,4.000000000000000000e+00
-1.000000000000000000e+00,1.600000000000000000e+01,8.000000000000000000e+00,3.110000000000000000e+02,2.130000000000000000e+02,2.800000000000000000e+02,2.120000000000000000e+02,1.250000000000000000e+02,6.000000000000000000e+00,4.000000000000000000e+00
-1.000000000000000000e+00,1.600000000000000000e+01,8.000000000000000000e+00,3.110000000000000000e+02,2.210000000000000000e+02,2.800000000000000000e+02,2.200000000000000000e+02,1.250000000000000000e+02,4.000000000000000000e+00,4.000000000000000000e+00
-1.000000000000000000e+00,1.600000000000000000e+01,1.600000000000000000e+01,3.260000000000000000e+02,2.170000000000000000e+02,2.960000000000000000e+02,2.160000000000000000e+02,1.220000000000000000e+02,4.000000000000000000e+00,4.000000000000000000e+00
-1.000000000000000000e+00,1.600000000000000000e+01,1.600000000000000000e+01,3.410000000000000000e+02,2.170000000000000000e+02,3.120000000000000000e+02,2.160000000000000000e+02,1.190000000000000000e+02,5.000000000000000000e+00,4.000000000000000000e+00
-1.000000000000000000e+00,1.600000000000000000e+01,1.600000000000000000e+01,3.570000000000000000e+02,2.170000000000000000e+02,3.280000000000000000e+02,2.160000000000000000e+02,1.160000000000000000e+02,5.000000000000000000e+00,4.000000000000000000e+00
-1.000000000000000000e+00,1.600000000000000000e+01,1.600000000000000000e+01,3.730000000000000000e+02,2.170000000000000000e+02,3.440000000000000000e+02,2.160000000000000000e+02,1.160000000000000000e+02,6.000000000000000000e+00,4.000000000000000000e+00
-1.000000000000000000e+00,1.600000000000000000e+01,1.600000000000000000e+01,3.890000000000000000e+02,2.170000000000000000e+02,3.600000000000000000e+02,2.160000000000000000e+02,1.160000000000000000e+02,7.000000000000000000e+00,4.000000000000000000e+00
-1.000000000000000000e+00,1.600000000000000000e+01,1.600000000000000000e+01,4.040000000000000000e+02,2.170000000000000000e+02,3.760000000000000000e+02,2.160000000000000000e+02,1.140000000000000000e+02,7.000000000000000000e+00,4.000000000000000000e+00
-1.000000000000000000e+00,1.600000000000000000e+01,1.600000000000000000e+01,4.200000000000000000e+02,2.170000000000000000e+02,3.920000000000000000e+02,2.160000000000000000e+02,1.140000000000000000e+02,7.000000000000000000e+00,4.000000000000000000e+00
-1.000000000000000000e+00,8.000000000000000000e+00,1.600000000000000000e+01,4.320000000000000000e+02,2.160000000000000000e+02,4.040000000000000000e+02,2.160000000000000000e+02,1.120000000000000000e+02,-2.000000000000000000e+00,4.000000000000000000e+00
-1.000000000000000000e+00,8.000000000000000000e+00,1.600000000000000000e+01,4.370000000000000000e+02,2.150000000000000000e+02,4.120000000000000000e+02,2.160000000000000000e+02,1.010000000000000000e+02,-7.000000000000000000e+00,4.000000000000000000e+00
-1.000000000000000000e+00,1.600000000000000000e+01,1.600000000000000000e+01,4.510000000000000000e+02,2.170000000000000000e+02,4.240000000000000000e+02,2.160000000000000000e+02,1.080000000000000000e+02,4.000000000000000000e+00,4.000000000000000000e+00
-1.000000000000000000e+00,1.600000000000000000e+01,1.600000000000000000e+01,4.660000000000000000e+02,2.170000000000000000e+02,4.400000000000000000e+02,2.160000000000000000e+02,1.070000000000000000e+02,5.000000000000000000e+00,4.000000000000000000e+00
-1.000000000000000000e+00,1.600000000000000000e+01,1.600000000000000000e+01,4.820000000000000000e+02,2.170000000000000000e+02,4.560000000000000000e+02,2.160000000000000000e+02,1.070000000000000000e+02,5.000000000000000000e+00,4.000000000000000000e+00
-1.000000000000000000e+00,1.600000000000000000e+01,1.600000000000000000e+01,4.980000000000000000e+02,2.170000000000000000e+02,4.720000000000000000e+02,2.160000000000000000e+02,1.050000000000000000e+02,6.000000000000000000e+00,4.000000000000000000e+00
-1.000000000000000000e+00,1.600000000000000000e+01,1.600000000000000000e+01,5.520000000000000000e+02,2.200000000000000000e+02,4.880000000000000000e+02,2.160000000000000000e+02,2.560000000000000000e+02,1.600000000000000000e+01,4.000000000000000000e+00
-1.000000000000000000e+00,1.600000000000000000e+01,1.600000000000000000e+01,5.600000000000000000e+02,2.170000000000000000e+02,5.360000000000000000e+02,2.160000000000000000e+02,9.700000000000000000e+01,6.000000000000000000e+00,4.000000000000000000e+00
-1.000000000000000000e+00,8.000000000000000000e+00,1.600000000000000000e+01,5.720000000000000000e+02,2.160000000000000000e+02,5.480000000000000000e+02,2.160000000000000000e+02,9.800000000000000000e+01,3.000000000000000000e+00,4.000000000000000000e+00
-1.000000000000000000e+00,8.000000000000000000e+00,1.600000000000000000e+01,5.810000000000000000e+02,2.170000000000000000e+02,5.560000000000000000e+02,2.160000000000000000e+02,1.000000000000000000e+02,4.000000000000000000e+00,4.000000000000000000e+00
-1.000000000000000000e+00,1.600000000000000000e+01,8.000000000000000000e+00,5.920000000000000000e+02,2.130000000000000000e+02,5.680000000000000000e+02,2.120000000000000000e+02,9.800000000000000000e+01,4.000000000000000000e+00,4.000000000000000000e+00
-1.000000000000000000e+00,1.600000000000000000e+01,8.000000000000000000e+00,5.930000000000000000e+02,2.200000000000000000e+02,5.680000000000000000e+02,2.200000000000000000e+02,1.000000000000000000e+02,2.000000000000000000e+00,4.000000000000000000e+00
-1.000000000000000000e+00,1.600000000000000000e+01,1.600000000000000000e+01,6.070000000000000000e+02,2.170000000000000000e+02,5.840000000000000000e+02,2.160000000000000000e+02,9.500000000000000000e+01,5.000000000000000000e+00,4.000000000000000000e+00
-1.000000000000000000e+00,1.600000000000000000e+01,1.600000000000000000e+01,6.230000000000000000e+02,2.170000000000000000e+02,6.000000000000000000e+02,2.160000000000000000e+02,9.200000000000000000e+01,5.000000000000000000e+00,4.000000000000000000e+00
-1.000000000000000000e+00,1.600000000000000000e+01,1.600000000000000000e+01,6.390000000000000000e+02,2.170000000000000000e+02,6.160000000000000000e+02,2.160000000000000000e+02,9.200000000000000000e+01,5.000000000000000000e+00,4.000000000000000000e+00
-1.000000000000000000e+00,1.600000000000000000e+01,1.600000000000000000e+01,6.550000000000000000e+02,2.160000000000000000e+02,6.320000000000000000e+02,2.160000000000000000e+02,9.300000000000000000e+01,3.000000000000000000e+00,4.000000000000000000e+00
-1.000000000000000000e+00,1.600000000000000000e+01,1.600000000000000000e+01,6.700000000000000000e+02,2.170000000000000000e+02,6.480000000000000000e+02,2.160000000000000000e+02,9.100000000000000000e+01,6.000000000000000000e+00,4.000000000000000000e+00
-1.000000000000000000e+00,1.600000000000000000e+01,1.600000000000000000e+01,6.870000000000000000e+02,2.170000000000000000e+02,6.640000000000000000e+02,2.160000000000000000e+02,9.200000000000000000e+01,5.000000000000000000e+00,4.000000000000000000e+00
-1.000000000000000000e+00,1.600000000000000000e+01,1.600000000000000000e+01,7.010000000000000000e+02,2.170000000000000000e+02,6.800000000000000000e+02,2.160000000000000000e+02,8.700000000000000000e+01,5.000000000000000000e+00,4.000000000000000000e+00
-1.000000000000000000e+00,1.600000000000000000e+01,1.600000000000000000e+01,7.190000000000000000e+02,2.170000000000000000e+02,6.960000000000000000e+02,2.160000000000000000e+02,9.200000000000000000e+01,4.000000000000000000e+00,4.000000000000000000e+00
-1.000000000000000000e+00,1.600000000000000000e+01,1.600000000000000000e+01,7.330000000000000000e+02,2.170000000000000000e+02,7.120000000000000000e+02,2.160000000000000000e+02,8.500000000000000000e+01,4.000000000000000000e+00,4.000000000000000000e+00
-1.000000000000000000e+00,1.600000000000000000e+01,1.600000000000000000e+01,7.480000000000000000e+02,2.170000000000000000e+02,7.280000000000000000e+02,2.160000000000000000e+02,8.300000000000000000e+01,7.000000000000000000e+00,4.000000000000000000e+00
-1.000000000000000000e+00,1.600000000000000000e+01,1.600000000000000000e+01,7.650000000000000000e+02,2.170000000000000000e+02,7.440000000000000000e+02,2.160000000000000000e+02,8.500000000000000000e+01,6.000000000000000000e+00,4.000000000000000000e+00
-1.000000000000000000e+00,1.600000000000000000e+01,1.600000000000000000e+01,7.810000000000000000e+02,2.170000000000000000e+02,7.600000000000000000e+02,2.160000000000000000e+02,8.500000000000000000e+01,5.000000000000000000e+00,4.000000000000000000e+00
-1.000000000000000000e+00,8.000000000000000000e+00,1.600000000000000000e+01,7.930000000000000000e+02,2.170000000000000000e+02,7.720000000000000000e+02,2.160000000000000000e+02,8.500000000000000000e+01,5.000000000000000000e+00,4.000000000000000000e+00
-1.000000000000000000e+00,8.000000000000000000e+00,1.600000000000000000e+01,7.990000000000000000e+02,2.170000000000000000e+02,7.800000000000000000e+02,2.160000000000000000e+02,7.800000000000000000e+01,5.000000000000000000e+00,4.000000000000000000e+00
-1.000000000000000000e+00,1.600000000000000000e+01,1.600000000000000000e+01,8.120000000000000000e+02,2.170000000000000000e+02,7.920000000000000000e+02,2.160000000000000000e+02,8.300000000000000000e+01,5.000000000000000000e+00,4.000000000000000000e+00
-1.000000000000000000e+00,1.600000000000000000e+01,8.000000000000000000e+00,8.280000000000000000e+02,2.130000000000000000e+02,8.080000000000000000e+02,2.120000000000000000e+02,8.100000000000000000e+01,5.000000000000000000e+00,4.000000000000000000e+00
-1.000000000000000000e+00,1.600000000000000000e+01,8.000000000000000000e+00,8.270000000000000000e+02,2.220000000000000000e+02,8.080000000000000000e+02,2.200000000000000000e+02,7.600000000000000000e+01,8.000000000000000000e+00,4.000000000000000000e+00
-1.000000000000000000e+00,8.000000000000000000e+00,1.600000000000000000e+01,8.400000000000000000e+02,2.160000000000000000e+02,8.200000000000000000e+02,2.160000000000000000e+02,8.100000000000000000e+01,3.000000000000000000e+00,4.000000000000000000e+00
-1.000000000000000000e+00,8.000000000000000000e+00,1.600000000000000000e+01,8.480000000000000000e+02,2.170000000000000000e+02,8.280000000000000000e+02,2.160000000000000000e+02,8.200000000000000000e+01,5.000000000000000000e+00,4.000000000000000000e+00
-1.000000000000000000e+00,1.600000000000000000e+01,8.000000000000000000e+00,8.600000000000000000e+02,2.130000000000000000e+02,8.400000000000000000e+02,2.120000000000000000e+02,8.200000000000000000e+01,6.000000000000000000e+00,4.000000000000000000e+00
-1.000000000000000000e+00,1.600000000000000000e+01,8.000000000000000000e+00,8.590000000000000000e+02,2.200000000000000000e+02,8.400000000000000000e+02,2.200000000000000000e+02,7.900000000000000000e+01,3.000000000000000000e+00,4.000000000000000000e+00
-1.000000000000000000e+00,1.600000000000000000e+01,1.600000000000000000e+01,8.750000000000000000e+02,2.170000000000000000e+02,8.560000000000000000e+02,2.160000000000000000e+02,7.800000000000000000e+01,5.000000000000000000e+00,4.000000000000000000e+00
-1.000000000000000000e+00,8.000000000000000000e+00,8.000000000000000000e+00,8.870000000000000000e+02,2.130000000000000000e+02,8.680000000000000000e+02,2.120000000000000000e+02,7.800000000000000000e+01,6.000000000000000000e+00,4.000000000000000000e+00
-1.000000000000000000e+00,8.000000000000000000e+00,8.000000000000000000e+00,8.960000000000000000e+02,2.130000000000000000e+02,8.760000000000000000e+02,2.120000000000000000e+02,8.000000000000000000e+01,4.000000000000000000e+00,4.000000000000000000e+00
-1.000000000000000000e+00,8.000000000000000000e+00,8.000000000000000000e+00,8.870000000000000000e+02,2.200000000000000000e+02,8.680000000000000000e+02,2.200000000000000000e+02,7.800000000000000000e+01,2.000000000000000000e+00,4.000000000000000000e+00
-1.000000000000000000e+00,8.000000000000000000e+00,8.000000000000000000e+00,8.950000000000000000e+02,2.210000000000000000e+02,8.760000000000000000e+02,2.200000000000000000e+02,7.800000000000000000e+01,4.000000000000000000e+00,4.000000000000000000e+00
-1.000000000000000000e+00,1.600000000000000000e+01,1.600000000000000000e+01,9.070000000000000000e+02,2.170000000000000000e+02,8.880000000000000000e+02,2.160000000000000000e+02,7.600000000000000000e+01,4.000000000000000000e+00,4.000000000000000000e+00
-1.000000000000000000e+00,1.600000000000000000e+01,1.600000000000000000e+01,9.240000000000000000e+02,2.170000000000000000e+02,9.040000000000000000e+02,2.160000000000000000e+02,8.100000000000000000e+01,4.000000000000000000e+00,4.000000000000000000e+00
-1.000000000000000000e+00,1.600000000000000000e+01,1.600000000000000000e+01,9.380000000000000000e+02,2.170000000000000000e+02,9.200000000000000000e+02,2.160000000000000000e+02,7.300000000000000000e+01,5.000000000000000000e+00,4.000000000000000000e+00
-1.000000000000000000e+00,8.000000000000000000e+00,8.000000000000000000e+00,9.500000000000000000e+02,2.130000000000000000e+02,9.320000000000000000e+02,2.120000000000000000e+02,7.300000000000000000e+01,4.000000000000000000e+00,4.000000000000000000e+00
-1.000000000000000000e+00,8.000000000000000000e+00,8.000000000000000000e+00,9.590000000000000000e+02,2.130000000000000000e+02,9.400000000000000000e+02,2.120000000000000000e+02,7.800000000000000000e+01,5.000000000000000000e+00,4.000000000000000000e+00
-1.000000000000000000e+00,8.000000000000000000e+00,8.000000000000000000e+00,9.530000000000000000e+02,2.210000000000000000e+02,9.320000000000000000e+02,2.200000000000000000e+02,8.700000000000000000e+01,4.000000000000000000e+00,4.000000000000000000e+00
-1.000000000000000000e+00,8.000000000000000000e+00,8.000000000000000000e+00,9.590000000000000000e+02,2.210000000000000000e+02,9.400000000000000000e+02,2.200000000000000000e+02,7.800000000000000000e+01,4.000000000000000000e+00,4.000000000000000000e+00
-1.000000000000000000e+00,1.600000000000000000e+01,8.000000000000000000e+00,9.700000000000000000e+02,2.130000000000000000e+02,9.520000000000000000e+02,2.120000000000000000e+02,7.400000000000000000e+01,5.000000000000000000e+00,4.000000000000000000e+00
-1.000000000000000000e+00,1.600000000000000000e+01,8.000000000000000000e+00,9.700000000000000000e+02,2.210000000000000000e+02,9.520000000000000000e+02,2.200000000000000000e+02,7.400000000000000000e+01,4.000000000000000000e+00,4.000000000000000000e+00
-1.000000000000000000e+00,1.600000000000000000e+01,1.600000000000000000e+01,9.860000000000000000e+02,2.170000000000000000e+02,9.680000000000000000e+02,2.160000000000000000e+02,7.300000000000000000e+01,4.000000000000000000e+00,4.000000000000000000e+00
-1.000000000000000000e+00,1.600000000000000000e+01,8.000000000000000000e+00,1.001000000000000000e+03,2.130000000000000000e+02,9.840000000000000000e+02,2.120000000000000000e+02,6.900000000000000000e+01,4.000000000000000000e+00,4.000000000000000000e+00
-1.000000000000000000e+00,1.600000000000000000e+01,8.000000000000000000e+00,1.002000000000000000e+03,2.210000000000000000e+02,9.840000000000000000e+02,2.200000000000000000e+02,7.500000000000000000e+01,4.000000000000000000e+00,4.000000000000000000e+00
-1.000000000000000000e+00,8.000000000000000000e+00,8.000000000000000000e+00,1.014000000000000000e+03,2.130000000000000000e+02,9.960000000000000000e+02,2.120000000000000000e+02,7.300000000000000000e+01,5.000000000000000000e+00,4.000000000000000000e+00
-1.000000000000000000e+00,8.000000000000000000e+00,8.000000000000000000e+00,1.022000000000000000e+03,2.130000000000000000e+02,1.004000000000000000e+03,2.120000000000000000e+02,7.200000000000000000e+01,6.000000000000000000e+00,4.000000000000000000e+00
-1.000000000000000000e+00,8.000000000000000000e+00,8.000000000000000000e+00,1.014000000000000000e+03,2.210000000000000000e+02,9.960000000000000000e+02,2.200000000000000000e+02,7.300000000000000000e+01,5.000000000000000000e+00,4.000000000000000000e+00
-1.000000000000000000e+00,8.000000000000000000e+00,8.000000000000000000e+00,1.019000000000000000e+03,2.200000000000000000e+02,1.004000000000000000e+03,2.200000000000000000e+02,6.000000000000000000e+01,3.000000000000000000e+00,4.000000000000000000e+00
-1.000000000000000000e+00,1.600000000000000000e+01,1.600000000000000000e+01,1.033000000000000000e+03,2.170000000000000000e+02,1.016000000000000000e+03,2.160000000000000000e+02,7.100000000000000000e+01,5.000000000000000000e+00,4.000000000000000000e+00
-1.000000000000000000e+00,1.600000000000000000e+01,8.000000000000000000e+00,1.048000000000000000e+03,2.130000000000000000e+02,1.032000000000000000e+03,2.120000000000000000e+02,6.700000000000000000e+01,5.000000000000000000e+00,4.000000000000000000e+00
-1.000000000000000000e+00,1.600000000000000000e+01,8.000000000000000000e+00,1.049000000000000000e+03,2.210000000000000000e+02,1.032000000000000000e+03,2.200000000000000000e+02,7.100000000000000000e+01,4.000000000000000000e+00,4.000000000000000000e+00
-1.000000000000000000e+00,1.600000000000000000e+01,8.000000000000000000e+00,1.064000000000000000e+03,2.130000000000000000e+02,1.048000000000000000e+03,2.120000000000000000e+02,6.700000000000000000e+01,4.000000000000000000e+00,4.000000000000000000e+00
-1.000000000000000000e+00,1.600000000000000000e+01,8.000000000000000000e+00,1.065000000000000000e+03,2.210000000000000000e+02,1.048000000000000000e+03,2.200000000000000000e+02,7.100000000000000000e+01,5.000000000000000000e+00,4.000000000000000000e+00
-1.000000000000000000e+00,1.600000000000000000e+01,1.600000000000000000e+01,1.081000000000000000e+03,2.170000000000000000e+02,1.064000000000000000e+03,2.160000000000000000e+02,6.900000000000000000e+01,5.000000000000000000e+00,4.000000000000000000e+00
-1.000000000000000000e+00,1.600000000000000000e+01,8.000000000000000000e+00,1.094000000000000000e+03,2.130000000000000000e+02,1.080000000000000000e+03,2.120000000000000000e+02,5.900000000000000000e+01,4.000000000000000000e+00,4.000000000000000000e+00
-1.000000000000000000e+00,1.600000000000000000e+01,8.000000000000000000e+00,1.097000000000000000e+03,2.210000000000000000e+02,1.080000000000000000e+03,2.200000000000000000e+02,6.900000000000000000e+01,4.000000000000000000e+00,4.000000000000000000e+00
-1.000000000000000000e+00,1.600000000000000000e+01,1.600000000000000000e+01,1.112000000000000000e+03,2.170000000000000000e+02,1.096000000000000000e+03,2.160000000000000000e+02,6.700000000000000000e+01,4.000000000000000000e+00,4.000000000000000000e+00
-1.000000000000000000e+00,8.000000000000000000e+00,1.600000000000000000e+01,1.124000000000000000e+03,2.170000000000000000e+02,1.108000000000000000e+03,2.160000000000000000e+02,6.500000000000000000e+01,4.000000000000000000e+00,4.000000000000000000e+00
-1.000000000000000000e+00,8.000000000000000000e+00,1.600000000000000000e+01,1.132000000000000000e+03,2.170000000000000000e+02,1.116000000000000000e+03,2.160000000000000000e+02,6.700000000000000000e+01,4.000000000000000000e+00,4.000000000000000000e+00
-1.000000000000000000e+00,1.600000000000000000e+01,8.000000000000000000e+00,1.144000000000000000e+03,2.130000000000000000e+02,1.128000000000000000e+03,2.120000000000000000e+02,6.700000000000000000e+01,5.000000000000000000e+00,4.000000000000000000e+00
-1.000000000000000000e+00,1.600000000000000000e+01,8.000000000000000000e+00,1.143000000000000000e+03,2.210000000000000000e+02,1.128000000000000000e+03,2.200000000000000000e+02,6.000000000000000000e+01,4.000000000000000000e+00,4.000000000000000000e+00
-1.000000000000000000e+00,1.600000000000000000e+01,8.000000000000000000e+00,1.159000000000000000e+03,2.130000000000000000e+02,1.144000000000000000e+03,2.120000000000000000e+02,6.300000000000000000e+01,5.000000000000000000e+00,4.000000000000000000e+00
-1.000000000000000000e+00,1.600000000000000000e+01,8.000000000000000000e+00,1.160000000000000000e+03,2.210000000000000000e+02,1.144000000000000000e+03,2.200000000000000000e+02,6.500000000000000000e+01,4.000000000000000000e+00,4.000000000000000000e+00
-1.000000000000000000e+00,1.600000000000000000e+01,8.000000000000000000e+00,1.175000000000000000e+03,2.130000000000000000e+02,1.160000000000000000e+03,2.120000000000000000e+02,6.100000000000000000e+01,4.000000000000000000e+00,4.000000000000000000e+00
-1.000000000000000000e+00,1.600000000000000000e+01,8.000000000000000000e+00,1.176000000000000000e+03,2.210000000000000000e+02,1.160000000000000000e+03,2.200000000000000000e+02,6.500000000000000000e+01,4.000000000000000000e+00,4.000000000000000000e+00
-1.000000000000000000e+00,1.600000000000000000e+01,1.600000000000000000e+01,1.192000000000000000e+03,2.170000000000000000e+02,1.176000000000000000e+03,2.160000000000000000e+02,6.500000000000000000e+01,4.000000000000000000e+00,4.000000000000000000e+00
-1.000000000000000000e+00,1.600000000000000000e+01,8.000000000000000000e+00,1.209000000000000000e+03,2.130000000000000000e+02,1.192000000000000000e+03,2.120000000000000000e+02,7.000000000000000000e+01,6.000000000000000000e+00,4.000000000000000000e+00
-1.000000000000000000e+00,1.600000000000000000e+01,8.000000000000000000e+00,1.208000000000000000e+03,2.210000000000000000e+02,1.192000000000000000e+03,2.200000000000000000e+02,6.500000000000000000e+01,4.000000000000000000e+00,4.000000000000000000e+00
-1.000000000000000000e+00,1.600000000000000000e+01,1.600000000000000000e+01,1.227000000000000000e+03,2.170000000000000000e+02,1.208000000000000000e+03,2.160000000000000000e+02,7.800000000000000000e+01,5.000000000000000000e+00,4.000000000000000000e+00
-1.000000000000000000e+00,1.600000000000000000e+01,1.600000000000000000e+01,1.241000000000000000e+03,2.170000000000000000e+02,1.224000000000000000e+03,2.160000000000000000e+02,6.800000000000000000e+01,5.000000000000000000e+00,4.000000000000000000e+00
-1.000000000000000000e+00,1.600000000000000000e+01,1.600000000000000000e+01,1.259000000000000000e+03,2.170000000000000000e+02,1.240000000000000000e+03,2.160000000000000000e+02,7.800000000000000000e+01,5.000000000000000000e+00,4.000000000000000000e+00
-1.000000000000000000e+00,1.600000000000000000e+01,1.600000000000000000e+01,1.271000000000000000e+03,2.170000000000000000e+02,1.256000000000000000e+03,2.160000000000000000e+02,6.200000000000000000e+01,4.000000000000000000e+00,4.000000000000000000e+00
-1.000000000000000000e+00,1.600000000000000000e+01,8.000000000000000000e+00,1.287000000000000000e+03,2.130000000000000000e+02,1.272000000000000000e+03,2.120000000000000000e+02,6.200000000000000000e+01,4.000000000000000000e+00,4.000000000000000000e+00
-1.000000000000000000e+00,1.600000000000000000e+01,8.000000000000000000e+00,1.287000000000000000e+03,2.200000000000000000e+02,1.272000000000000000e+03,2.200000000000000000e+02,6.200000000000000000e+01,3.000000000000000000e+00,4.000000000000000000e+00
-1.000000000000000000e+00,1.600000000000000000e+01,1.600000000000000000e+01,5.200000000000000000e+01,2.320000000000000000e+02,2.400000000000000000e+01,2.320000000000000000e+02,1.130000000000000000e+02,0.000000000000000000e+00,4.000000000000000000e+00
-1.000000000000000000e+00,1.600000000000000000e+01,8.000000000000000000e+00,7.500000000000000000e+01,2.290000000000000000e+02,4.000000000000000000e+01,2.280000000000000000e+02,1.430000000000000000e+02,4.000000000000000000e+00,4.000000000000000000e+00
-1.000000000000000000e+00,1.600000000000000000e+01,8.000000000000000000e+00,6.600000000000000000e+01,2.360000000000000000e+02,4.000000000000000000e+01,2.360000000000000000e+02,1.050000000000000000e+02,0.000000000000000000e+00,4.000000000000000000e+00
-1.000000000000000000e+00,1.600000000000000000e+01,1.600000000000000000e+01,1.080000000000000000e+02,2.330000000000000000e+02,7.200000000000000000e+01,2.320000000000000000e+02,1.440000000000000000e+02,4.000000000000000000e+00,4.000000000000000000e+00
-1.000000000000000000e+00,1.600000000000000000e+01,1.600000000000000000e+01,1.270000000000000000e+02,2.330000000000000000e+02,8.800000000000000000e+01,2.320000000000000000e+02,1.570000000000000000e+02,4.000000000000000000e+00,4.000000000000000000e+00
-1.000000000000000000e+00,1.600000000000000000e+01,1.600000000000000000e+01,1.410000000000000000e+02,2.330000000000000000e+02,1.040000000000000000e+02,2.320000000000000000e+02,1.510000000000000000e+02,4.000000000000000000e+00,4.000000000000000000e+00
-1.000000000000000000e+00,1.600000000000000000e+01,1.600000000000000000e+01,1.540000000000000000e+02,2.320000000000000000e+02,1.200000000000000000e+02,2.320000000000000000e+02,1.370000000000000000e+02,3.000000000000000000e+00,4.000000000000000000e+00
-1.000000000000000000e+00,1.600000000000000000e+01,1.600000000000000000e+01,1.700000000000000000e+02,2.330000000000000000e+02,1.360000000000000000e+02,2.320000000000000000e+02,1.390000000000000000e+02,4.000000000000000000e+00,4.000000000000000000e+00
-1.000000000000000000e+00,1.600000000000000000e+01,1.600000000000000000e+01,1.860000000000000000e+02,2.330000000000000000e+02,1.520000000000000000e+02,2.320000000000000000e+02,1.390000000000000000e+02,4.000000000000000000e+00,4.000000000000000000e+00
-1.000000000000000000e+00,1.600000000000000000e+01,1.600000000000000000e+01,2.020000000000000000e+02,2.330000000000000000e+02,1.680000000000000000e+02,2.320000000000000000e+02,1.360000000000000000e+02,4.000000000000000000e+00,4.000000000000000000e+00
-1.000000000000000000e+00,1.600000000000000000e+01,1.600000000000000000e+01,2.170000000000000000e+02,2.320000000000000000e+02,1.840000000000000000e+02,2.320000000000000000e+02,1.320000000000000000e+02,3.000000000000000000e+00,4.000000000000000000e+00
-1.000000000000000000e+00,8.000000000000000000e+00,1.600000000000000000e+01,2.290000000000000000e+02,2.330000000000000000e+02,1.960000000000000000e+02,2.320000000000000000e+02,1.340000000000000000e+02,4.000000000000000000e+00,4.000000000000000000e+00
-1.000000000000000000e+00,8.000000000000000000e+00,1.600000000000000000e+01,2.380000000000000000e+02,2.320000000000000000e+02,2.040000000000000000e+02,2.320000000000000000e+02,1.360000000000000000e+02,3.000000000000000000e+00,4.000000000000000000e+00
-1.000000000000000000e+00,1.600000000000000000e+01,1.600000000000000000e+01,2.480000000000000000e+02,2.320000000000000000e+02,2.160000000000000000e+02,2.320000000000000000e+02,1.290000000000000000e+02,3.000000000000000000e+00,4.000000000000000000e+00
-1.000000000000000000e+00,1.600000000000000000e+01,1.600000000000000000e+01,2.640000000000000000e+02,2.330000000000000000e+02,2.320000000000000000e+02,2.320000000000000000e+02,1.280000000000000000e+02,4.000000000000000000e+00,4.000000000000000000e+00
-1.000000000000000000e+00,1.600000000000000000e+01,1.600000000000000000e+01,2.790000000000000000e+02,2.330000000000000000e+02,2.480000000000000000e+02,2.320000000000000000e+02,1.250000000000000000e+02,4.000000000000000000e+00,4.000000000000000000e+00
-1.000000000000000000e+00,8.000000000000000000e+00,1.600000000000000000e+01,2.910000000000000000e+02,2.320000000000000000e+02,2.600000000000000000e+02,2.320000000000000000e+02,1.250000000000000000e+02,3.000000000000000000e+00,4.000000000000000000e+00
-1.000000000000000000e+00,8.000000000000000000e+00,1.600000000000000000e+01,2.990000000000000000e+02,2.330000000000000000e+02,2.680000000000000000e+02,2.320000000000000000e+02,1.250000000000000000e+02,4.000000000000000000e+00,4.000000000000000000e+00
-1.000000000000000000e+00,1.600000000000000000e+01,8.000000000000000000e+00,3.110000000000000000e+02,2.290000000000000000e+02,2.800000000000000000e+02,2.280000000000000000e+02,1.250000000000000000e+02,4.000000000000000000e+00,4.000000000000000000e+00
-1.000000000000000000e+00,1.600000000000000000e+01,8.000000000000000000e+00,3.110000000000000000e+02,2.360000000000000000e+02,2.800000000000000000e+02,2.360000000000000000e+02,1.250000000000000000e+02,2.000000000000000000e+00,4.000000000000000000e+00
-1.000000000000000000e+00,1.600000000000000000e+01,1.600000000000000000e+01,3.260000000000000000e+02,2.330000000000000000e+02,2.960000000000000000e+02,2.320000000000000000e+02,1.220000000000000000e+02,4.000000000000000000e+00,4.000000000000000000e+00
-1.000000000000000000e+00,1.600000000000000000e+01,1.600000000000000000e+01,3.410000000000000000e+02,2.330000000000000000e+02,3.120000000000000000e+02,2.320000000000000000e+02,1.190000000000000000e+02,6.000000000000000000e+00,4.000000000000000000e+00
-1.000000000000000000e+00,1.600000000000000000e+01,1.600000000000000000e+01,3.570000000000000000e+02,2.330000000000000000e+02,3.280000000000000000e+02,2.320000000000000000e+02,1.180000000000000000e+02,6.000000000000000000e+00,4.000000000000000000e+00
-1.000000000000000000e+00,1.600000000000000000e+01,1.600000000000000000e+01,3.730000000000000000e+02,2.330000000000000000e+02,3.440000000000000000e+02,2.320000000000000000e+02,1.160000000000000000e+02,4.000000000000000000e+00,4.000000000000000000e+00
-1.000000000000000000e+00,1.600000000000000000e+01,1.600000000000000000e+01,4.040000000000000000e+02,2.330000000000000000e+02,3.760000000000000000e+02,2.320000000000000000e+02,1.140000000000000000e+02,7.000000000000000000e+00,4.000000000000000000e+00
-1.000000000000000000e+00,1.600000000000000000e+01,1.600000000000000000e+01,4.200000000000000000e+02,2.330000000000000000e+02,3.920000000000000000e+02,2.320000000000000000e+02,1.140000000000000000e+02,7.000000000000000000e+00,4.000000000000000000e+00
-1.000000000000000000e+00,1.600000000000000000e+01,1.600000000000000000e+01,4.360000000000000000e+02,2.330000000000000000e+02,4.080000000000000000e+02,2.320000000000000000e+02,1.120000000000000000e+02,4.000000000000000000e+00,4.000000000000000000e+00
-1.000000000000000000e+00,1.600000000000000000e+01,1.600000000000000000e+01,4.510000000000000000e+02,2.320000000000000000e+02,4.240000000000000000e+02,2.320000000000000000e+02,1.080000000000000000e+02,2.000000000000000000e+00,4.000000000000000000e+00
-1.000000000000000000e+00,1.600000000000000000e+01,8.000000000000000000e+00,4.670000000000000000e+02,2.290000000000000000e+02,4.400000000000000000e+02,2.280000000000000000e+02,1.080000000000000000e+02,4.000000000000000000e+00,4.000000000000000000e+00
-1.000000000000000000e+00,1.600000000000000000e+01,8.000000000000000000e+00,4.660000000000000000e+02,2.360000000000000000e+02,4.400000000000000000e+02,2.360000000000000000e+02,1.070000000000000000e+02,3.000000000000000000e+00,4.000000000000000000e+00
-1.000000000000000000e+00,1.600000000000000000e+01,1.600000000000000000e+01,4.820000000000000000e+02,2.330000000000000000e+02,4.560000000000000000e+02,2.320000000000000000e+02,1.050000000000000000e+02,4.000000000000000000e+00,4.000000000000000000e+00
-1.000000000000000000e+00,1.600000000000000000e+01,1.600000000000000000e+01,5.140000000000000000e+02,2.320000000000000000e+02,4.880000000000000000e+02,2.320000000000000000e+02,1.040000000000000000e+02,0.000000000000000000e+00,4.000000000000000000e+00
-1.000000000000000000e+00,1.600000000000000000e+01,1.600000000000000000e+01,5.280000000000000000e+02,2.320000000000000000e+02,5.040000000000000000e+02,2.320000000000000000e+02,9.600000000000000000e+01,0.000000000000000000e+00,4.000000000000000000e+00
-1.000000000000000000e+00,1.600000000000000000e+01,1.600000000000000000e+01,5.240000000000000000e+02,2.320000000000000000e+02,5.200000000000000000e+02,2.320000000000000000e+02,1.600000000000000000e+01,-1.000000000000000000e+00,4.000000000000000000e+00
-1.000000000000000000e+00,1.600000000000000000e+01,1.600000000000000000e+01,5.600000000000000000e+02,2.320000000000000000e+02,5.360000000000000000e+02,2.320000000000000000e+02,9.700000000000000000e+01,3.000000000000000000e+00,4.000000000000000000e+00
-1.000000000000000000e+00,1.600000000000000000e+01,1.600000000000000000e+01,5.760000000000000000e+02,2.320000000000000000e+02,5.520000000000000000e+02,2.320000000000000000e+02,9.800000000000000000e+01,0.000000000000000000e+00,4.000000000000000000e+00
-1.000000000000000000e+00,1.600000000000000000e+01,8.000000000000000000e+00,5.930000000000000000e+02,2.280000000000000000e+02,5.680000000000000000e+02,2.280000000000000000e+02,1.000000000000000000e+02,2.000000000000000000e+00,4.000000000000000000e+00
-1.000000000000000000e+00,1.600000000000000000e+01,8.000000000000000000e+00,5.920000000000000000e+02,2.360000000000000000e+02,5.680000000000000000e+02,2.360000000000000000e+02,9.800000000000000000e+01,1.000000000000000000e+00,4.000000000000000000e+00
-1.000000000000000000e+00,1.600000000000000000e+01,8.000000000000000000e+00,6.070000000000000000e+02,2.290000000000000000e+02,5.840000000000000000e+02,2.280000000000000000e+02,9.500000000000000000e+01,5.000000000000000000e+00,4.000000000000000000e+00
-1.000000000000000000e+00,1.600000000000000000e+01,8.000000000000000000e+00,6.080000000000000000e+02,2.360000000000000000e+02,5.840000000000000000e+02,2.360000000000000000e+02,9.800000000000000000e+01,1.000000000000000000e+00,4.000000000000000000e+00
-1.000000000000000000e+00,1.600000000000000000e+01,1.600000000000000000e+01,6.230000000000000000e+02,2.330000000000000000e+02,6.000000000000000000e+02,2.320000000000000000e+02,9.200000000000000000e+01,4.000000000000000000e+00,4.000000000000000000e+00
-1.000000000000000000e+00,1.600000000000000000e+01,8.000000000000000000e+00,6.380000000000000000e+02,2.290000000000000000e+02,6.160000000000000000e+02,2.280000000000000000e+02,9.100000000000000000e+01,5.000000000000000000e+00,4.000000000000000000e+00
-1.000000000000000000e+00,1.600000000000000000e+01,8.000000000000000000e+00,6.390000000000000000e+02,2.360000000000000000e+02,6.160000000000000000e+02,2.360000000000000000e+02,9.200000000000000000e+01,1.000000000000000000e+00,4.000000000000000000e+00
-1.000000000000000000e+00,8.000000000000000000e+00,1.600000000000000000e+01,6.510000000000000000e+02,2.350000000000000000e+02,6.280000000000000000e+02,2.320000000000000000e+02,9.300000000000000000e+01,1.300000000000000000e+01,4.000000000000000000e+00
-1.000000000000000000e+00,8.000000000000000000e+00,1.600000000000000000e+01,6.590000000000000000e+02,2.290000000000000000e+02,6.360000000000000000e+02,2.320000000000000000e+02,9.400000000000000000e+01,-1.300000000000000000e+01,4.000000000000000000e+00
-1.000000000000000000e+00,8.000000000000000000e+00,1.600000000000000000e+01,6.820000000000000000e+02,2.330000000000000000e+02,6.600000000000000000e+02,2.320000000000000000e+02,8.900000000000000000e+01,5.000000000000000000e+00,4.000000000000000000e+00
-1.000000000000000000e+00,8.000000000000000000e+00,1.600000000000000000e+01,6.910000000000000000e+02,2.320000000000000000e+02,6.680000000000000000e+02,2.320000000000000000e+02,9.300000000000000000e+01,3.000000000000000000e+00,4.000000000000000000e+00
-1.000000000000000000e+00,8.000000000000000000e+00,1.600000000000000000e+01,6.970000000000000000e+02,2.330000000000000000e+02,6.760000000000000000e+02,2.320000000000000000e+02,8.700000000000000000e+01,4.000000000000000000e+00,4.000000000000000000e+00
-1.000000000000000000e+00,8.000000000000000000e+00,1.600000000000000000e+01,7.070000000000000000e+02,2.330000000000000000e+02,6.840000000000000000e+02,2.320000000000000000e+02,9.200000000000000000e+01,4.000000000000000000e+00,4.000000000000000000e+00
-1.000000000000000000e+00,1.600000000000000000e+01,1.600000000000000000e+01,7.180000000000000000e+02,2.320000000000000000e+02,6.960000000000000000e+02,2.320000000000000000e+02,8.800000000000000000e+01,0.000000000000000000e+00,4.000000000000000000e+00
-1.000000000000000000e+00,1.600000000000000000e+01,1.600000000000000000e+01,7.330000000000000000e+02,2.320000000000000000e+02,7.120000000000000000e+02,2.320000000000000000e+02,8.500000000000000000e+01,3.000000000000000000e+00,4.000000000000000000e+00
-1.000000000000000000e+00,8.000000000000000000e+00,1.600000000000000000e+01,7.450000000000000000e+02,2.320000000000000000e+02,7.240000000000000000e+02,2.320000000000000000e+02,8.500000000000000000e+01,3.000000000000000000e+00,4.000000000000000000e+00
-1.000000000000000000e+00,8.000000000000000000e+00,1.600000000000000000e+01,7.530000000000000000e+02,2.330000000000000000e+02,7.320000000000000000e+02,2.320000000000000000e+02,8.500000000000000000e+01,7.000000000000000000e+00,4.000000000000000000e+00
-1.000000000000000000e+00,1.600000000000000000e+01,1.600000000000000000e+01,7.650000000000000000e+02,2.320000000000000000e+02,7.440000000000000000e+02,2.320000000000000000e+02,8.600000000000000000e+01,-2.000000000000000000e+00,4.000000000000000000e+00
-1.000000000000000000e+00,1.600000000000000000e+01,1.600000000000000000e+01,7.820000000000000000e+02,2.320000000000000000e+02,7.600000000000000000e+02,2.320000000000000000e+02,8.800000000000000000e+01,2.000000000000000000e+00,4.000000000000000000e+00
-1.000000000000000000e+00,1.600000000000000000e+01,8.000000000000000000e+00,7.970000000000000000e+02,2.290000000000000000e+02,7.760000000000000000e+02,2.280000000000000000e+02,8.500000000000000000e+01,5.000000000000000000e+00,4.000000000000000000e+00
-1.000000000000000000e+00,1.600000000000000000e+01,8.000000000000000000e+00,8.100000000000000000e+02,2.360000000000000000e+02,7.760000000000000000e+02,2.360000000000000000e+02,1.360000000000000000e+02,2.000000000000000000e+00,4.000000000000000000e+00
-1.000000000000000000e+00,1.600000000000000000e+01,1.600000000000000000e+01,8.120000000000000000e+02,2.320000000000000000e+02,7.920000000000000000e+02,2.320000000000000000e+02,8.300000000000000000e+01,3.000000000000000000e+00,4.000000000000000000e+00
-1.000000000000000000e+00,8.000000000000000000e+00,1.600000000000000000e+01,8.240000000000000000e+02,2.320000000000000000e+02,8.040000000000000000e+02,2.320000000000000000e+02,8.300000000000000000e+01,3.000000000000000000e+00,4.000000000000000000e+00
-1.000000000000000000e+00,8.000000000000000000e+00,1.600000000000000000e+01,8.310000000000000000e+02,2.330000000000000000e+02,8.120000000000000000e+02,2.320000000000000000e+02,7.900000000000000000e+01,4.000000000000000000e+00,4.000000000000000000e+00
-1.000000000000000000e+00,1.600000000000000000e+01,1.600000000000000000e+01,8.440000000000000000e+02,2.320000000000000000e+02,8.240000000000000000e+02,2.320000000000000000e+02,8.300000000000000000e+01,3.000000000000000000e+00,4.000000000000000000e+00
-1.000000000000000000e+00,8.000000000000000000e+00,8.000000000000000000e+00,8.550000000000000000e+02,2.280000000000000000e+02,8.360000000000000000e+02,2.280000000000000000e+02,7.900000000000000000e+01,2.000000000000000000e+00,4.000000000000000000e+00
-1.000000000000000000e+00,8.000000000000000000e+00,8.000000000000000000e+00,8.630000000000000000e+02,2.290000000000000000e+02,8.440000000000000000e+02,2.280000000000000000e+02,7.800000000000000000e+01,4.000000000000000000e+00,4.000000000000000000e+00
-1.000000000000000000e+00,8.000000000000000000e+00,8.000000000000000000e+00,8.550000000000000000e+02,2.360000000000000000e+02,8.360000000000000000e+02,2.360000000000000000e+02,7.600000000000000000e+01,3.000000000000000000e+00,4.000000000000000000e+00
-1.000000000000000000e+00,8.000000000000000000e+00,8.000000000000000000e+00,8.640000000000000000e+02,2.350000000000000000e+02,8.440000000000000000e+02,2.360000000000000000e+02,8.300000000000000000e+01,-5.000000000000000000e+00,4.000000000000000000e+00
-1.000000000000000000e+00,8.000000000000000000e+00,1.600000000000000000e+01,8.730000000000000000e+02,2.320000000000000000e+02,8.520000000000000000e+02,2.320000000000000000e+02,8.500000000000000000e+01,-2.000000000000000000e+00,4.000000000000000000e+00
-1.000000000000000000e+00,8.000000000000000000e+00,1.600000000000000000e+01,8.790000000000000000e+02,2.320000000000000000e+02,8.600000000000000000e+02,2.320000000000000000e+02,7.800000000000000000e+01,2.000000000000000000e+00,4.000000000000000000e+00
-1.000000000000000000e+00,8.000000000000000000e+00,8.000000000000000000e+00,8.830000000000000000e+02,2.310000000000000000e+02,8.680000000000000000e+02,2.280000000000000000e+02,6.300000000000000000e+01,1.200000000000000000e+01,4.000000000000000000e+00
-1.000000000000000000e+00,8.000000000000000000e+00,8.000000000000000000e+00,8.950000000000000000e+02,2.280000000000000000e+02,8.760000000000000000e+02,2.280000000000000000e+02,7.600000000000000000e+01,3.000000000000000000e+00,4.000000000000000000e+00
-1.000000000000000000e+00,8.000000000000000000e+00,8.000000000000000000e+00,8.870000000000000000e+02,2.360000000000000000e+02,8.680000000000000000e+02,2.360000000000000000e+02,7.600000000000000000e+01,3.000000000000000000e+00,4.000000000000000000e+00
-1.000000000000000000e+00,8.000000000000000000e+00,8.000000000000000000e+00,8.950000000000000000e+02,2.360000000000000000e+02,8.760000000000000000e+02,2.360000000000000000e+02,7.600000000000000000e+01,3.000000000000000000e+00,4.000000000000000000e+00
-1.000000000000000000e+00,1.600000000000000000e+01,1.600000000000000000e+01,9.070000000000000000e+02,2.330000000000000000e+02,8.880000000000000000e+02,2.320000000000000000e+02,7.600000000000000000e+01,4.000000000000000000e+00,4.000000000000000000e+00
-1.000000000000000000e+00,1.600000000000000000e+01,1.600000000000000000e+01,9.230000000000000000e+02,2.330000000000000000e+02,9.040000000000000000e+02,2.320000000000000000e+02,7.600000000000000000e+01,4.000000000000000000e+00,4.000000000000000000e+00
-1.000000000000000000e+00,1.600000000000000000e+01,1.600000000000000000e+01,9.380000000000000000e+02,2.330000000000000000e+02,9.200000000000000000e+02,2.320000000000000000e+02,7.300000000000000000e+01,5.000000000000000000e+00,4.000000000000000000e+00
-1.000000000000000000e+00,8.000000000000000000e+00,8.000000000000000000e+00,9.500000000000000000e+02,2.290000000000000000e+02,9.320000000000000000e+02,2.280000000000000000e+02,7.500000000000000000e+01,6.000000000000000000e+00,4.000000000000000000e+00
-1.000000000000000000e+00,8.000000000000000000e+00,8.000000000000000000e+00,9.590000000000000000e+02,2.280000000000000000e+02,9.400000000000000000e+02,2.280000000000000000e+02,7.800000000000000000e+01,3.000000000000000000e+00,4.000000000000000000e+00
-1.000000000000000000e+00,8.000000000000000000e+00,8.000000000000000000e+00,9.470000000000000000e+02,2.380000000000000000e+02,9.320000000000000000e+02,2.360000000000000000e+02,6.300000000000000000e+01,8.000000000000000000e+00,4.000000000000000000e+00
-1.000000000000000000e+00,8.000000000000000000e+00,8.000000000000000000e+00,9.590000000000000000e+02,2.370000000000000000e+02,9.400000000000000000e+02,2.360000000000000000e+02,7.800000000000000000e+01,4.000000000000000000e+00,4.000000000000000000e+00
-1.000000000000000000e+00,8.000000000000000000e+00,1.600000000000000000e+01,9.670000000000000000e+02,2.330000000000000000e+02,9.480000000000000000e+02,2.320000000000000000e+02,7.700000000000000000e+01,4.000000000000000000e+00,4.000000000000000000e+00
-1.000000000000000000e+00,8.000000000000000000e+00,1.600000000000000000e+01,9.740000000000000000e+02,2.330000000000000000e+02,9.560000000000000000e+02,2.320000000000000000e+02,7.300000000000000000e+01,4.000000000000000000e+00,4.000000000000000000e+00
-1.000000000000000000e+00,8.000000000000000000e+00,1.600000000000000000e+01,9.820000000000000000e+02,2.330000000000000000e+02,9.640000000000000000e+02,2.320000000000000000e+02,7.300000000000000000e+01,4.000000000000000000e+00,4.000000000000000000e+00
-1.000000000000000000e+00,8.000000000000000000e+00,1.600000000000000000e+01,9.900000000000000000e+02,2.330000000000000000e+02,9.720000000000000000e+02,2.320000000000000000e+02,7.500000000000000000e+01,5.000000000000000000e+00,4.000000000000000000e+00
-1.000000000000000000e+00,8.000000000000000000e+00,1.600000000000000000e+01,9.980000000000000000e+02,2.330000000000000000e+02,9.800000000000000000e+02,2.320000000000000000e+02,7.500000000000000000e+01,6.000000000000000000e+00,4.000000000000000000e+00
-1.000000000000000000e+00,8.000000000000000000e+00,1.600000000000000000e+01,1.004000000000000000e+03,2.320000000000000000e+02,9.880000000000000000e+02,2.320000000000000000e+02,6.600000000000000000e+01,3.000000000000000000e+00,4.000000000000000000e+00
-1.000000000000000000e+00,8.000000000000000000e+00,8.000000000000000000e+00,1.012000000000000000e+03,2.280000000000000000e+02,9.960000000000000000e+02,2.280000000000000000e+02,6.600000000000000000e+01,3.000000000000000000e+00,4.000000000000000000e+00
-1.000000000000000000e+00,8.000000000000000000e+00,8.000000000000000000e+00,1.023000000000000000e+03,2.280000000000000000e+02,1.004000000000000000e+03,2.280000000000000000e+02,7.900000000000000000e+01,3.000000000000000000e+00,4.000000000000000000e+00
-1.000000000000000000e+00,8.000000000000000000e+00,8.000000000000000000e+00,1.015000000000000000e+03,2.360000000000000000e+02,9.960000000000000000e+02,2.360000000000000000e+02,7.800000000000000000e+01,3.000000000000000000e+00,4.000000000000000000e+00
-1.000000000000000000e+00,8.000000000000000000e+00,8.000000000000000000e+00,1.023000000000000000e+03,2.370000000000000000e+02,1.004000000000000000e+03,2.360000000000000000e+02,7.800000000000000000e+01,6.000000000000000000e+00,4.000000000000000000e+00
-1.000000000000000000e+00,1.600000000000000000e+01,8.000000000000000000e+00,1.037000000000000000e+03,2.290000000000000000e+02,1.016000000000000000e+03,2.280000000000000000e+02,8.700000000000000000e+01,5.000000000000000000e+00,4.000000000000000000e+00
-1.000000000000000000e+00,1.600000000000000000e+01,8.000000000000000000e+00,1.034000000000000000e+03,2.330000000000000000e+02,1.016000000000000000e+03,2.360000000000000000e+02,7.500000000000000000e+01,-1.200000000000000000e+01,4.000000000000000000e+00
-1.000000000000000000e+00,8.000000000000000000e+00,8.000000000000000000e+00,1.041000000000000000e+03,2.280000000000000000e+02,1.028000000000000000e+03,2.280000000000000000e+02,5.500000000000000000e+01,3.000000000000000000e+00,4.000000000000000000e+00
-1.000000000000000000e+00,8.000000000000000000e+00,8.000000000000000000e+00,1.053000000000000000e+03,2.290000000000000000e+02,1.036000000000000000e+03,2.280000000000000000e+02,7.100000000000000000e+01,4.000000000000000000e+00,4.000000000000000000e+00
-1.000000000000000000e+00,8.000000000000000000e+00,8.000000000000000000e+00,1.045000000000000000e+03,2.360000000000000000e+02,1.028000000000000000e+03,2.360000000000000000e+02,7.100000000000000000e+01,2.000000000000000000e+00,4.000000000000000000e+00
-1.000000000000000000e+00,8.000000000000000000e+00,8.000000000000000000e+00,1.053000000000000000e+03,2.370000000000000000e+02,1.036000000000000000e+03,2.360000000000000000e+02,6.900000000000000000e+01,6.000000000000000000e+00,4.000000000000000000e+00
-1.000000000000000000e+00,8.000000000000000000e+00,1.600000000000000000e+01,1.061000000000000000e+03,2.330000000000000000e+02,1.044000000000000000e+03,2.320000000000000000e+02,7.100000000000000000e+01,4.000000000000000000e+00,4.000000000000000000e+00
-1.000000000000000000e+00,8.000000000000000000e+00,1.600000000000000000e+01,1.069000000000000000e+03,2.330000000000000000e+02,1.052000000000000000e+03,2.320000000000000000e+02,6.900000000000000000e+01,4.000000000000000000e+00,4.000000000000000000e+00
-1.000000000000000000e+00,8.000000000000000000e+00,8.000000000000000000e+00,1.077000000000000000e+03,2.290000000000000000e+02,1.060000000000000000e+03,2.280000000000000000e+02,6.900000000000000000e+01,5.000000000000000000e+00,4.000000000000000000e+00
-1.000000000000000000e+00,8.000000000000000000e+00,8.000000000000000000e+00,1.085000000000000000e+03,2.290000000000000000e+02,1.068000000000000000e+03,2.280000000000000000e+02,6.900000000000000000e+01,5.000000000000000000e+00,4.000000000000000000e+00
-1.000000000000000000e+00,8.000000000000000000e+00,8.000000000000000000e+00,1.077000000000000000e+03,2.360000000000000000e+02,1.060000000000000000e+03,2.360000000000000000e+02,7.100000000000000000e+01,-1.000000000000000000e+00,4.000000000000000000e+00
-1.000000000000000000e+00,8.000000000000000000e+00,8.000000000000000000e+00,1.086000000000000000e+03,2.370000000000000000e+02,1.068000000000000000e+03,2.360000000000000000e+02,7.300000000000000000e+01,4.000000000000000000e+00,4.000000000000000000e+00
-1.000000000000000000e+00,1.600000000000000000e+01,1.600000000000000000e+01,1.097000000000000000e+03,2.330000000000000000e+02,1.080000000000000000e+03,2.320000000000000000e+02,6.900000000000000000e+01,4.000000000000000000e+00,4.000000000000000000e+00
-1.000000000000000000e+00,8.000000000000000000e+00,8.000000000000000000e+00,1.110000000000000000e+03,2.290000000000000000e+02,1.092000000000000000e+03,2.280000000000000000e+02,7.300000000000000000e+01,4.000000000000000000e+00,4.000000000000000000e+00
-1.000000000000000000e+00,8.000000000000000000e+00,8.000000000000000000e+00,1.116000000000000000e+03,2.290000000000000000e+02,1.100000000000000000e+03,2.280000000000000000e+02,6.700000000000000000e+01,4.000000000000000000e+00,4.000000000000000000e+00
-1.000000000000000000e+00,8.000000000000000000e+00,8.000000000000000000e+00,1.109000000000000000e+03,2.360000000000000000e+02,1.092000000000000000e+03,2.360000000000000000e+02,6.900000000000000000e+01,3.000000000000000000e+00,4.000000000000000000e+00
-1.000000000000000000e+00,8.000000000000000000e+00,8.000000000000000000e+00,1.117000000000000000e+03,2.370000000000000000e+02,1.100000000000000000e+03,2.360000000000000000e+02,6.900000000000000000e+01,5.000000000000000000e+00,4.000000000000000000e+00
-1.000000000000000000e+00,1.600000000000000000e+01,8.000000000000000000e+00,1.129000000000000000e+03,2.290000000000000000e+02,1.112000000000000000e+03,2.280000000000000000e+02,6.800000000000000000e+01,4.000000000000000000e+00,4.000000000000000000e+00
-1.000000000000000000e+00,1.600000000000000000e+01,8.000000000000000000e+00,1.129000000000000000e+03,2.370000000000000000e+02,1.112000000000000000e+03,2.360000000000000000e+02,6.900000000000000000e+01,5.000000000000000000e+00,4.000000000000000000e+00
-1.000000000000000000e+00,1.600000000000000000e+01,1.600000000000000000e+01,1.145000000000000000e+03,2.330000000000000000e+02,1.128000000000000000e+03,2.320000000000000000e+02,6.900000000000000000e+01,4.000000000000000000e+00,4.000000000000000000e+00
-1.000000000000000000e+00,8.000000000000000000e+00,1.600000000000000000e+01,1.157000000000000000e+03,2.330000000000000000e+02,1.140000000000000000e+03,2.320000000000000000e+02,6.900000000000000000e+01,4.000000000000000000e+00,4.000000000000000000e+00
-1.000000000000000000e+00,8.000000000000000000e+00,1.600000000000000000e+01,1.164000000000000000e+03,2.330000000000000000e+02,1.148000000000000000e+03,2.320000000000000000e+02,6.500000000000000000e+01,4.000000000000000000e+00,4.000000000000000000e+00
-1.000000000000000000e+00,1.600000000000000000e+01,1.600000000000000000e+01,1.176000000000000000e+03,2.320000000000000000e+02,1.160000000000000000e+03,2.320000000000000000e+02,6.500000000000000000e+01,3.000000000000000000e+00,4.000000000000000000e+00
-1.000000000000000000e+00,1.600000000000000000e+01,1.600000000000000000e+01,1.198000000000000000e+03,2.360000000000000000e+02,1.176000000000000000e+03,2.320000000000000000e+02,8.900000000000000000e+01,1.700000000000000000e+01,4.000000000000000000e+00
-1.000000000000000000e+00,1.600000000000000000e+01,1.600000000000000000e+01,1.211000000000000000e+03,2.330000000000000000e+02,1.192000000000000000e+03,2.320000000000000000e+02,7.800000000000000000e+01,5.000000000000000000e+00,4.000000000000000000e+00
-1.000000000000000000e+00,1.600000000000000000e+01,1.600000000000000000e+01,1.227000000000000000e+03,2.330000000000000000e+02,1.208000000000000000e+03,2.320000000000000000e+02,7.800000000000000000e+01,5.000000000000000000e+00,4.000000000000000000e+00
-1.000000000000000000e+00,1.600000000000000000e+01,1.600000000000000000e+01,1.243000000000000000e+03,2.330000000000000000e+02,1.224000000000000000e+03,2.320000000000000000e+02,7.800000000000000000e+01,5.000000000000000000e+00,4.000000000000000000e+00
-1.000000000000000000e+00,1.600000000000000000e+01,1.600000000000000000e+01,1.287000000000000000e+03,2.320000000000000000e+02,1.272000000000000000e+03,2.320000000000000000e+02,6.200000000000000000e+01,3.000000000000000000e+00,4.000000000000000000e+00
-1.000000000000000000e+00,1.600000000000000000e+01,8.000000000000000000e+00,-6.000000000000000000e+00,2.440000000000000000e+02,8.000000000000000000e+00,2.440000000000000000e+02,-5.800000000000000000e+01,1.000000000000000000e+00,4.000000000000000000e+00
-1.000000000000000000e+00,1.600000000000000000e+01,8.000000000000000000e+00,8.800000000000000000e+01,2.530000000000000000e+02,8.000000000000000000e+00,2.520000000000000000e+02,3.200000000000000000e+02,4.000000000000000000e+00,4.000000000000000000e+00
-1.000000000000000000e+00,1.600000000000000000e+01,8.000000000000000000e+00,4.400000000000000000e+01,2.410000000000000000e+02,2.400000000000000000e+01,2.440000000000000000e+02,8.300000000000000000e+01,-1.300000000000000000e+01,4.000000000000000000e+00
-1.000000000000000000e+00,1.600000000000000000e+01,8.000000000000000000e+00,4.700000000000000000e+01,2.530000000000000000e+02,2.400000000000000000e+01,2.520000000000000000e+02,9.400000000000000000e+01,4.000000000000000000e+00,4.000000000000000000e+00
-1.000000000000000000e+00,1.600000000000000000e+01,8.000000000000000000e+00,6.400000000000000000e+01,2.440000000000000000e+02,4.000000000000000000e+01,2.440000000000000000e+02,9.900000000000000000e+01,-1.000000000000000000e+00,4.000000000000000000e+00
-1.000000000000000000e+00,1.600000000000000000e+01,8.000000000000000000e+00,7.900000000000000000e+01,2.520000000000000000e+02,4.000000000000000000e+01,2.520000000000000000e+02,1.570000000000000000e+02,2.000000000000000000e+00,4.000000000000000000e+00
-1.000000000000000000e+00,1.600000000000000000e+01,1.600000000000000000e+01,9.900000000000000000e+01,2.480000000000000000e+02,5.600000000000000000e+01,2.480000000000000000e+02,1.730000000000000000e+02,0.000000000000000000e+00,4.000000000000000000e+00
-1.000000000000000000e+00,1.600000000000000000e+01,1.600000000000000000e+01,1.270000000000000000e+02,2.490000000000000000e+02,8.800000000000000000e+01,2.480000000000000000e+02,1.570000000000000000e+02,4.000000000000000000e+00,4.000000000000000000e+00
-1.000000000000000000e+00,1.600000000000000000e+01,1.600000000000000000e+01,1.410000000000000000e+02,2.490000000000000000e+02,1.040000000000000000e+02,2.480000000000000000e+02,1.510000000000000000e+02,4.000000000000000000e+00,4.000000000000000000e+00
-1.000000000000000000e+00,1.600000000000000000e+01,1.600000000000000000e+01,1.540000000000000000e+02,2.480000000000000000e+02,1.200000000000000000e+02,2.480000000000000000e+02,1.370000000000000000e+02,2.000000000000000000e+00,4.000000000000000000e+00
-1.000000000000000000e+00,1.600000000000000000e+01,1.600000000000000000e+01,1.700000000000000000e+02,2.490000000000000000e+02,1.360000000000000000e+02,2.480000000000000000e+02,1.390000000000000000e+02,4.000000000000000000e+00,4.000000000000000000e+00
-1.000000000000000000e+00,1.600000000000000000e+01,1.600000000000000000e+01,1.860000000000000000e+02,2.480000000000000000e+02,1.520000000000000000e+02,2.480000000000000000e+02,1.360000000000000000e+02,2.000000000000000000e+00,4.000000000000000000e+00
-1.000000000000000000e+00,1.600000000000000000e+01,1.600000000000000000e+01,2.020000000000000000e+02,2.480000000000000000e+02,1.680000000000000000e+02,2.480000000000000000e+02,1.360000000000000000e+02,2.000000000000000000e+00,4.000000000000000000e+00
-1.000000000000000000e+00,1.600000000000000000e+01,1.600000000000000000e+01,2.170000000000000000e+02,2.480000000000000000e+02,1.840000000000000000e+02,2.480000000000000000e+02,1.320000000000000000e+02,2.000000000000000000e+00,4.000000000000000000e+00
-1.000000000000000000e+00,1.600000000000000000e+01,8.000000000000000000e+00,2.330000000000000000e+02,2.440000000000000000e+02,2.000000000000000000e+02,2.440000000000000000e+02,1.320000000000000000e+02,2.000000000000000000e+00,4.000000000000000000e+00
-1.000000000000000000e+00,1.600000000000000000e+01,8.000000000000000000e+00,2.330000000000000000e+02,2.520000000000000000e+02,2.000000000000000000e+02,2.520000000000000000e+02,1.320000000000000000e+02,0.000000000000000000e+00,4.000000000000000000e+00
-1.000000000000000000e+00,1.600000000000000000e+01,1.600000000000000000e+01,2.480000000000000000e+02,2.480000000000000000e+02,2.160000000000000000e+02,2.480000000000000000e+02,1.290000000000000000e+02,2.000000000000000000e+00,4.000000000000000000e+00
-1.000000000000000000e+00,1.600000000000000000e+01,8.000000000000000000e+00,2.640000000000000000e+02,2.440000000000000000e+02,2.320000000000000000e+02,2.440000000000000000e+02,1.280000000000000000e+02,3.000000000000000000e+00,4.000000000000000000e+00
-1.000000000000000000e+00,1.600000000000000000e+01,8.000000000000000000e+00,2.630000000000000000e+02,2.520000000000000000e+02,2.320000000000000000e+02,2.520000000000000000e+02,1.260000000000000000e+02,1.000000000000000000e+00,4.000000000000000000e+00
-1.000000000000000000e+00,1.600000000000000000e+01,8.000000000000000000e+00,2.790000000000000000e+02,2.450000000000000000e+02,2.480000000000000000e+02,2.440000000000000000e+02,1.270000000000000000e+02,4.000000000000000000e+00,4.000000000000000000e+00
-1.000000000000000000e+00,1.600000000000000000e+01,8.000000000000000000e+00,2.790000000000000000e+02,2.520000000000000000e+02,2.480000000000000000e+02,2.520000000000000000e+02,1.260000000000000000e+02,1.000000000000000000e+00,4.000000000000000000e+00
-1.000000000000000000e+00,1.600000000000000000e+01,1.600000000000000000e+01,2.950000000000000000e+02,2.480000000000000000e+02,2.640000000000000000e+02,2.480000000000000000e+02,1.250000000000000000e+02,2.000000000000000000e+00,4.000000000000000000e+00
-1.000000000000000000e+00,1.600000000000000000e+01,1.600000000000000000e+01,3.100000000000000000e+02,2.480000000000000000e+02,2.800000000000000000e+02,2.480000000000000000e+02,1.230000000000000000e+02,2.000000000000000000e+00,4.000000000000000000e+00
-1.000000000000000000e+00,1.600000000000000000e+01,1.600000000000000000e+01,3.260000000000000000e+02,2.480000000000000000e+02,2.960000000000000000e+02,2.480000000000000000e+02,1.220000000000000000e+02,2.000000000000000000e+00,4.000000000000000000e+00
-1.000000000000000000e+00,1.600000000000000000e+01,1.600000000000000000e+01,3.410000000000000000e+02,2.480000000000000000e+02,3.120000000000000000e+02,2.480000000000000000e+02,1.190000000000000000e+02,2.000000000000000000e+00,4.000000000000000000e+00
-1.000000000000000000e+00,1.600000000000000000e+01,8.000000000000000000e+00,3.570000000000000000e+02,2.450000000000000000e+02,3.280000000000000000e+02,2.440000000000000000e+02,1.180000000000000000e+02,4.000000000000000000e+00,4.000000000000000000e+00
-1.000000000000000000e+00,1.600000000000000000e+01,8.000000000000000000e+00,3.570000000000000000e+02,2.520000000000000000e+02,3.280000000000000000e+02,2.520000000000000000e+02,1.190000000000000000e+02,2.000000000000000000e+00,4.000000000000000000e+00
-1.000000000000000000e+00,1.600000000000000000e+01,8.000000000000000000e+00,3.730000000000000000e+02,2.450000000000000000e+02,3.440000000000000000e+02,2.440000000000000000e+02,1.160000000000000000e+02,4.000000000000000000e+00,4.000000000000000000e+00
-1.000000000000000000e+00,1.600000000000000000e+01,8.000000000000000000e+00,3.730000000000000000e+02,2.520000000000000000e+02,3.440000000000000000e+02,2.520000000000000000e+02,1.190000000000000000e+02,2.000000000000000000e+00,4.000000000000000000e+00
-1.000000000000000000e+00,1.600000000000000000e+01,1.600000000000000000e+01,3.890000000000000000e+02,2.480000000000000000e+02,3.600000000000000000e+02,2.480000000000000000e+02,1.190000000000000000e+02,2.000000000000000000e+00,4.000000000000000000e+00
-1.000000000000000000e+00,1.600000000000000000e+01,1.600000000000000000e+01,4.050000000000000000e+02,2.480000000000000000e+02,3.760000000000000000e+02,2.480000000000000000e+02,1.170000000000000000e+02,2.000000000000000000e+00,4.000000000000000000e+00
-1.000000000000000000e+00,1.600000000000000000e+01,1.600000000000000000e+01,4.200000000000000000e+02,2.480000000000000000e+02,3.920000000000000000e+02,2.480000000000000000e+02,1.140000000000000000e+02,1.000000000000000000e+00,4.000000000000000000e+00
-1.000000000000000000e+00,1.600000000000000000e+01,1.600000000000000000e+01,4.360000000000000000e+02,2.480000000000000000e+02,4.080000000000000000e+02,2.480000000000000000e+02,1.120000000000000000e+02,2.000000000000000000e+00,4.000000000000000000e+00
-1.000000000000000000e+00,1.600000000000000000e+01,1.600000000000000000e+01,4.510000000000000000e+02,2.480000000000000000e+02,4.240000000000000000e+02,2.480000000000000000e+02,1.080000000000000000e+02,2.000000000000000000e+00,4.000000000000000000e+00
-1.000000000000000000e+00,1.600000000000000000e+01,1.600000000000000000e+01,4.660000000000000000e+02,2.480000000000000000e+02,4.400000000000000000e+02,2.480000000000000000e+02,1.050000000000000000e+02,2.000000000000000000e+00,4.000000000000000000e+00
-1.000000000000000000e+00,1.600000000000000000e+01,1.600000000000000000e+01,4.820000000000000000e+02,2.480000000000000000e+02,4.560000000000000000e+02,2.480000000000000000e+02,1.050000000000000000e+02,2.000000000000000000e+00,4.000000000000000000e+00
-1.000000000000000000e+00,1.600000000000000000e+01,1.600000000000000000e+01,4.980000000000000000e+02,2.480000000000000000e+02,4.720000000000000000e+02,2.480000000000000000e+02,1.040000000000000000e+02,2.000000000000000000e+00,4.000000000000000000e+00
-1.000000000000000000e+00,1.600000000000000000e+01,1.600000000000000000e+01,5.240000000000000000e+02,2.480000000000000000e+02,4.880000000000000000e+02,2.480000000000000000e+02,1.440000000000000000e+02,0.000000000000000000e+00,4.000000000000000000e+00
-1.000000000000000000e+00,1.600000000000000000e+01,1.600000000000000000e+01,5.280000000000000000e+02,2.480000000000000000e+02,5.040000000000000000e+02,2.480000000000000000e+02,9.600000000000000000e+01,0.000000000000000000e+00,4.000000000000000000e+00
-1.000000000000000000e+00,1.600000000000000000e+01,1.600000000000000000e+01,5.440000000000000000e+02,2.480000000000000000e+02,5.200000000000000000e+02,2.480000000000000000e+02,9.600000000000000000e+01,0.000000000000000000e+00,4.000000000000000000e+00
-1.000000000000000000e+00,1.600000000000000000e+01,8.000000000000000000e+00,5.600000000000000000e+02,2.420000000000000000e+02,5.360000000000000000e+02,2.440000000000000000e+02,9.900000000000000000e+01,-1.000000000000000000e+01,4.000000000000000000e+00
-1.000000000000000000e+00,1.600000000000000000e+01,8.000000000000000000e+00,5.610000000000000000e+02,2.520000000000000000e+02,5.360000000000000000e+02,2.520000000000000000e+02,1.010000000000000000e+02,-3.000000000000000000e+00,4.000000000000000000e+00
-1.000000000000000000e+00,1.600000000000000000e+01,1.600000000000000000e+01,5.760000000000000000e+02,2.480000000000000000e+02,5.520000000000000000e+02,2.480000000000000000e+02,9.800000000000000000e+01,2.000000000000000000e+00,4.000000000000000000e+00
-1.000000000000000000e+00,1.600000000000000000e+01,1.600000000000000000e+01,5.920000000000000000e+02,2.480000000000000000e+02,5.680000000000000000e+02,2.480000000000000000e+02,9.800000000000000000e+01,3.000000000000000000e+00,4.000000000000000000e+00
-1.000000000000000000e+00,8.000000000000000000e+00,8.000000000000000000e+00,6.030000000000000000e+02,2.440000000000000000e+02,5.800000000000000000e+02,2.440000000000000000e+02,9.400000000000000000e+01,2.000000000000000000e+00,4.000000000000000000e+00
-1.000000000000000000e+00,8.000000000000000000e+00,8.000000000000000000e+00,6.100000000000000000e+02,2.440000000000000000e+02,5.880000000000000000e+02,2.440000000000000000e+02,9.100000000000000000e+01,2.000000000000000000e+00,4.000000000000000000e+00
-1.000000000000000000e+00,8.000000000000000000e+00,8.000000000000000000e+00,6.040000000000000000e+02,2.520000000000000000e+02,5.800000000000000000e+02,2.520000000000000000e+02,9.600000000000000000e+01,2.000000000000000000e+00,4.000000000000000000e+00
-1.000000000000000000e+00,8.000000000000000000e+00,8.000000000000000000e+00,6.110000000000000000e+02,2.520000000000000000e+02,5.880000000000000000e+02,2.520000000000000000e+02,9.400000000000000000e+01,2.000000000000000000e+00,4.000000000000000000e+00
-1.000000000000000000e+00,1.600000000000000000e+01,1.600000000000000000e+01,6.230000000000000000e+02,2.480000000000000000e+02,6.000000000000000000e+02,2.480000000000000000e+02,9.200000000000000000e+01,2.000000000000000000e+00,4.000000000000000000e+00
-1.000000000000000000e+00,1.600000000000000000e+01,1.600000000000000000e+01,6.390000000000000000e+02,2.480000000000000000e+02,6.160000000000000000e+02,2.480000000000000000e+02,9.200000000000000000e+01,2.000000000000000000e+00,4.000000000000000000e+00
-1.000000000000000000e+00,8.000000000000000000e+00,1.600000000000000000e+01,6.510000000000000000e+02,2.490000000000000000e+02,6.280000000000000000e+02,2.480000000000000000e+02,9.300000000000000000e+01,4.000000000000000000e+00,4.000000000000000000e+00
-1.000000000000000000e+00,8.000000000000000000e+00,1.600000000000000000e+01,6.590000000000000000e+02,2.480000000000000000e+02,6.360000000000000000e+02,2.480000000000000000e+02,9.400000000000000000e+01,-3.000000000000000000e+00,4.000000000000000000e+00
-1.000000000000000000e+00,1.600000000000000000e+01,1.600000000000000000e+01,6.710000000000000000e+02,2.480000000000000000e+02,6.480000000000000000e+02,2.480000000000000000e+02,9.200000000000000000e+01,0.000000000000000000e+00,4.000000000000000000e+00
-1.000000000000000000e+00,8.000000000000000000e+00,1.600000000000000000e+01,6.820000000000000000e+02,2.480000000000000000e+02,6.600000000000000000e+02,2.480000000000000000e+02,8.900000000000000000e+01,2.000000000000000000e+00,4.000000000000000000e+00
-1.000000000000000000e+00,8.000000000000000000e+00,1.600000000000000000e+01,6.920000000000000000e+02,2.480000000000000000e+02,6.680000000000000000e+02,2.480000000000000000e+02,9.600000000000000000e+01,2.000000000000000000e+00,4.000000000000000000e+00
-1.000000000000000000e+00,1.600000000000000000e+01,1.600000000000000000e+01,7.030000000000000000e+02,2.480000000000000000e+02,6.800000000000000000e+02,2.480000000000000000e+02,9.500000000000000000e+01,2.000000000000000000e+00,4.000000000000000000e+00
-1.000000000000000000e+00,1.600000000000000000e+01,1.600000000000000000e+01,7.180000000000000000e+02,2.480000000000000000e+02,6.960000000000000000e+02,2.480000000000000000e+02,9.100000000000000000e+01,2.000000000000000000e+00,4.000000000000000000e+00
-1.000000000000000000e+00,1.600000000000000000e+01,1.600000000000000000e+01,7.340000000000000000e+02,2.480000000000000000e+02,7.120000000000000000e+02,2.480000000000000000e+02,8.900000000000000000e+01,2.000000000000000000e+00,4.000000000000000000e+00
-1.000000000000000000e+00,1.600000000000000000e+01,1.600000000000000000e+01,7.490000000000000000e+02,2.480000000000000000e+02,7.280000000000000000e+02,2.480000000000000000e+02,8.700000000000000000e+01,2.000000000000000000e+00,4.000000000000000000e+00
-1.000000000000000000e+00,8.000000000000000000e+00,1.600000000000000000e+01,7.610000000000000000e+02,2.480000000000000000e+02,7.400000000000000000e+02,2.480000000000000000e+02,8.700000000000000000e+01,2.000000000000000000e+00,4.000000000000000000e+00
-1.000000000000000000e+00,8.000000000000000000e+00,1.600000000000000000e+01,7.680000000000000000e+02,2.480000000000000000e+02,7.480000000000000000e+02,2.480000000000000000e+02,8.300000000000000000e+01,2.000000000000000000e+00,4.000000000000000000e+00
-1.000000000000000000e+00,1.600000000000000000e+01,1.600000000000000000e+01,7.820000000000000000e+02,2.480000000000000000e+02,7.600000000000000000e+02,2.480000000000000000e+02,9.000000000000000000e+01,2.000000000000000000e+00,4.000000000000000000e+00
-1.000000000000000000e+00,1.600000000000000000e+01,8.000000000000000000e+00,7.940000000000000000e+02,2.440000000000000000e+02,7.760000000000000000e+02,2.440000000000000000e+02,7.400000000000000000e+01,3.000000000000000000e+00,4.000000000000000000e+00
-1.000000000000000000e+00,1.600000000000000000e+01,8.000000000000000000e+00,7.980000000000000000e+02,2.520000000000000000e+02,7.760000000000000000e+02,2.520000000000000000e+02,9.000000000000000000e+01,2.000000000000000000e+00,4.000000000000000000e+00
-1.000000000000000000e+00,8.000000000000000000e+00,8.000000000000000000e+00,8.080000000000000000e+02,2.440000000000000000e+02,7.880000000000000000e+02,2.440000000000000000e+02,8.300000000000000000e+01,3.000000000000000000e+00,4.000000000000000000e+00
-1.000000000000000000e+00,8.000000000000000000e+00,8.000000000000000000e+00,8.160000000000000000e+02,2.440000000000000000e+02,7.960000000000000000e+02,2.440000000000000000e+02,8.300000000000000000e+01,3.000000000000000000e+00,4.000000000000000000e+00
-1.000000000000000000e+00,8.000000000000000000e+00,8.000000000000000000e+00,8.080000000000000000e+02,2.520000000000000000e+02,7.880000000000000000e+02,2.520000000000000000e+02,8.300000000000000000e+01,2.000000000000000000e+00,4.000000000000000000e+00
-1.000000000000000000e+00,8.000000000000000000e+00,8.000000000000000000e+00,8.160000000000000000e+02,2.520000000000000000e+02,7.960000000000000000e+02,2.520000000000000000e+02,8.300000000000000000e+01,3.000000000000000000e+00,4.000000000000000000e+00
-1.000000000000000000e+00,8.000000000000000000e+00,1.600000000000000000e+01,8.240000000000000000e+02,2.480000000000000000e+02,8.040000000000000000e+02,2.480000000000000000e+02,8.300000000000000000e+01,3.000000000000000000e+00,4.000000000000000000e+00
-1.000000000000000000e+00,8.000000000000000000e+00,1.600000000000000000e+01,8.310000000000000000e+02,2.480000000000000000e+02,8.120000000000000000e+02,2.480000000000000000e+02,7.900000000000000000e+01,2.000000000000000000e+00,4.000000000000000000e+00
-1.000000000000000000e+00,1.600000000000000000e+01,1.600000000000000000e+01,8.440000000000000000e+02,2.480000000000000000e+02,8.240000000000000000e+02,2.480000000000000000e+02,8.300000000000000000e+01,3.000000000000000000e+00,4.000000000000000000e+00
-1.000000000000000000e+00,8.000000000000000000e+00,1.600000000000000000e+01,8.550000000000000000e+02,2.480000000000000000e+02,8.360000000000000000e+02,2.480000000000000000e+02,7.800000000000000000e+01,1.000000000000000000e+00,4.000000000000000000e+00
-1.000000000000000000e+00,8.000000000000000000e+00,1.600000000000000000e+01,8.640000000000000000e+02,2.480000000000000000e+02,8.440000000000000000e+02,2.480000000000000000e+02,8.300000000000000000e+01,2.000000000000000000e+00,4.000000000000000000e+00
-1.000000000000000000e+00,1.600000000000000000e+01,1.600000000000000000e+01,8.780000000000000000e+02,2.490000000000000000e+02,8.560000000000000000e+02,2.480000000000000000e+02,8.900000000000000000e+01,4.000000000000000000e+00,4.000000000000000000e+00
-1.000000000000000000e+00,8.000000000000000000e+00,1.600000000000000000e+01,8.880000000000000000e+02,2.480000000000000000e+02,8.680000000000000000e+02,2.480000000000000000e+02,8.000000000000000000e+01,3.000000000000000000e+00,4.000000000000000000e+00
-1.000000000000000000e+00,8.000000000000000000e+00,1.600000000000000000e+01,8.970000000000000000e+02,2.490000000000000000e+02,8.760000000000000000e+02,2.480000000000000000e+02,8.500000000000000000e+01,4.000000000000000000e+00,4.000000000000000000e+00
-1.000000000000000000e+00,1.600000000000000000e+01,1.600000000000000000e+01,9.090000000000000000e+02,2.490000000000000000e+02,8.880000000000000000e+02,2.480000000000000000e+02,8.400000000000000000e+01,4.000000000000000000e+00,4.000000000000000000e+00
-1.000000000000000000e+00,1.600000000000000000e+01,1.600000000000000000e+01,9.220000000000000000e+02,2.480000000000000000e+02,9.040000000000000000e+02,2.480000000000000000e+02,7.300000000000000000e+01,2.000000000000000000e+00,4.000000000000000000e+00
-1.000000000000000000e+00,1.600000000000000000e+01,8.000000000000000000e+00,9.380000000000000000e+02,2.460000000000000000e+02,9.200000000000000000e+02,2.440000000000000000e+02,7.300000000000000000e+01,1.000000000000000000e+01,4.000000000000000000e+00
-1.000000000000000000e+00,1.600000000000000000e+01,8.000000000000000000e+00,9.380000000000000000e+02,2.520000000000000000e+02,9.200000000000000000e+02,2.520000000000000000e+02,7.400000000000000000e+01,3.000000000000000000e+00,4.000000000000000000e+00
-1.000000000000000000e+00,1.600000000000000000e+01,1.600000000000000000e+01,9.540000000000000000e+02,2.480000000000000000e+02,9.360000000000000000e+02,2.480000000000000000e+02,7.500000000000000000e+01,2.000000000000000000e+00,4.000000000000000000e+00
-1.000000000000000000e+00,8.000000000000000000e+00,1.600000000000000000e+01,9.680000000000000000e+02,2.490000000000000000e+02,9.480000000000000000e+02,2.480000000000000000e+02,8.200000000000000000e+01,4.000000000000000000e+00,4.000000000000000000e+00
-1.000000000000000000e+00,8.000000000000000000e+00,1.600000000000000000e+01,9.740000000000000000e+02,2.480000000000000000e+02,9.560000000000000000e+02,2.480000000000000000e+02,7.300000000000000000e+01,3.000000000000000000e+00,4.000000000000000000e+00
-1.000000000000000000e+00,1.600000000000000000e+01,1.600000000000000000e+01,9.870000000000000000e+02,2.480000000000000000e+02,9.680000000000000000e+02,2.480000000000000000e+02,7.700000000000000000e+01,2.000000000000000000e+00,4.000000000000000000e+00
-1.000000000000000000e+00,8.000000000000000000e+00,1.600000000000000000e+01,9.970000000000000000e+02,2.480000000000000000e+02,9.800000000000000000e+02,2.480000000000000000e+02,6.900000000000000000e+01,2.000000000000000000e+00,4.000000000000000000e+00
-1.000000000000000000e+00,8.000000000000000000e+00,1.600000000000000000e+01,1.006000000000000000e+03,2.480000000000000000e+02,9.880000000000000000e+02,2.480000000000000000e+02,7.200000000000000000e+01,3.000000000000000000e+00,4.000000000000000000e+00
-1.000000000000000000e+00,8.000000000000000000e+00,1.600000000000000000e+01,1.016000000000000000e+03,2.480000000000000000e+02,9.960000000000000000e+02,2.480000000000000000e+02,8.000000000000000000e+01,1.000000000000000000e+00,4.000000000000000000e+00
-1.000000000000000000e+00,8.000000000000000000e+00,1.600000000000000000e+01,1.021000000000000000e+03,2.520000000000000000e+02,1.004000000000000000e+03,2.480000000000000000e+02,6.900000000000000000e+01,1.800000000000000000e+01,4.000000000000000000e+00
-1.000000000000000000e+00,8.000000000000000000e+00,1.600000000000000000e+01,1.028000000000000000e+03,2.480000000000000000e+02,1.012000000000000000e+03,2.480000000000000000e+02,6.700000000000000000e+01,1.000000000000000000e+00,4.000000000000000000e+00
-1.000000000000000000e+00,8.000000000000000000e+00,1.600000000000000000e+01,1.040000000000000000e+03,2.450000000000000000e+02,1.020000000000000000e+03,2.480000000000000000e+02,8.200000000000000000e+01,-1.300000000000000000e+01,4.000000000000000000e+00
-1.000000000000000000e+00,1.600000000000000000e+01,1.600000000000000000e+01,1.049000000000000000e+03,2.480000000000000000e+02,1.032000000000000000e+03,2.480000000000000000e+02,7.100000000000000000e+01,3.000000000000000000e+00,4.000000000000000000e+00
-1.000000000000000000e+00,1.600000000000000000e+01,1.600000000000000000e+01,1.065000000000000000e+03,2.490000000000000000e+02,1.048000000000000000e+03,2.480000000000000000e+02,7.100000000000000000e+01,5.000000000000000000e+00,4.000000000000000000e+00
-1.000000000000000000e+00,8.000000000000000000e+00,1.600000000000000000e+01,1.077000000000000000e+03,2.490000000000000000e+02,1.060000000000000000e+03,2.480000000000000000e+02,7.100000000000000000e+01,4.000000000000000000e+00,4.000000000000000000e+00
-1.000000000000000000e+00,8.000000000000000000e+00,1.600000000000000000e+01,1.083000000000000000e+03,2.490000000000000000e+02,1.068000000000000000e+03,2.480000000000000000e+02,6.300000000000000000e+01,4.000000000000000000e+00,4.000000000000000000e+00
-1.000000000000000000e+00,8.000000000000000000e+00,8.000000000000000000e+00,1.092000000000000000e+03,2.450000000000000000e+02,1.076000000000000000e+03,2.440000000000000000e+02,6.500000000000000000e+01,4.000000000000000000e+00,4.000000000000000000e+00
-1.000000000000000000e+00,8.000000000000000000e+00,8.000000000000000000e+00,1.101000000000000000e+03,2.450000000000000000e+02,1.084000000000000000e+03,2.440000000000000000e+02,6.900000000000000000e+01,5.000000000000000000e+00,4.000000000000000000e+00
-1.000000000000000000e+00,8.000000000000000000e+00,8.000000000000000000e+00,1.093000000000000000e+03,2.530000000000000000e+02,1.076000000000000000e+03,2.520000000000000000e+02,7.000000000000000000e+01,4.000000000000000000e+00,4.000000000000000000e+00
-1.000000000000000000e+00,8.000000000000000000e+00,8.000000000000000000e+00,1.101000000000000000e+03,2.530000000000000000e+02,1.084000000000000000e+03,2.520000000000000000e+02,6.900000000000000000e+01,7.000000000000000000e+00,4.000000000000000000e+00
-1.000000000000000000e+00,1.600000000000000000e+01,1.600000000000000000e+01,1.113000000000000000e+03,2.490000000000000000e+02,1.096000000000000000e+03,2.480000000000000000e+02,6.900000000000000000e+01,5.000000000000000000e+00,4.000000000000000000e+00
-1.000000000000000000e+00,1.600000000000000000e+01,1.600000000000000000e+01,1.129000000000000000e+03,2.510000000000000000e+02,1.112000000000000000e+03,2.480000000000000000e+02,6.900000000000000000e+01,1.300000000000000000e+01,4.000000000000000000e+00
-1.000000000000000000e+00,1.600000000000000000e+01,1.600000000000000000e+01,1.145000000000000000e+03,2.490000000000000000e+02,1.128000000000000000e+03,2.480000000000000000e+02,6.900000000000000000e+01,4.000000000000000000e+00,4.000000000000000000e+00
-1.000000000000000000e+00,1.600000000000000000e+01,1.600000000000000000e+01,1.161000000000000000e+03,2.490000000000000000e+02,1.144000000000000000e+03,2.480000000000000000e+02,6.900000000000000000e+01,4.000000000000000000e+00,4.000000000000000000e+00
-1.000000000000000000e+00,1.600000000000000000e+01,1.600000000000000000e+01,1.177000000000000000e+03,2.490000000000000000e+02,1.160000000000000000e+03,2.480000000000000000e+02,6.900000000000000000e+01,4.000000000000000000e+00,4.000000000000000000e+00
-1.000000000000000000e+00,1.600000000000000000e+01,1.600000000000000000e+01,1.192000000000000000e+03,2.490000000000000000e+02,1.176000000000000000e+03,2.480000000000000000e+02,6.700000000000000000e+01,7.000000000000000000e+00,4.000000000000000000e+00
-1.000000000000000000e+00,1.600000000000000000e+01,1.600000000000000000e+01,1.209000000000000000e+03,2.500000000000000000e+02,1.192000000000000000e+03,2.480000000000000000e+02,7.000000000000000000e+01,1.000000000000000000e+01,4.000000000000000000e+00
-1.000000000000000000e+00,1.600000000000000000e+01,1.600000000000000000e+01,1.227000000000000000e+03,2.530000000000000000e+02,1.208000000000000000e+03,2.480000000000000000e+02,7.800000000000000000e+01,2.000000000000000000e+01,4.000000000000000000e+00
-1.000000000000000000e+00,1.600000000000000000e+01,1.600000000000000000e+01,1.243000000000000000e+03,2.530000000000000000e+02,1.224000000000000000e+03,2.480000000000000000e+02,7.800000000000000000e+01,2.100000000000000000e+01,4.000000000000000000e+00
-1.000000000000000000e+00,1.600000000000000000e+01,1.600000000000000000e+01,1.271000000000000000e+03,2.480000000000000000e+02,1.256000000000000000e+03,2.480000000000000000e+02,6.200000000000000000e+01,3.000000000000000000e+00,4.000000000000000000e+00
-1.000000000000000000e+00,1.600000000000000000e+01,1.600000000000000000e+01,1.287000000000000000e+03,2.470000000000000000e+02,1.272000000000000000e+03,2.480000000000000000e+02,6.200000000000000000e+01,-7.000000000000000000e+00,4.000000000000000000e+00
-1.000000000000000000e+00,1.600000000000000000e+01,1.600000000000000000e+01,8.800000000000000000e+01,2.640000000000000000e+02,8.000000000000000000e+00,2.640000000000000000e+02,3.200000000000000000e+02,2.000000000000000000e+00,4.000000000000000000e+00
-1.000000000000000000e+00,1.600000000000000000e+01,1.600000000000000000e+01,1.040000000000000000e+02,2.640000000000000000e+02,2.400000000000000000e+01,2.640000000000000000e+02,3.200000000000000000e+02,2.000000000000000000e+00,4.000000000000000000e+00
-1.000000000000000000e+00,1.600000000000000000e+01,1.600000000000000000e+01,1.190000000000000000e+02,2.640000000000000000e+02,4.000000000000000000e+01,2.640000000000000000e+02,3.170000000000000000e+02,2.000000000000000000e+00,4.000000000000000000e+00
-1.000000000000000000e+00,1.600000000000000000e+01,1.600000000000000000e+01,9.900000000000000000e+01,2.640000000000000000e+02,5.600000000000000000e+01,2.640000000000000000e+02,1.730000000000000000e+02,0.000000000000000000e+00,4.000000000000000000e+00
-1.000000000000000000e+00,1.600000000000000000e+01,1.600000000000000000e+01,1.520000000000000000e+02,2.640000000000000000e+02,1.040000000000000000e+02,2.640000000000000000e+02,1.920000000000000000e+02,0.000000000000000000e+00,4.000000000000000000e+00
-1.000000000000000000e+00,1.600000000000000000e+01,1.600000000000000000e+01,1.840000000000000000e+02,2.640000000000000000e+02,1.200000000000000000e+02,2.640000000000000000e+02,2.560000000000000000e+02,2.000000000000000000e+00,4.000000000000000000e+00
-1.000000000000000000e+00,1.600000000000000000e+01,1.600000000000000000e+01,2.000000000000000000e+02,2.620000000000000000e+02,1.360000000000000000e+02,2.640000000000000000e+02,2.560000000000000000e+02,-8.000000000000000000e+00,4.000000000000000000e+00
-1.000000000000000000e+00,1.600000000000000000e+01,1.600000000000000000e+01,1.860000000000000000e+02,2.640000000000000000e+02,1.520000000000000000e+02,2.640000000000000000e+02,1.360000000000000000e+02,2.000000000000000000e+00,4.000000000000000000e+00
-1.000000000000000000e+00,8.000000000000000000e+00,1.600000000000000000e+01,1.980000000000000000e+02,2.640000000000000000e+02,1.640000000000000000e+02,2.640000000000000000e+02,1.360000000000000000e+02,2.000000000000000000e+00,4.000000000000000000e+00
-1.000000000000000000e+00,8.000000000000000000e+00,1.600000000000000000e+01,2.050000000000000000e+02,2.640000000000000000e+02,1.720000000000000000e+02,2.640000000000000000e+02,1.320000000000000000e+02,0.000000000000000000e+00,4.000000000000000000e+00
-1.000000000000000000e+00,1.600000000000000000e+01,1.600000000000000000e+01,2.170000000000000000e+02,2.640000000000000000e+02,1.840000000000000000e+02,2.640000000000000000e+02,1.350000000000000000e+02,0.000000000000000000e+00,4.000000000000000000e+00
-1.000000000000000000e+00,1.600000000000000000e+01,1.600000000000000000e+01,2.330000000000000000e+02,2.640000000000000000e+02,2.000000000000000000e+02,2.640000000000000000e+02,1.320000000000000000e+02,2.000000000000000000e+00,4.000000000000000000e+00
-1.000000000000000000e+00,1.600000000000000000e+01,1.600000000000000000e+01,2.480000000000000000e+02,2.640000000000000000e+02,2.160000000000000000e+02,2.640000000000000000e+02,1.290000000000000000e+02,1.000000000000000000e+00,4.000000000000000000e+00
-1.000000000000000000e+00,1.600000000000000000e+01,1.600000000000000000e+01,2.640000000000000000e+02,2.640000000000000000e+02,2.320000000000000000e+02,2.640000000000000000e+02,1.280000000000000000e+02,0.000000000000000000e+00,4.000000000000000000e+00
-1.000000000000000000e+00,1.600000000000000000e+01,1.600000000000000000e+01,2.810000000000000000e+02,2.640000000000000000e+02,2.480000000000000000e+02,2.640000000000000000e+02,1.320000000000000000e+02,1.000000000000000000e+00,4.000000000000000000e+00
-1.000000000000000000e+00,1.600000000000000000e+01,1.600000000000000000e+01,2.950000000000000000e+02,2.640000000000000000e+02,2.640000000000000000e+02,2.640000000000000000e+02,1.250000000000000000e+02,1.000000000000000000e+00,4.000000000000000000e+00
-1.000000000000000000e+00,1.600000000000000000e+01,1.600000000000000000e+01,3.100000000000000000e+02,2.640000000000000000e+02,2.800000000000000000e+02,2.640000000000000000e+02,1.230000000000000000e+02,2.000000000000000000e+00,4.000000000000000000e+00
-1.000000000000000000e+00,1.600000000000000000e+01,1.600000000000000000e+01,3.260000000000000000e+02,2.640000000000000000e+02,2.960000000000000000e+02,2.640000000000000000e+02,1.220000000000000000e+02,2.000000000000000000e+00,4.000000000000000000e+00
-1.000000000000000000e+00,1.600000000000000000e+01,1.600000000000000000e+01,3.410000000000000000e+02,2.640000000000000000e+02,3.120000000000000000e+02,2.640000000000000000e+02,1.190000000000000000e+02,0.000000000000000000e+00,4.000000000000000000e+00
-1.000000000000000000e+00,1.600000000000000000e+01,1.600000000000000000e+01,3.570000000000000000e+02,2.640000000000000000e+02,3.280000000000000000e+02,2.640000000000000000e+02,1.190000000000000000e+02,2.000000000000000000e+00,4.000000000000000000e+00
-1.000000000000000000e+00,1.600000000000000000e+01,1.600000000000000000e+01,3.730000000000000000e+02,2.640000000000000000e+02,3.440000000000000000e+02,2.640000000000000000e+02,1.190000000000000000e+02,2.000000000000000000e+00,4.000000000000000000e+00
-1.000000000000000000e+00,1.600000000000000000e+01,1.600000000000000000e+01,3.870000000000000000e+02,2.640000000000000000e+02,3.600000000000000000e+02,2.640000000000000000e+02,1.100000000000000000e+02,0.000000000000000000e+00,4.000000000000000000e+00
-1.000000000000000000e+00,1.600000000000000000e+01,1.600000000000000000e+01,4.030000000000000000e+02,2.640000000000000000e+02,3.760000000000000000e+02,2.640000000000000000e+02,1.080000000000000000e+02,0.000000000000000000e+00,4.000000000000000000e+00
-1.000000000000000000e+00,1.600000000000000000e+01,1.600000000000000000e+01,4.200000000000000000e+02,2.640000000000000000e+02,3.920000000000000000e+02,2.640000000000000000e+02,1.150000000000000000e+02,1.000000000000000000e+00,4.000000000000000000e+00
-1.000000000000000000e+00,8.000000000000000000e+00,1.600000000000000000e+01,4.330000000000000000e+02,2.640000000000000000e+02,4.040000000000000000e+02,2.640000000000000000e+02,1.170000000000000000e+02,1.000000000000000000e+00,4.000000000000000000e+00
-1.000000000000000000e+00,8.000000000000000000e+00,1.600000000000000000e+01,4.380000000000000000e+02,2.640000000000000000e+02,4.120000000000000000e+02,2.640000000000000000e+02,1.060000000000000000e+02,0.000000000000000000e+00,4.000000000000000000e+00
-1.000000000000000000e+00,1.600000000000000000e+01,1.600000000000000000e+01,4.500000000000000000e+02,2.640000000000000000e+02,4.240000000000000000e+02,2.640000000000000000e+02,1.040000000000000000e+02,0.000000000000000000e+00,4.000000000000000000e+00
-1.000000000000000000e+00,1.600000000000000000e+01,1.600000000000000000e+01,4.650000000000000000e+02,2.640000000000000000e+02,4.400000000000000000e+02,2.640000000000000000e+02,1.030000000000000000e+02,0.000000000000000000e+00,4.000000000000000000e+00
-1.000000000000000000e+00,1.600000000000000000e+01,1.600000000000000000e+01,4.820000000000000000e+02,2.640000000000000000e+02,4.560000000000000000e+02,2.640000000000000000e+02,1.040000000000000000e+02,0.000000000000000000e+00,4.000000000000000000e+00
-1.000000000000000000e+00,1.600000000000000000e+01,1.600000000000000000e+01,4.970000000000000000e+02,2.640000000000000000e+02,4.720000000000000000e+02,2.640000000000000000e+02,1.010000000000000000e+02,0.000000000000000000e+00,4.000000000000000000e+00
-1.000000000000000000e+00,1.600000000000000000e+01,1.600000000000000000e+01,5.130000000000000000e+02,2.640000000000000000e+02,4.880000000000000000e+02,2.640000000000000000e+02,1.010000000000000000e+02,0.000000000000000000e+00,4.000000000000000000e+00
-1.000000000000000000e+00,1.600000000000000000e+01,1.600000000000000000e+01,5.290000000000000000e+02,2.640000000000000000e+02,5.040000000000000000e+02,2.640000000000000000e+02,1.010000000000000000e+02,0.000000000000000000e+00,4.000000000000000000e+00
-1.000000000000000000e+00,1.600000000000000000e+01,1.600000000000000000e+01,5.450000000000000000e+02,2.640000000000000000e+02,5.200000000000000000e+02,2.640000000000000000e+02,1.010000000000000000e+02,0.000000000000000000e+00,4.000000000000000000e+00
-1.000000000000000000e+00,1.600000000000000000e+01,1.600000000000000000e+01,5.600000000000000000e+02,2.640000000000000000e+02,5.360000000000000000e+02,2.640000000000000000e+02,9.900000000000000000e+01,0.000000000000000000e+00,4.000000000000000000e+00
-1.000000000000000000e+00,1.600000000000000000e+01,1.600000000000000000e+01,5.760000000000000000e+02,2.640000000000000000e+02,5.520000000000000000e+02,2.640000000000000000e+02,9.800000000000000000e+01,0.000000000000000000e+00,4.000000000000000000e+00
-1.000000000000000000e+00,1.600000000000000000e+01,1.600000000000000000e+01,5.930000000000000000e+02,2.640000000000000000e+02,5.680000000000000000e+02,2.640000000000000000e+02,1.000000000000000000e+02,2.000000000000000000e+00,4.000000000000000000e+00
-1.000000000000000000e+00,1.600000000000000000e+01,1.600000000000000000e+01,6.080000000000000000e+02,2.640000000000000000e+02,5.840000000000000000e+02,2.640000000000000000e+02,9.800000000000000000e+01,2.000000000000000000e+00,4.000000000000000000e+00
-1.000000000000000000e+00,1.600000000000000000e+01,1.600000000000000000e+01,6.220000000000000000e+02,2.640000000000000000e+02,6.000000000000000000e+02,2.640000000000000000e+02,9.000000000000000000e+01,2.000000000000000000e+00,4.000000000000000000e+00
-1.000000000000000000e+00,1.600000000000000000e+01,1.600000000000000000e+01,6.390000000000000000e+02,2.640000000000000000e+02,6.160000000000000000e+02,2.640000000000000000e+02,9.400000000000000000e+01,2.000000000000000000e+00,4.000000000000000000e+00
-1.000000000000000000e+00,8.000000000000000000e+00,1.600000000000000000e+01,6.500000000000000000e+02,2.650000000000000000e+02,6.280000000000000000e+02,2.640000000000000000e+02,9.100000000000000000e+01,5.000000000000000000e+00,4.000000000000000000e+00
-1.000000000000000000e+00,8.000000000000000000e+00,1.600000000000000000e+01,6.590000000000000000e+02,2.640000000000000000e+02,6.360000000000000000e+02,2.640000000000000000e+02,9.400000000000000000e+01,-3.000000000000000000e+00,4.000000000000000000e+00
-1.000000000000000000e+00,1.600000000000000000e+01,1.600000000000000000e+01,6.710000000000000000e+02,2.640000000000000000e+02,6.480000000000000000e+02,2.640000000000000000e+02,9.200000000000000000e+01,0.000000000000000000e+00,4.000000000000000000e+00
-1.000000000000000000e+00,1.600000000000000000e+01,1.600000000000000000e+01,6.860000000000000000e+02,2.640000000000000000e+02,6.640000000000000000e+02,2.640000000000000000e+02,9.000000000000000000e+01,1.000000000000000000e+00,4.000000000000000000e+00
-1.000000000000000000e+00,1.600000000000000000e+01,8.000000000000000000e+00,7.020000000000000000e+02,2.600000000000000000e+02,6.800000000000000000e+02,2.600000000000000000e+02,9.100000000000000000e+01,2.000000000000000000e+00,4.000000000000000000e+00
-1.000000000000000000e+00,1.600000000000000000e+01,8.000000000000000000e+00,7.020000000000000000e+02,2.680000000000000000e+02,6.800000000000000000e+02,2.680000000000000000e+02,8.800000000000000000e+01,1.000000000000000000e+00,4.000000000000000000e+00
-1.000000000000000000e+00,1.600000000000000000e+01,1.600000000000000000e+01,7.180000000000000000e+02,2.640000000000000000e+02,6.960000000000000000e+02,2.640000000000000000e+02,9.100000000000000000e+01,2.000000000000000000e+00,4.000000000000000000e+00
-1.000000000000000000e+00,1.600000000000000000e+01,1.600000000000000000e+01,7.330000000000000000e+02,2.640000000000000000e+02,7.120000000000000000e+02,2.640000000000000000e+02,8.600000000000000000e+01,2.000000000000000000e+00,4.000000000000000000e+00
-1.000000000000000000e+00,1.600000000000000000e+01,1.600000000000000000e+01,7.490000000000000000e+02,2.640000000000000000e+02,7.280000000000000000e+02,2.640000000000000000e+02,8.700000000000000000e+01,2.000000000000000000e+00,4.000000000000000000e+00
-1.000000000000000000e+00,1.600000000000000000e+01,1.600000000000000000e+01,7.650000000000000000e+02,2.640000000000000000e+02,7.440000000000000000e+02,2.640000000000000000e+02,8.400000000000000000e+01,2.000000000000000000e+00,4.000000000000000000e+00
-1.000000000000000000e+00,8.000000000000000000e+00,1.600000000000000000e+01,7.770000000000000000e+02,2.640000000000000000e+02,7.560000000000000000e+02,2.640000000000000000e+02,8.400000000000000000e+01,0.000000000000000000e+00,4.000000000000000000e+00
-1.000000000000000000e+00,8.000000000000000000e+00,1.600000000000000000e+01,7.860000000000000000e+02,2.660000000000000000e+02,7.640000000000000000e+02,2.640000000000000000e+02,9.000000000000000000e+01,1.100000000000000000e+01,4.000000000000000000e+00
-1.000000000000000000e+00,1.600000000000000000e+01,8.000000000000000000e+00,7.950000000000000000e+02,2.600000000000000000e+02,7.760000000000000000e+02,2.600000000000000000e+02,7.600000000000000000e+01,2.000000000000000000e+00,4.000000000000000000e+00
-1.000000000000000000e+00,1.600000000000000000e+01,8.000000000000000000e+00,8.040000000000000000e+02,2.680000000000000000e+02,7.760000000000000000e+02,2.680000000000000000e+02,1.150000000000000000e+02,0.000000000000000000e+00,4.000000000000000000e+00
-1.000000000000000000e+00,1.600000000000000000e+01,8.000000000000000000e+00,8.130000000000000000e+02,2.600000000000000000e+02,7.920000000000000000e+02,2.600000000000000000e+02,8.500000000000000000e+01,2.000000000000000000e+00,4.000000000000000000e+00
-1.000000000000000000e+00,1.600000000000000000e+01,8.000000000000000000e+00,8.070000000000000000e+02,2.680000000000000000e+02,7.920000000000000000e+02,2.680000000000000000e+02,6.300000000000000000e+01,0.000000000000000000e+00,4.000000000000000000e+00
-1.000000000000000000e+00,8.000000000000000000e+00,8.000000000000000000e+00,8.230000000000000000e+02,2.600000000000000000e+02,8.040000000000000000e+02,2.600000000000000000e+02,7.900000000000000000e+01,2.000000000000000000e+00,4.000000000000000000e+00
-1.000000000000000000e+00,8.000000000000000000e+00,8.000000000000000000e+00,8.320000000000000000e+02,2.600000000000000000e+02,8.120000000000000000e+02,2.600000000000000000e+02,8.100000000000000000e+01,2.000000000000000000e+00,4.000000000000000000e+00
-1.000000000000000000e+00,8.000000000000000000e+00,8.000000000000000000e+00,8.470000000000000000e+02,2.690000000000000000e+02,8.040000000000000000e+02,2.680000000000000000e+02,1.720000000000000000e+02,4.000000000000000000e+00,4.000000000000000000e+00
-1.000000000000000000e+00,8.000000000000000000e+00,8.000000000000000000e+00,8.330000000000000000e+02,2.680000000000000000e+02,8.120000000000000000e+02,2.680000000000000000e+02,8.400000000000000000e+01,2.000000000000000000e+00,4.000000000000000000e+00
-1.000000000000000000e+00,1.600000000000000000e+01,8.000000000000000000e+00,8.440000000000000000e+02,2.600000000000000000e+02,8.240000000000000000e+02,2.600000000000000000e+02,8.000000000000000000e+01,3.000000000000000000e+00,4.000000000000000000e+00
-1.000000000000000000e+00,1.600000000000000000e+01,8.000000000000000000e+00,8.430000000000000000e+02,2.670000000000000000e+02,8.240000000000000000e+02,2.680000000000000000e+02,7.900000000000000000e+01,-7.000000000000000000e+00,4.000000000000000000e+00
-1.000000000000000000e+00,1.600000000000000000e+01,1.600000000000000000e+01,8.590000000000000000e+02,2.640000000000000000e+02,8.400000000000000000e+02,2.640000000000000000e+02,7.800000000000000000e+01,3.000000000000000000e+00,4.000000000000000000e+00
-1.000000000000000000e+00,1.600000000000000000e+01,1.600000000000000000e+01,8.760000000000000000e+02,2.640000000000000000e+02,8.560000000000000000e+02,2.640000000000000000e+02,8.000000000000000000e+01,1.000000000000000000e+00,4.000000000000000000e+00
-1.000000000000000000e+00,1.600000000000000000e+01,1.600000000000000000e+01,8.920000000000000000e+02,2.640000000000000000e+02,8.720000000000000000e+02,2.640000000000000000e+02,8.000000000000000000e+01,1.000000000000000000e+00,4.000000000000000000e+00
-1.000000000000000000e+00,1.600000000000000000e+01,1.600000000000000000e+01,9.070000000000000000e+02,2.640000000000000000e+02,8.880000000000000000e+02,2.640000000000000000e+02,7.800000000000000000e+01,2.000000000000000000e+00,4.000000000000000000e+00
-1.000000000000000000e+00,1.600000000000000000e+01,1.600000000000000000e+01,9.230000000000000000e+02,2.640000000000000000e+02,9.040000000000000000e+02,2.640000000000000000e+02,7.600000000000000000e+01,2.000000000000000000e+00,4.000000000000000000e+00
-1.000000000000000000e+00,8.000000000000000000e+00,1.600000000000000000e+01,9.340000000000000000e+02,2.640000000000000000e+02,9.160000000000000000e+02,2.640000000000000000e+02,7.400000000000000000e+01,3.000000000000000000e+00,4.000000000000000000e+00
-1.000000000000000000e+00,8.000000000000000000e+00,1.600000000000000000e+01,9.420000000000000000e+02,2.640000000000000000e+02,9.240000000000000000e+02,2.640000000000000000e+02,7.500000000000000000e+01,1.000000000000000000e+00,4.000000000000000000e+00
-1.000000000000000000e+00,1.600000000000000000e+01,1.600000000000000000e+01,9.550000000000000000e+02,2.640000000000000000e+02,9.360000000000000000e+02,2.640000000000000000e+02,7.700000000000000000e+01,2.000000000000000000e+00,4.000000000000000000e+00
-1.000000000000000000e+00,1.600000000000000000e+01,1.600000000000000000e+01,9.700000000000000000e+02,2.640000000000000000e+02,9.520000000000000000e+02,2.640000000000000000e+02,7.300000000000000000e+01,2.000000000000000000e+00,4.000000000000000000e+00
-1.000000000000000000e+00,1.600000000000000000e+01,1.600000000000000000e+01,9.850000000000000000e+02,2.640000000000000000e+02,9.680000000000000000e+02,2.640000000000000000e+02,7.100000000000000000e+01,2.000000000000000000e+00,4.000000000000000000e+00
-1.000000000000000000e+00,1.600000000000000000e+01,1.600000000000000000e+01,1.001000000000000000e+03,2.640000000000000000e+02,9.840000000000000000e+02,2.640000000000000000e+02,7.100000000000000000e+01,2.000000000000000000e+00,4.000000000000000000e+00
-1.000000000000000000e+00,1.600000000000000000e+01,1.600000000000000000e+01,1.017000000000000000e+03,2.640000000000000000e+02,1.000000000000000000e+03,2.640000000000000000e+02,7.100000000000000000e+01,1.000000000000000000e+00,4.000000000000000000e+00
-1.000000000000000000e+00,1.600000000000000000e+01,1.600000000000000000e+01,1.034000000000000000e+03,2.640000000000000000e+02,1.016000000000000000e+03,2.640000000000000000e+02,7.300000000000000000e+01,2.000000000000000000e+00,4.000000000000000000e+00
-1.000000000000000000e+00,1.600000000000000000e+01,1.600000000000000000e+01,1.049000000000000000e+03,2.640000000000000000e+02,1.032000000000000000e+03,2.640000000000000000e+02,7.100000000000000000e+01,2.000000000000000000e+00,4.000000000000000000e+00
-1.000000000000000000e+00,1.600000000000000000e+01,1.600000000000000000e+01,1.065000000000000000e+03,2.640000000000000000e+02,1.048000000000000000e+03,2.640000000000000000e+02,7.100000000000000000e+01,2.000000000000000000e+00,4.000000000000000000e+00
-1.000000000000000000e+00,8.000000000000000000e+00,1.600000000000000000e+01,1.077000000000000000e+03,2.640000000000000000e+02,1.060000000000000000e+03,2.640000000000000000e+02,7.100000000000000000e+01,1.000000000000000000e+00,4.000000000000000000e+00
-1.000000000000000000e+00,8.000000000000000000e+00,1.600000000000000000e+01,1.085000000000000000e+03,2.650000000000000000e+02,1.068000000000000000e+03,2.640000000000000000e+02,7.000000000000000000e+01,5.000000000000000000e+00,4.000000000000000000e+00
-1.000000000000000000e+00,1.600000000000000000e+01,1.600000000000000000e+01,1.097000000000000000e+03,2.650000000000000000e+02,1.080000000000000000e+03,2.640000000000000000e+02,7.000000000000000000e+01,5.000000000000000000e+00,4.000000000000000000e+00
-1.000000000000000000e+00,1.600000000000000000e+01,1.600000000000000000e+01,1.113000000000000000e+03,2.660000000000000000e+02,1.096000000000000000e+03,2.640000000000000000e+02,6.900000000000000000e+01,8.000000000000000000e+00,4.000000000000000000e+00
-1.000000000000000000e+00,1.600000000000000000e+01,1.600000000000000000e+01,1.129000000000000000e+03,2.660000000000000000e+02,1.112000000000000000e+03,2.640000000000000000e+02,6.900000000000000000e+01,8.000000000000000000e+00,4.000000000000000000e+00
-1.000000000000000000e+00,1.600000000000000000e+01,1.600000000000000000e+01,1.161000000000000000e+03,2.650000000000000000e+02,1.144000000000000000e+03,2.640000000000000000e+02,6.900000000000000000e+01,4.000000000000000000e+00,4.000000000000000000e+00
-1.000000000000000000e+00,1.600000000000000000e+01,1.600000000000000000e+01,1.175000000000000000e+03,2.650000000000000000e+02,1.160000000000000000e+03,2.640000000000000000e+02,6.300000000000000000e+01,4.000000000000000000e+00,4.000000000000000000e+00
-1.000000000000000000e+00,1.600000000000000000e+01,1.600000000000000000e+01,1.192000000000000000e+03,2.650000000000000000e+02,1.176000000000000000e+03,2.640000000000000000e+02,6.700000000000000000e+01,7.000000000000000000e+00,4.000000000000000000e+00
-1.000000000000000000e+00,1.600000000000000000e+01,1.600000000000000000e+01,1.207000000000000000e+03,2.640000000000000000e+02,1.192000000000000000e+03,2.640000000000000000e+02,6.300000000000000000e+01,1.000000000000000000e+00,4.000000000000000000e+00
-1.000000000000000000e+00,1.600000000000000000e+01,8.000000000000000000e+00,1.227000000000000000e+03,2.610000000000000000e+02,1.208000000000000000e+03,2.600000000000000000e+02,7.800000000000000000e+01,5.000000000000000000e+00,4.000000000000000000e+00
-1.000000000000000000e+00,1.600000000000000000e+01,8.000000000000000000e+00,1.223000000000000000e+03,2.680000000000000000e+02,1.208000000000000000e+03,2.680000000000000000e+02,6.300000000000000000e+01,2.000000000000000000e+00,4.000000000000000000e+00
-1.000000000000000000e+00,1.600000000000000000e+01,1.600000000000000000e+01,1.240000000000000000e+03,2.640000000000000000e+02,1.224000000000000000e+03,2.640000000000000000e+02,6.400000000000000000e+01,2.000000000000000000e+00,4.000000000000000000e+00
-1.000000000000000000e+00,8.000000000000000000e+00,1.600000000000000000e+01,1.251000000000000000e+03,2.640000000000000000e+02,1.236000000000000000e+03,2.640000000000000000e+02,6.000000000000000000e+01,2.000000000000000000e+00,4.000000000000000000e+00
-1.000000000000000000e+00,8.000000000000000000e+00,1.600000000000000000e+01,1.260000000000000000e+03,2.640000000000000000e+02,1.244000000000000000e+03,2.640000000000000000e+02,6.400000000000000000e+01,2.000000000000000000e+00,4.000000000000000000e+00
-1.000000000000000000e+00,1.600000000000000000e+01,1.600000000000000000e+01,1.271000000000000000e+03,2.640000000000000000e+02,1.256000000000000000e+03,2.640000000000000000e+02,6.200000000000000000e+01,2.000000000000000000e+00,4.000000000000000000e+00
-1.000000000000000000e+00,1.600000000000000000e+01,8.000000000000000000e+00,1.287000000000000000e+03,2.570000000000000000e+02,1.272000000000000000e+03,2.600000000000000000e+02,6.200000000000000000e+01,-1.300000000000000000e+01,4.000000000000000000e+00
-1.000000000000000000e+00,1.600000000000000000e+01,8.000000000000000000e+00,1.269000000000000000e+03,2.680000000000000000e+02,1.272000000000000000e+03,2.680000000000000000e+02,-1.300000000000000000e+01,-1.000000000000000000e+00,4.000000000000000000e+00
-1.000000000000000000e+00,1.600000000000000000e+01,1.600000000000000000e+01,4.900000000000000000e+01,2.800000000000000000e+02,8.000000000000000000e+00,2.800000000000000000e+02,1.670000000000000000e+02,-1.000000000000000000e+00,4.000000000000000000e+00
-1.000000000000000000e+00,1.600000000000000000e+01,1.600000000000000000e+01,1.040000000000000000e+02,2.800000000000000000e+02,2.400000000000000000e+01,2.800000000000000000e+02,3.210000000000000000e+02,-2.000000000000000000e+00,4.000000000000000000e+00
-1.000000000000000000e+00,1.600000000000000000e+01,1.600000000000000000e+01,8.100000000000000000e+01,2.800000000000000000e+02,4.000000000000000000e+01,2.800000000000000000e+02,1.670000000000000000e+02,-3.000000000000000000e+00,4.000000000000000000e+00
-1.000000000000000000e+00,1.600000000000000000e+01,1.600000000000000000e+01,9.700000000000000000e+01,2.800000000000000000e+02,5.600000000000000000e+01,2.800000000000000000e+02,1.670000000000000000e+02,0.000000000000000000e+00,4.000000000000000000e+00
-1.000000000000000000e+00,1.600000000000000000e+01,1.600000000000000000e+01,1.130000000000000000e+02,2.800000000000000000e+02,7.200000000000000000e+01,2.800000000000000000e+02,1.670000000000000000e+02,0.000000000000000000e+00,4.000000000000000000e+00
-1.000000000000000000e+00,1.600000000000000000e+01,1.600000000000000000e+01,1.840000000000000000e+02,2.800000000000000000e+02,1.200000000000000000e+02,2.800000000000000000e+02,2.560000000000000000e+02,0.000000000000000000e+00,4.000000000000000000e+00
-1.000000000000000000e+00,1.600000000000000000e+01,1.600000000000000000e+01,2.020000000000000000e+02,2.810000000000000000e+02,1.520000000000000000e+02,2.800000000000000000e+02,2.000000000000000000e+02,5.000000000000000000e+00,4.000000000000000000e+00
-1.000000000000000000e+00,1.600000000000000000e+01,1.600000000000000000e+01,2.480000000000000000e+02,2.800000000000000000e+02,2.160000000000000000e+02,2.800000000000000000e+02,1.280000000000000000e+02,0.000000000000000000e+00,4.000000000000000000e+00
-1.000000000000000000e+00,1.600000000000000000e+01,1.600000000000000000e+01,2.810000000000000000e+02,2.800000000000000000e+02,2.480000000000000000e+02,2.800000000000000000e+02,1.320000000000000000e+02,1.000000000000000000e+00,4.000000000000000000e+00
-1.000000000000000000e+00,1.600000000000000000e+01,1.600000000000000000e+01,2.950000000000000000e+02,2.800000000000000000e+02,2.640000000000000000e+02,2.800000000000000000e+02,1.250000000000000000e+02,1.000000000000000000e+00,4.000000000000000000e+00
-1.000000000000000000e+00,1.600000000000000000e+01,1.600000000000000000e+01,3.100000000000000000e+02,2.800000000000000000e+02,2.800000000000000000e+02,2.800000000000000000e+02,1.230000000000000000e+02,2.000000000000000000e+00,4.000000000000000000e+00
-1.000000000000000000e+00,1.600000000000000000e+01,1.600000000000000000e+01,3.260000000000000000e+02,2.800000000000000000e+02,2.960000000000000000e+02,2.800000000000000000e+02,1.220000000000000000e+02,2.000000000000000000e+00,4.000000000000000000e+00
-1.000000000000000000e+00,1.600000000000000000e+01,1.600000000000000000e+01,3.410000000000000000e+02,2.800000000000000000e+02,3.120000000000000000e+02,2.800000000000000000e+02,1.190000000000000000e+02,1.000000000000000000e+00,4.000000000000000000e+00
-1.000000000000000000e+00,1.600000000000000000e+01,1.600000000000000000e+01,3.710000000000000000e+02,2.800000000000000000e+02,3.440000000000000000e+02,2.800000000000000000e+02,1.100000000000000000e+02,0.000000000000000000e+00,4.000000000000000000e+00
-1.000000000000000000e+00,1.600000000000000000e+01,1.600000000000000000e+01,3.870000000000000000e+02,2.800000000000000000e+02,3.600000000000000000e+02,2.800000000000000000e+02,1.100000000000000000e+02,0.000000000000000000e+00,4.000000000000000000e+00
-1.000000000000000000e+00,1.600000000000000000e+01,1.600000000000000000e+01,4.030000000000000000e+02,2.800000000000000000e+02,3.760000000000000000e+02,2.800000000000000000e+02,1.100000000000000000e+02,0.000000000000000000e+00,4.000000000000000000e+00
-1.000000000000000000e+00,1.600000000000000000e+01,1.600000000000000000e+01,4.340000000000000000e+02,2.800000000000000000e+02,4.080000000000000000e+02,2.800000000000000000e+02,1.040000000000000000e+02,0.000000000000000000e+00,4.000000000000000000e+00
-1.000000000000000000e+00,1.600000000000000000e+01,1.600000000000000000e+01,4.500000000000000000e+02,2.800000000000000000e+02,4.240000000000000000e+02,2.800000000000000000e+02,1.040000000000000000e+02,3.000000000000000000e+00,4.000000000000000000e+00
-1.000000000000000000e+00,1.600000000000000000e+01,1.600000000000000000e+01,4.660000000000000000e+02,2.800000000000000000e+02,4.400000000000000000e+02,2.800000000000000000e+02,1.040000000000000000e+02,0.000000000000000000e+00,4.000000000000000000e+00
-1.000000000000000000e+00,1.600000000000000000e+01,1.600000000000000000e+01,4.840000000000000000e+02,2.800000000000000000e+02,4.560000000000000000e+02,2.800000000000000000e+02,1.130000000000000000e+02,0.000000000000000000e+00,4.000000000000000000e+00
-1.000000000000000000e+00,1.600000000000000000e+01,1.600000000000000000e+01,4.970000000000000000e+02,2.800000000000000000e+02,4.720000000000000000e+02,2.800000000000000000e+02,1.010000000000000000e+02,0.000000000000000000e+00,4.000000000000000000e+00
-1.000000000000000000e+00,1.600000000000000000e+01,1.600000000000000000e+01,5.130000000000000000e+02,2.800000000000000000e+02,4.880000000000000000e+02,2.800000000000000000e+02,1.010000000000000000e+02,0.000000000000000000e+00,4.000000000000000000e+00
-1.000000000000000000e+00,1.600000000000000000e+01,1.600000000000000000e+01,5.280000000000000000e+02,2.800000000000000000e+02,5.040000000000000000e+02,2.800000000000000000e+02,9.800000000000000000e+01,0.000000000000000000e+00,4.000000000000000000e+00
-1.000000000000000000e+00,1.600000000000000000e+01,1.600000000000000000e+01,5.430000000000000000e+02,2.800000000000000000e+02,5.200000000000000000e+02,2.800000000000000000e+02,9.300000000000000000e+01,0.000000000000000000e+00,4.000000000000000000e+00
-1.000000000000000000e+00,1.600000000000000000e+01,1.600000000000000000e+01,5.610000000000000000e+02,2.800000000000000000e+02,5.360000000000000000e+02,2.800000000000000000e+02,1.010000000000000000e+02,0.000000000000000000e+00,4.000000000000000000e+00
-1.000000000000000000e+00,1.600000000000000000e+01,1.600000000000000000e+01,5.760000000000000000e+02,2.800000000000000000e+02,5.520000000000000000e+02,2.800000000000000000e+02,9.800000000000000000e+01,0.000000000000000000e+00,4.000000000000000000e+00
-1.000000000000000000e+00,1.600000000000000000e+01,1.600000000000000000e+01,5.920000000000000000e+02,2.800000000000000000e+02,5.680000000000000000e+02,2.800000000000000000e+02,9.700000000000000000e+01,0.000000000000000000e+00,4.000000000000000000e+00
-1.000000000000000000e+00,8.000000000000000000e+00,1.600000000000000000e+01,6.040000000000000000e+02,2.800000000000000000e+02,5.800000000000000000e+02,2.800000000000000000e+02,9.700000000000000000e+01,0.000000000000000000e+00,4.000000000000000000e+00
-1.000000000000000000e+00,8.000000000000000000e+00,1.600000000000000000e+01,6.110000000000000000e+02,2.800000000000000000e+02,5.880000000000000000e+02,2.800000000000000000e+02,9.500000000000000000e+01,0.000000000000000000e+00,4.000000000000000000e+00
-1.000000000000000000e+00,1.600000000000000000e+01,1.600000000000000000e+01,6.230000000000000000e+02,2.800000000000000000e+02,6.000000000000000000e+02,2.800000000000000000e+02,9.500000000000000000e+01,0.000000000000000000e+00,4.000000000000000000e+00
-1.000000000000000000e+00,1.600000000000000000e+01,1.600000000000000000e+01,6.860000000000000000e+02,2.800000000000000000e+02,6.640000000000000000e+02,2.800000000000000000e+02,9.100000000000000000e+01,0.000000000000000000e+00,4.000000000000000000e+00
-1.000000000000000000e+00,1.600000000000000000e+01,1.600000000000000000e+01,7.020000000000000000e+02,2.800000000000000000e+02,6.800000000000000000e+02,2.800000000000000000e+02,9.100000000000000000e+01,0.000000000000000000e+00,4.000000000000000000e+00
-1.000000000000000000e+00,1.600000000000000000e+01,1.600000000000000000e+01,7.180000000000000000e+02,2.800000000000000000e+02,6.960000000000000000e+02,2.800000000000000000e+02,9.100000000000000000e+01,0.000000000000000000e+00,4.000000000000000000e+00
-1.000000000000000000e+00,1.600000000000000000e+01,1.600000000000000000e+01,7.330000000000000000e+02,2.800000000000000000e+02,7.120000000000000000e+02,2.800000000000000000e+02,8.700000000000000000e+01,0.000000000000000000e+00,4.000000000000000000e+00
-1.000000000000000000e+00,1.600000000000000000e+01,1.600000000000000000e+01,7.500000000000000000e+02,2.800000000000000000e+02,7.280000000000000000e+02,2.800000000000000000e+02,8.800000000000000000e+01,0.000000000000000000e+00,4.000000000000000000e+00
-1.000000000000000000e+00,8.000000000000000000e+00,1.600000000000000000e+01,7.610000000000000000e+02,2.800000000000000000e+02,7.400000000000000000e+02,2.800000000000000000e+02,8.400000000000000000e+01,1.000000000000000000e+00,4.000000000000000000e+00
-1.000000000000000000e+00,8.000000000000000000e+00,1.600000000000000000e+01,8.440000000000000000e+02,2.840000000000000000e+02,7.480000000000000000e+02,2.800000000000000000e+02,3.860000000000000000e+02,1.900000000000000000e+01,4.000000000000000000e+00
-1.000000000000000000e+00,1.600000000000000000e+01,1.600000000000000000e+01,8.580000000000000000e+02,2.840000000000000000e+02,7.600000000000000000e+02,2.800000000000000000e+02,3.930000000000000000e+02,1.700000000000000000e+01,4.000000000000000000e+00
-1.000000000000000000e+00,1.600000000000000000e+01,1.600000000000000000e+01,8.040000000000000000e+02,2.980000000000000000e+02,7.760000000000000000e+02,2.800000000000000000e+02,1.140000000000000000e+02,7.400000000000000000e+01,4.000000000000000000e+00
-1.000000000000000000e+00,1.600000000000000000e+01,1.600000000000000000e+01,7.820000000000000000e+02,2.810000000000000000e+02,7.920000000000000000e+02,2.800000000000000000e+02,-4.300000000000000000e+01,5.000000000000000000e+00,4.000000000000000000e+00
-1.000000000000000000e+00,8.000000000000000000e+00,1.600000000000000000e+01,8.010000000000000000e+02,2.820000000000000000e+02,8.040000000000000000e+02,2.800000000000000000e+02,-1.300000000000000000e+01,1.100000000000000000e+01,4.000000000000000000e+00
-1.000000000000000000e+00,8.000000000000000000e+00,1.600000000000000000e+01,7.860000000000000000e+02,2.860000000000000000e+02,8.120000000000000000e+02,2.800000000000000000e+02,-1.070000000000000000e+02,2.600000000000000000e+01,4.000000000000000000e+00
-1.000000000000000000e+00,1.600000000000000000e+01,1.600000000000000000e+01,8.760000000000000000e+02,2.800000000000000000e+02,8.560000000000000000e+02,2.800000000000000000e+02,8.000000000000000000e+01,0.000000000000000000e+00,4.000000000000000000e+00
-1.000000000000000000e+00,1.600000000000000000e+01,1.600000000000000000e+01,8.920000000000000000e+02,2.800000000000000000e+02,8.720000000000000000e+02,2.800000000000000000e+02,8.000000000000000000e+01,1.000000000000000000e+00,4.000000000000000000e+00
-1.000000000000000000e+00,1.600000000000000000e+01,1.600000000000000000e+01,9.070000000000000000e+02,2.800000000000000000e+02,8.880000000000000000e+02,2.800000000000000000e+02,7.700000000000000000e+01,1.000000000000000000e+00,4.000000000000000000e+00
-1.000000000000000000e+00,8.000000000000000000e+00,1.600000000000000000e+01,9.190000000000000000e+02,2.800000000000000000e+02,9.000000000000000000e+02,2.800000000000000000e+02,7.700000000000000000e+01,1.000000000000000000e+00,4.000000000000000000e+00
-1.000000000000000000e+00,8.000000000000000000e+00,1.600000000000000000e+01,9.270000000000000000e+02,2.800000000000000000e+02,9.080000000000000000e+02,2.800000000000000000e+02,7.600000000000000000e+01,1.000000000000000000e+00,4.000000000000000000e+00
-1.000000000000000000e+00,8.000000000000000000e+00,1.600000000000000000e+01,9.340000000000000000e+02,2.780000000000000000e+02,9.160000000000000000e+02,2.800000000000000000e+02,7.200000000000000000e+01,-1.100000000000000000e+01,4.000000000000000000e+00
-1.000000000000000000e+00,8.000000000000000000e+00,1.600000000000000000e+01,9.430000000000000000e+02,2.800000000000000000e+02,9.240000000000000000e+02,2.800000000000000000e+02,7.600000000000000000e+01,2.000000000000000000e+00,4.000000000000000000e+00
-1.000000000000000000e+00,8.000000000000000000e+00,1.600000000000000000e+01,9.510000000000000000e+02,2.790000000000000000e+02,9.320000000000000000e+02,2.800000000000000000e+02,7.900000000000000000e+01,-7.000000000000000000e+00,4.000000000000000000e+00
-1.000000000000000000e+00,8.000000000000000000e+00,1.600000000000000000e+01,9.580000000000000000e+02,2.800000000000000000e+02,9.400000000000000000e+02,2.800000000000000000e+02,7.300000000000000000e+01,2.000000000000000000e+00,4.000000000000000000e+00
-1.000000000000000000e+00,1.600000000000000000e+01,1.600000000000000000e+01,9.700000000000000000e+02,2.800000000000000000e+02,9.520000000000000000e+02,2.800000000000000000e+02,7.300000000000000000e+01,1.000000000000000000e+00,4.000000000000000000e+00
-1.000000000000000000e+00,8.000000000000000000e+00,8.000000000000000000e+00,9.810000000000000000e+02,2.760000000000000000e+02,9.640000000000000000e+02,2.760000000000000000e+02,7.100000000000000000e+01,2.000000000000000000e+00,4.000000000000000000e+00
-1.000000000000000000e+00,8.000000000000000000e+00,8.000000000000000000e+00,9.890000000000000000e+02,2.760000000000000000e+02,9.720000000000000000e+02,2.760000000000000000e+02,7.100000000000000000e+01,2.000000000000000000e+00,4.000000000000000000e+00
-1.000000000000000000e+00,8.000000000000000000e+00,8.000000000000000000e+00,9.810000000000000000e+02,2.840000000000000000e+02,9.640000000000000000e+02,2.840000000000000000e+02,7.100000000000000000e+01,2.000000000000000000e+00,4.000000000000000000e+00
-1.000000000000000000e+00,8.000000000000000000e+00,8.000000000000000000e+00,9.900000000000000000e+02,2.840000000000000000e+02,9.720000000000000000e+02,2.840000000000000000e+02,7.500000000000000000e+01,0.000000000000000000e+00,4.000000000000000000e+00
-1.000000000000000000e+00,1.600000000000000000e+01,8.000000000000000000e+00,1.002000000000000000e+03,2.760000000000000000e+02,9.840000000000000000e+02,2.760000000000000000e+02,7.300000000000000000e+01,2.000000000000000000e+00,4.000000000000000000e+00
-1.000000000000000000e+00,1.600000000000000000e+01,8.000000000000000000e+00,1.001000000000000000e+03,2.840000000000000000e+02,9.840000000000000000e+02,2.840000000000000000e+02,7.100000000000000000e+01,0.000000000000000000e+00,4.000000000000000000e+00
-1.000000000000000000e+00,1.600000000000000000e+01,1.600000000000000000e+01,1.017000000000000000e+03,2.800000000000000000e+02,1.000000000000000000e+03,2.800000000000000000e+02,7.100000000000000000e+01,1.000000000000000000e+00,4.000000000000000000e+00
-1.000000000000000000e+00,1.600000000000000000e+01,1.600000000000000000e+01,1.033000000000000000e+03,2.800000000000000000e+02,1.016000000000000000e+03,2.800000000000000000e+02,7.100000000000000000e+01,-1.000000000000000000e+00,4.000000000000000000e+00
-1.000000000000000000e+00,1.600000000000000000e+01,1.600000000000000000e+01,1.050000000000000000e+03,2.800000000000000000e+02,1.032000000000000000e+03,2.800000000000000000e+02,7.300000000000000000e+01,2.000000000000000000e+00,4.000000000000000000e+00
-1.000000000000000000e+00,8.000000000000000000e+00,1.600000000000000000e+01,1.061000000000000000e+03,2.800000000000000000e+02,1.044000000000000000e+03,2.800000000000000000e+02,6.800000000000000000e+01,0.000000000000000000e+00,4.000000000000000000e+00
-1.000000000000000000e+00,8.000000000000000000e+00,1.600000000000000000e+01,1.069000000000000000e+03,2.800000000000000000e+02,1.052000000000000000e+03,2.800000000000000000e+02,7.100000000000000000e+01,1.000000000000000000e+00,4.000000000000000000e+00
-1.000000000000000000e+00,1.600000000000000000e+01,1.600000000000000000e+01,1.082000000000000000e+03,2.800000000000000000e+02,1.064000000000000000e+03,2.800000000000000000e+02,7.300000000000000000e+01,0.000000000000000000e+00,4.000000000000000000e+00
-1.000000000000000000e+00,1.600000000000000000e+01,1.600000000000000000e+01,1.103000000000000000e+03,2.810000000000000000e+02,1.080000000000000000e+03,2.800000000000000000e+02,9.200000000000000000e+01,5.000000000000000000e+00,4.000000000000000000e+00
-1.000000000000000000e+00,1.600000000000000000e+01,1.600000000000000000e+01,1.113000000000000000e+03,2.820000000000000000e+02,1.096000000000000000e+03,2.800000000000000000e+02,6.900000000000000000e+01,8.000000000000000000e+00,4.000000000000000000e+00
-1.000000000000000000e+00,1.600000000000000000e+01,1.600000000000000000e+01,1.129000000000000000e+03,2.820000000000000000e+02,1.112000000000000000e+03,2.800000000000000000e+02,6.900000000000000000e+01,8.000000000000000000e+00,4.000000000000000000e+00
-1.000000000000000000e+00,1.600000000000000000e+01,1.600000000000000000e+01,1.145000000000000000e+03,2.810000000000000000e+02,1.128000000000000000e+03,2.800000000000000000e+02,6.900000000000000000e+01,4.000000000000000000e+00,4.000000000000000000e+00
-1.000000000000000000e+00,1.600000000000000000e+01,1.600000000000000000e+01,1.151000000000000000e+03,2.810000000000000000e+02,1.144000000000000000e+03,2.800000000000000000e+02,2.800000000000000000e+01,4.000000000000000000e+00,4.000000000000000000e+00
-1.000000000000000000e+00,8.000000000000000000e+00,1.600000000000000000e+01,1.163000000000000000e+03,2.810000000000000000e+02,1.156000000000000000e+03,2.800000000000000000e+02,2.800000000000000000e+01,4.000000000000000000e+00,4.000000000000000000e+00
-1.000000000000000000e+00,8.000000000000000000e+00,1.600000000000000000e+01,1.179000000000000000e+03,2.810000000000000000e+02,1.164000000000000000e+03,2.800000000000000000e+02,6.300000000000000000e+01,4.000000000000000000e+00,4.000000000000000000e+00
-1.000000000000000000e+00,1.600000000000000000e+01,1.600000000000000000e+01,1.191000000000000000e+03,2.810000000000000000e+02,1.176000000000000000e+03,2.800000000000000000e+02,6.300000000000000000e+01,4.000000000000000000e+00,4.000000000000000000e+00
-1.000000000000000000e+00,1.600000000000000000e+01,1.600000000000000000e+01,1.208000000000000000e+03,2.800000000000000000e+02,1.192000000000000000e+03,2.800000000000000000e+02,6.500000000000000000e+01,2.000000000000000000e+00,4.000000000000000000e+00
-1.000000000000000000e+00,8.000000000000000000e+00,1.600000000000000000e+01,1.219000000000000000e+03,2.800000000000000000e+02,1.204000000000000000e+03,2.800000000000000000e+02,6.200000000000000000e+01,2.000000000000000000e+00,4.000000000000000000e+00
-1.000000000000000000e+00,8.000000000000000000e+00,1.600000000000000000e+01,1.228000000000000000e+03,2.800000000000000000e+02,1.212000000000000000e+03,2.800000000000000000e+02,6.400000000000000000e+01,0.000000000000000000e+00,4.000000000000000000e+00
-1.000000000000000000e+00,1.600000000000000000e+01,1.600000000000000000e+01,1.240000000000000000e+03,2.800000000000000000e+02,1.224000000000000000e+03,2.800000000000000000e+02,6.600000000000000000e+01,1.000000000000000000e+00,4.000000000000000000e+00
-1.000000000000000000e+00,8.000000000000000000e+00,8.000000000000000000e+00,1.251000000000000000e+03,2.760000000000000000e+02,1.236000000000000000e+03,2.760000000000000000e+02,6.000000000000000000e+01,2.000000000000000000e+00,4.000000000000000000e+00
-1.000000000000000000e+00,8.000000000000000000e+00,8.000000000000000000e+00,1.259000000000000000e+03,2.760000000000000000e+02,1.244000000000000000e+03,2.760000000000000000e+02,6.200000000000000000e+01,2.000000000000000000e+00,4.000000000000000000e+00
-1.000000000000000000e+00,8.000000000000000000e+00,8.000000000000000000e+00,1.251000000000000000e+03,2.840000000000000000e+02,1.236000000000000000e+03,2.840000000000000000e+02,6.200000000000000000e+01,0.000000000000000000e+00,4.000000000000000000e+00
-1.000000000000000000e+00,8.000000000000000000e+00,8.000000000000000000e+00,1.260000000000000000e+03,2.840000000000000000e+02,1.244000000000000000e+03,2.840000000000000000e+02,6.500000000000000000e+01,1.000000000000000000e+00,4.000000000000000000e+00
-1.000000000000000000e+00,1.600000000000000000e+01,1.600000000000000000e+01,1.271000000000000000e+03,2.800000000000000000e+02,1.256000000000000000e+03,2.800000000000000000e+02,6.200000000000000000e+01,2.000000000000000000e+00,4.000000000000000000e+00
-1.000000000000000000e+00,1.600000000000000000e+01,1.600000000000000000e+01,5.100000000000000000e+01,2.950000000000000000e+02,8.000000000000000000e+00,2.960000000000000000e+02,1.750000000000000000e+02,-4.000000000000000000e+00,4.000000000000000000e+00
-1.000000000000000000e+00,1.600000000000000000e+01,1.600000000000000000e+01,6.500000000000000000e+01,2.960000000000000000e+02,2.400000000000000000e+01,2.960000000000000000e+02,1.640000000000000000e+02,-2.000000000000000000e+00,4.000000000000000000e+00
-1.000000000000000000e+00,1.600000000000000000e+01,1.600000000000000000e+01,8.100000000000000000e+01,2.960000000000000000e+02,4.000000000000000000e+01,2.960000000000000000e+02,1.650000000000000000e+02,0.000000000000000000e+00,4.000000000000000000e+00
-1.000000000000000000e+00,1.600000000000000000e+01,1.600000000000000000e+01,9.500000000000000000e+01,2.960000000000000000e+02,5.600000000000000000e+01,2.960000000000000000e+02,1.560000000000000000e+02,0.000000000000000000e+00,4.000000000000000000e+00
-1.000000000000000000e+00,1.600000000000000000e+01,1.600000000000000000e+01,1.280000000000000000e+02,2.960000000000000000e+02,7.200000000000000000e+01,2.960000000000000000e+02,2.240000000000000000e+02,0.000000000000000000e+00,4.000000000000000000e+00
-1.000000000000000000e+00,1.600000000000000000e+01,1.600000000000000000e+01,1.520000000000000000e+02,2.960000000000000000e+02,1.040000000000000000e+02,2.960000000000000000e+02,1.920000000000000000e+02,0.000000000000000000e+00,4.000000000000000000e+00
-1.000000000000000000e+00,1.600000000000000000e+01,1.600000000000000000e+01,1.680000000000000000e+02,2.960000000000000000e+02,1.200000000000000000e+02,2.960000000000000000e+02,1.920000000000000000e+02,0.000000000000000000e+00,4.000000000000000000e+00
-1.000000000000000000e+00,1.600000000000000000e+01,1.600000000000000000e+01,1.680000000000000000e+02,2.960000000000000000e+02,1.680000000000000000e+02,2.960000000000000000e+02,0.000000000000000000e+00,0.000000000000000000e+00,4.000000000000000000e+00
-1.000000000000000000e+00,1.600000000000000000e+01,1.600000000000000000e+01,1.840000000000000000e+02,2.960000000000000000e+02,1.840000000000000000e+02,2.960000000000000000e+02,0.000000000000000000e+00,0.000000000000000000e+00,4.000000000000000000e+00
-1.000000000000000000e+00,1.600000000000000000e+01,1.600000000000000000e+01,2.000000000000000000e+02,2.910000000000000000e+02,2.000000000000000000e+02,2.960000000000000000e+02,0.000000000000000000e+00,-2.000000000000000000e+01,4.000000000000000000e+00
-1.000000000000000000e+00,1.600000000000000000e+01,1.600000000000000000e+01,2.790000000000000000e+02,2.960000000000000000e+02,2.480000000000000000e+02,2.960000000000000000e+02,1.250000000000000000e+02,1.000000000000000000e+00,4.000000000000000000e+00
-1.000000000000000000e+00,1.600000000000000000e+01,1.600000000000000000e+01,2.950000000000000000e+02,2.960000000000000000e+02,2.640000000000000000e+02,2.960000000000000000e+02,1.250000000000000000e+02,1.000000000000000000e+00,4.000000000000000000e+00
-1.000000000000000000e+00,1.600000000000000000e+01,1.600000000000000000e+01,3.100000000000000000e+02,2.960000000000000000e+02,2.800000000000000000e+02,2.960000000000000000e+02,1.230000000000000000e+02,2.000000000000000000e+00,4.000000000000000000e+00
-1.000000000000000000e+00,1.600000000000000000e+01,1.600000000000000000e+01,3.260000000000000000e+02,2.960000000000000000e+02,2.960000000000000000e+02,2.960000000000000000e+02,1.220000000000000000e+02,0.000000000000000000e+00,4.000000000000000000e+00
-1.000000000000000000e+00,1.600000000000000000e+01,1.600000000000000000e+01,3.420000000000000000e+02,2.960000000000000000e+02,3.120000000000000000e+02,2.960000000000000000e+02,1.220000000000000000e+02,0.000000000000000000e+00,4.000000000000000000e+00
-1.000000000000000000e+00,1.600000000000000000e+01,1.600000000000000000e+01,4.030000000000000000e+02,2.960000000000000000e+02,3.760000000000000000e+02,2.960000000000000000e+02,1.100000000000000000e+02,0.000000000000000000e+00,4.000000000000000000e+00
-1.000000000000000000e+00,1.600000000000000000e+01,1.600000000000000000e+01,4.180000000000000000e+02,2.960000000000000000e+02,3.920000000000000000e+02,2.960000000000000000e+02,1.040000000000000000e+02,-2.000000000000000000e+00,4.000000000000000000e+00
-1.000000000000000000e+00,1.600000000000000000e+01,1.600000000000000000e+01,4.340000000000000000e+02,2.960000000000000000e+02,4.080000000000000000e+02,2.960000000000000000e+02,1.040000000000000000e+02,0.000000000000000000e+00,4.000000000000000000e+00
-1.000000000000000000e+00,1.600000000000000000e+01,1.600000000000000000e+01,4.500000000000000000e+02,2.940000000000000000e+02,4.240000000000000000e+02,2.960000000000000000e+02,1.040000000000000000e+02,-1.100000000000000000e+01,4.000000000000000000e+00
-1.000000000000000000e+00,1.600000000000000000e+01,1.600000000000000000e+01,4.720000000000000000e+02,2.960000000000000000e+02,4.400000000000000000e+02,2.960000000000000000e+02,1.280000000000000000e+02,0.000000000000000000e+00,4.000000000000000000e+00
-1.000000000000000000e+00,1.600000000000000000e+01,1.600000000000000000e+01,4.840000000000000000e+02,2.960000000000000000e+02,4.560000000000000000e+02,2.960000000000000000e+02,1.130000000000000000e+02,0.000000000000000000e+00,4.000000000000000000e+00
-1.000000000000000000e+00,1.600000000000000000e+01,1.600000000000000000e+01,4.970000000000000000e+02,2.960000000000000000e+02,4.720000000000000000e+02,2.960000000000000000e+02,1.010000000000000000e+02,0.000000000000000000e+00,4.000000000000000000e+00
-1.000000000000000000e+00,1.600000000000000000e+01,1.600000000000000000e+01,5.130000000000000000e+02,2.960000000000000000e+02,4.880000000000000000e+02,2.960000000000000000e+02,1.010000000000000000e+02,0.000000000000000000e+00,4.000000000000000000e+00
-1.000000000000000000e+00,1.600000000000000000e+01,1.600000000000000000e+01,5.280000000000000000e+02,2.960000000000000000e+02,5.040000000000000000e+02,2.960000000000000000e+02,9.800000000000000000e+01,0.000000000000000000e+00,4.000000000000000000e+00
-1.000000000000000000e+00,8.000000000000000000e+00,8.000000000000000000e+00,5.390000000000000000e+02,2.920000000000000000e+02,5.160000000000000000e+02,2.920000000000000000e+02,9.300000000000000000e+01,0.000000000000000000e+00,4.000000000000000000e+00
-1.000000000000000000e+00,8.000000000000000000e+00,8.000000000000000000e+00,5.470000000000000000e+02,2.920000000000000000e+02,5.240000000000000000e+02,2.920000000000000000e+02,9.300000000000000000e+01,0.000000000000000000e+00,4.000000000000000000e+00
-1.000000000000000000e+00,8.000000000000000000e+00,8.000000000000000000e+00,5.390000000000000000e+02,3.000000000000000000e+02,5.160000000000000000e+02,3.000000000000000000e+02,9.300000000000000000e+01,0.000000000000000000e+00,4.000000000000000000e+00
-1.000000000000000000e+00,8.000000000000000000e+00,8.000000000000000000e+00,5.470000000000000000e+02,3.000000000000000000e+02,5.240000000000000000e+02,3.000000000000000000e+02,9.300000000000000000e+01,0.000000000000000000e+00,4.000000000000000000e+00
-1.000000000000000000e+00,1.600000000000000000e+01,1.600000000000000000e+01,5.610000000000000000e+02,2.960000000000000000e+02,5.360000000000000000e+02,2.960000000000000000e+02,1.000000000000000000e+02,0.000000000000000000e+00,4.000000000000000000e+00
-1.000000000000000000e+00,1.600000000000000000e+01,1.600000000000000000e+01,5.760000000000000000e+02,2.960000000000000000e+02,5.520000000000000000e+02,2.960000000000000000e+02,9.900000000000000000e+01,0.000000000000000000e+00,4.000000000000000000e+00
-1.000000000000000000e+00,1.600000000000000000e+01,1.600000000000000000e+01,6.330000000000000000e+02,2.960000000000000000e+02,6.480000000000000000e+02,2.960000000000000000e+02,-6.200000000000000000e+01,0.000000000000000000e+00,4.000000000000000000e+00
-1.000000000000000000e+00,8.000000000000000000e+00,1.600000000000000000e+01,7.120000000000000000e+02,2.960000000000000000e+02,6.920000000000000000e+02,2.960000000000000000e+02,8.000000000000000000e+01,3.000000000000000000e+00,4.000000000000000000e+00
-1.000000000000000000e+00,8.000000000000000000e+00,1.600000000000000000e+01,7.210000000000000000e+02,2.960000000000000000e+02,7.000000000000000000e+02,2.960000000000000000e+02,8.700000000000000000e+01,0.000000000000000000e+00,4.000000000000000000e+00
-1.000000000000000000e+00,8.000000000000000000e+00,8.000000000000000000e+00,7.540000000000000000e+02,2.920000000000000000e+02,7.560000000000000000e+02,2.920000000000000000e+02,-1.000000000000000000e+01,2.000000000000000000e+00,4.000000000000000000e+00
-1.000000000000000000e+00,8.000000000000000000e+00,8.000000000000000000e+00,7.580000000000000000e+02,2.920000000000000000e+02,7.640000000000000000e+02,2.920000000000000000e+02,-2.600000000000000000e+01,2.000000000000000000e+00,4.000000000000000000e+00
-1.000000000000000000e+00,8.000000000000000000e+00,8.000000000000000000e+00,7.530000000000000000e+02,3.000000000000000000e+02,7.560000000000000000e+02,3.000000000000000000e+02,-1.300000000000000000e+01,0.000000000000000000e+00,4.000000000000000000e+00
-1.000000000000000000e+00,8.000000000000000000e+00,8.000000000000000000e+00,7.680000000000000000e+02,3.020000000000000000e+02,7.640000000000000000e+02,3.000000000000000000e+02,1.700000000000000000e+01,8.000000000000000000e+00,4.000000000000000000e+00
-1.000000000000000000e+00,1.600000000000000000e+01,8.000000000000000000e+00,7.750000000000000000e+02,2.870000000000000000e+02,7.760000000000000000e+02,2.920000000000000000e+02,-5.000000000000000000e+00,-2.300000000000000000e+01,4.000000000000000000e+00
-1.000000000000000000e+00,1.600000000000000000e+01,8.000000000000000000e+00,7.800000000000000000e+02,3.020000000000000000e+02,7.760000000000000000e+02,3.000000000000000000e+02,1.700000000000000000e+01,8.000000000000000000e+00,4.000000000000000000e+00
-1.000000000000000000e+00,1.600000000000000000e+01,1.600000000000000000e+01,7.960000000000000000e+02,2.980000000000000000e+02,7.920000000000000000e+02,2.960000000000000000e+02,1.900000000000000000e+01,8.000000000000000000e+00,4.000000000000000000e+00
-1.000000000000000000e+00,1.600000000000000000e+01,8.000000000000000000e+00,8.050000000000000000e+02,2.940000000000000000e+02,8.080000000000000000e+02,2.920000000000000000e+02,-1.300000000000000000e+01,8.000000000000000000e+00,4.000000000000000000e+00
-1.000000000000000000e+00,1.600000000000000000e+01,8.000000000000000000e+00,8.130000000000000000e+02,3.020000000000000000e+02,8.080000000000000000e+02,3.000000000000000000e+02,2.200000000000000000e+01,8.000000000000000000e+00,4.000000000000000000e+00
-1.000000000000000000e+00,1.600000000000000000e+01,1.600000000000000000e+01,8.760000000000000000e+02,2.960000000000000000e+02,8.560000000000000000e+02,2.960000000000000000e+02,8.000000000000000000e+01,0.000000000000000000e+00,4.000000000000000000e+00
-1.000000000000000000e+00,1.600000000000000000e+01,1.600000000000000000e+01,8.910000000000000000e+02,2.960000000000000000e+02,8.720000000000000000e+02,2.960000000000000000e+02,7.700000000000000000e+01,1.000000000000000000e+00,4.000000000000000000e+00
-1.000000000000000000e+00,8.000000000000000000e+00,1.600000000000000000e+01,9.030000000000000000e+02,2.960000000000000000e+02,8.840000000000000000e+02,2.960000000000000000e+02,7.700000000000000000e+01,2.000000000000000000e+00,4.000000000000000000e+00
-1.000000000000000000e+00,8.000000000000000000e+00,1.600000000000000000e+01,9.100000000000000000e+02,2.960000000000000000e+02,8.920000000000000000e+02,2.960000000000000000e+02,7.500000000000000000e+01,-2.000000000000000000e+00,4.000000000000000000e+00
-1.000000000000000000e+00,1.600000000000000000e+01,1.600000000000000000e+01,9.230000000000000000e+02,2.960000000000000000e+02,9.040000000000000000e+02,2.960000000000000000e+02,7.700000000000000000e+01,-2.000000000000000000e+00,4.000000000000000000e+00
-1.000000000000000000e+00,8.000000000000000000e+00,1.600000000000000000e+01,9.340000000000000000e+02,2.960000000000000000e+02,9.160000000000000000e+02,2.960000000000000000e+02,7.300000000000000000e+01,-2.000000000000000000e+00,4.000000000000000000e+00
-1.000000000000000000e+00,8.000000000000000000e+00,1.600000000000000000e+01,9.430000000000000000e+02,2.960000000000000000e+02,9.240000000000000000e+02,2.960000000000000000e+02,7.600000000000000000e+01,-1.000000000000000000e+00,4.000000000000000000e+00
-1.000000000000000000e+00,8.000000000000000000e+00,1.600000000000000000e+01,9.510000000000000000e+02,2.960000000000000000e+02,9.320000000000000000e+02,2.960000000000000000e+02,7.600000000000000000e+01,3.000000000000000000e+00,4.000000000000000000e+00
-1.000000000000000000e+00,8.000000000000000000e+00,1.600000000000000000e+01,9.580000000000000000e+02,2.960000000000000000e+02,9.400000000000000000e+02,2.960000000000000000e+02,7.300000000000000000e+01,0.000000000000000000e+00,4.000000000000000000e+00
-1.000000000000000000e+00,8.000000000000000000e+00,1.600000000000000000e+01,9.660000000000000000e+02,2.960000000000000000e+02,9.480000000000000000e+02,2.960000000000000000e+02,7.300000000000000000e+01,0.000000000000000000e+00,4.000000000000000000e+00
-1.000000000000000000e+00,8.000000000000000000e+00,1.600000000000000000e+01,9.730000000000000000e+02,2.960000000000000000e+02,9.560000000000000000e+02,2.960000000000000000e+02,7.100000000000000000e+01,-1.000000000000000000e+00,4.000000000000000000e+00
-1.000000000000000000e+00,1.600000000000000000e+01,8.000000000000000000e+00,9.860000000000000000e+02,2.920000000000000000e+02,9.680000000000000000e+02,2.920000000000000000e+02,7.300000000000000000e+01,1.000000000000000000e+00,4.000000000000000000e+00
-1.000000000000000000e+00,1.600000000000000000e+01,8.000000000000000000e+00,9.850000000000000000e+02,3.000000000000000000e+02,9.680000000000000000e+02,3.000000000000000000e+02,7.100000000000000000e+01,3.000000000000000000e+00,4.000000000000000000e+00
-1.000000000000000000e+00,8.000000000000000000e+00,1.600000000000000000e+01,9.980000000000000000e+02,2.960000000000000000e+02,9.800000000000000000e+02,2.960000000000000000e+02,7.300000000000000000e+01,1.000000000000000000e+00,4.000000000000000000e+00
-1.000000000000000000e+00,8.000000000000000000e+00,1.600000000000000000e+01,1.005000000000000000e+03,2.960000000000000000e+02,9.880000000000000000e+02,2.960000000000000000e+02,7.100000000000000000e+01,-2.000000000000000000e+00,4.000000000000000000e+00
-1.000000000000000000e+00,1.600000000000000000e+01,1.600000000000000000e+01,1.018000000000000000e+03,2.960000000000000000e+02,1.000000000000000000e+03,2.960000000000000000e+02,7.300000000000000000e+01,0.000000000000000000e+00,4.000000000000000000e+00
-1.000000000000000000e+00,1.600000000000000000e+01,1.600000000000000000e+01,1.033000000000000000e+03,2.960000000000000000e+02,1.016000000000000000e+03,2.960000000000000000e+02,7.000000000000000000e+01,0.000000000000000000e+00,4.000000000000000000e+00
-1.000000000000000000e+00,1.600000000000000000e+01,1.600000000000000000e+01,1.050000000000000000e+03,2.960000000000000000e+02,1.032000000000000000e+03,2.960000000000000000e+02,7.300000000000000000e+01,-2.000000000000000000e+00,4.000000000000000000e+00
-1.000000000000000000e+00,8.000000000000000000e+00,1.600000000000000000e+01,1.061000000000000000e+03,2.960000000000000000e+02,1.044000000000000000e+03,2.960000000000000000e+02,7.100000000000000000e+01,1.000000000000000000e+00,4.000000000000000000e+00
-1.000000000000000000e+00,8.000000000000000000e+00,1.600000000000000000e+01,1.070000000000000000e+03,2.960000000000000000e+02,1.052000000000000000e+03,2.960000000000000000e+02,7.300000000000000000e+01,0.000000000000000000e+00,4.000000000000000000e+00
-1.000000000000000000e+00,1.600000000000000000e+01,1.600000000000000000e+01,1.082000000000000000e+03,2.960000000000000000e+02,1.064000000000000000e+03,2.960000000000000000e+02,7.300000000000000000e+01,0.000000000000000000e+00,4.000000000000000000e+00
-1.000000000000000000e+00,1.600000000000000000e+01,1.600000000000000000e+01,1.098000000000000000e+03,2.970000000000000000e+02,1.080000000000000000e+03,2.960000000000000000e+02,7.300000000000000000e+01,5.000000000000000000e+00,4.000000000000000000e+00
-1.000000000000000000e+00,1.600000000000000000e+01,1.600000000000000000e+01,1.113000000000000000e+03,2.980000000000000000e+02,1.096000000000000000e+03,2.960000000000000000e+02,6.900000000000000000e+01,8.000000000000000000e+00,4.000000000000000000e+00
-1.000000000000000000e+00,1.600000000000000000e+01,1.600000000000000000e+01,1.129000000000000000e+03,2.980000000000000000e+02,1.112000000000000000e+03,2.960000000000000000e+02,6.900000000000000000e+01,8.000000000000000000e+00,4.000000000000000000e+00
-1.000000000000000000e+00,1.600000000000000000e+01,1.600000000000000000e+01,1.159000000000000000e+03,2.970000000000000000e+02,1.144000000000000000e+03,2.960000000000000000e+02,6.200000000000000000e+01,4.000000000000000000e+00,4.000000000000000000e+00
-1.000000000000000000e+00,1.600000000000000000e+01,1.600000000000000000e+01,1.175000000000000000e+03,2.970000000000000000e+02,1.160000000000000000e+03,2.960000000000000000e+02,6.200000000000000000e+01,4.000000000000000000e+00,4.000000000000000000e+00
-1.000000000000000000e+00,1.600000000000000000e+01,8.000000000000000000e+00,1.191000000000000000e+03,2.930000000000000000e+02,1.176000000000000000e+03,2.920000000000000000e+02,6.300000000000000000e+01,4.000000000000000000e+00,4.000000000000000000e+00
-1.000000000000000000e+00,1.600000000000000000e+01,8.000000000000000000e+00,1.191000000000000000e+03,3.000000000000000000e+02,1.176000000000000000e+03,3.000000000000000000e+02,6.200000000000000000e+01,2.000000000000000000e+00,4.000000000000000000e+00
-1.000000000000000000e+00,1.600000000000000000e+01,1.600000000000000000e+01,1.207000000000000000e+03,2.960000000000000000e+02,1.192000000000000000e+03,2.960000000000000000e+02,6.300000000000000000e+01,2.000000000000000000e+00,4.000000000000000000e+00
-1.000000000000000000e+00,1.600000000000000000e+01,1.600000000000000000e+01,1.224000000000000000e+03,2.960000000000000000e+02,1.208000000000000000e+03,2.960000000000000000e+02,6.500000000000000000e+01,2.000000000000000000e+00,4.000000000000000000e+00
-1.000000000000000000e+00,1.600000000000000000e+01,1.600000000000000000e+01,1.240000000000000000e+03,2.960000000000000000e+02,1.224000000000000000e+03,2.960000000000000000e+02,6.500000000000000000e+01,1.000000000000000000e+00,4.000000000000000000e+00
-1.000000000000000000e+00,1.600000000000000000e+01,1.600000000000000000e+01,1.255000000000000000e+03,2.960000000000000000e+02,1.240000000000000000e+03,2.960000000000000000e+02,6.200000000000000000e+01,1.000000000000000000e+00,4.000000000000000000e+00
-1.000000000000000000e+00,1.600000000000000000e+01,1.600000000000000000e+01,1.271000000000000000e+03,2.960000000000000000e+02,1.256000000000000000e+03,2.960000000000000000e+02,6.200000000000000000e+01,1.000000000000000000e+00,4.000000000000000000e+00
-1.000000000000000000e+00,1.600000000000000000e+01,1.600000000000000000e+01,6.400000000000000000e+01,3.120000000000000000e+02,2.400000000000000000e+01,3.120000000000000000e+02,1.610000000000000000e+02,-2.000000000000000000e+00,4.000000000000000000e+00
-1.000000000000000000e+00,1.600000000000000000e+01,1.600000000000000000e+01,7.900000000000000000e+01,3.120000000000000000e+02,4.000000000000000000e+01,3.120000000000000000e+02,1.590000000000000000e+02,0.000000000000000000e+00,4.000000000000000000e+00
-1.000000000000000000e+00,1.600000000000000000e+01,8.000000000000000000e+00,9.500000000000000000e+01,3.080000000000000000e+02,5.600000000000000000e+01,3.080000000000000000e+02,1.560000000000000000e+02,0.000000000000000000e+00,4.000000000000000000e+00
-1.000000000000000000e+00,1.600000000000000000e+01,8.000000000000000000e+00,9.500000000000000000e+01,3.160000000000000000e+02,5.600000000000000000e+01,3.160000000000000000e+02,1.590000000000000000e+02,0.000000000000000000e+00,4.000000000000000000e+00
-1.000000000000000000e+00,1.600000000000000000e+01,1.600000000000000000e+01,1.360000000000000000e+02,3.120000000000000000e+02,8.800000000000000000e+01,3.120000000000000000e+02,1.920000000000000000e+02,0.000000000000000000e+00,4.000000000000000000e+00
-1.000000000000000000e+00,1.600000000000000000e+01,1.600000000000000000e+01,1.520000000000000000e+02,3.120000000000000000e+02,1.040000000000000000e+02,3.120000000000000000e+02,1.920000000000000000e+02,0.000000000000000000e+00,4.000000000000000000e+00
-1.000000000000000000e+00,1.600000000000000000e+01,1.600000000000000000e+01,1.510000000000000000e+02,3.110000000000000000e+02,1.200000000000000000e+02,3.120000000000000000e+02,1.240000000000000000e+02,-4.000000000000000000e+00,4.000000000000000000e+00
-1.000000000000000000e+00,1.600000000000000000e+01,1.600000000000000000e+01,1.840000000000000000e+02,3.120000000000000000e+02,1.840000000000000000e+02,3.120000000000000000e+02,0.000000000000000000e+00,0.000000000000000000e+00,4.000000000000000000e+00
-1.000000000000000000e+00,1.600000000000000000e+01,1.600000000000000000e+01,2.000000000000000000e+02,3.120000000000000000e+02,2.000000000000000000e+02,3.120000000000000000e+02,0.000000000000000000e+00,0.000000000000000000e+00,4.000000000000000000e+00
-1.000000000000000000e+00,1.600000000000000000e+01,1.600000000000000000e+01,2.630000000000000000e+02,3.120000000000000000e+02,2.320000000000000000e+02,3.120000000000000000e+02,1.250000000000000000e+02,1.000000000000000000e+00,4.000000000000000000e+00
-1.000000000000000000e+00,1.600000000000000000e+01,1.600000000000000000e+01,2.790000000000000000e+02,3.120000000000000000e+02,2.480000000000000000e+02,3.120000000000000000e+02,1.250000000000000000e+02,1.000000000000000000e+00,4.000000000000000000e+00
-1.000000000000000000e+00,1.600000000000000000e+01,1.600000000000000000e+01,2.950000000000000000e+02,3.120000000000000000e+02,2.640000000000000000e+02,3.120000000000000000e+02,1.250000000000000000e+02,1.000000000000000000e+00,4.000000000000000000e+00
-1.000000000000000000e+00,1.600000000000000000e+01,1.600000000000000000e+01,3.100000000000000000e+02,3.120000000000000000e+02,2.800000000000000000e+02,3.120000000000000000e+02,1.230000000000000000e+02,1.000000000000000000e+00,4.000000000000000000e+00
-1.000000000000000000e+00,1.600000000000000000e+01,1.600000000000000000e+01,3.260000000000000000e+02,3.120000000000000000e+02,2.960000000000000000e+02,3.120000000000000000e+02,1.220000000000000000e+02,0.000000000000000000e+00,4.000000000000000000e+00
-1.000000000000000000e+00,1.600000000000000000e+01,1.600000000000000000e+01,3.420000000000000000e+02,3.120000000000000000e+02,3.120000000000000000e+02,3.120000000000000000e+02,1.220000000000000000e+02,0.000000000000000000e+00,4.000000000000000000e+00
-1.000000000000000000e+00,1.600000000000000000e+01,1.600000000000000000e+01,3.580000000000000000e+02,3.120000000000000000e+02,3.280000000000000000e+02,3.120000000000000000e+02,1.220000000000000000e+02,0.000000000000000000e+00,4.000000000000000000e+00
-1.000000000000000000e+00,1.600000000000000000e+01,1.600000000000000000e+01,3.740000000000000000e+02,3.120000000000000000e+02,3.440000000000000000e+02,3.120000000000000000e+02,1.220000000000000000e+02,0.000000000000000000e+00,4.000000000000000000e+00
-1.000000000000000000e+00,1.600000000000000000e+01,1.600000000000000000e+01,4.020000000000000000e+02,3.120000000000000000e+02,3.760000000000000000e+02,3.120000000000000000e+02,1.040000000000000000e+02,0.000000000000000000e+00,4.000000000000000000e+00
-1.000000000000000000e+00,1.600000000000000000e+01,1.600000000000000000e+01,4.280000000000000000e+02,3.120000000000000000e+02,3.920000000000000000e+02,3.120000000000000000e+02,1.440000000000000000e+02,0.000000000000000000e+00,4.000000000000000000e+00
-1.000000000000000000e+00,1.600000000000000000e+01,1.600000000000000000e+01,4.340000000000000000e+02,3.130000000000000000e+02,4.080000000000000000e+02,3.120000000000000000e+02,1.040000000000000000e+02,4.000000000000000000e+00,4.000000000000000000e+00
-1.000000000000000000e+00,1.600000000000000000e+01,1.600000000000000000e+01,4.500000000000000000e+02,3.160000000000000000e+02,4.240000000000000000e+02,3.120000000000000000e+02,1.040000000000000000e+02,1.900000000000000000e+01,4.000000000000000000e+00
-1.000000000000000000e+00,1.600000000000000000e+01,1.600000000000000000e+01,4.730000000000000000e+02,3.120000000000000000e+02,4.400000000000000000e+02,3.120000000000000000e+02,1.320000000000000000e+02,-2.000000000000000000e+00,4.000000000000000000e+00
-1.000000000000000000e+00,1.600000000000000000e+01,1.600000000000000000e+01,4.840000000000000000e+02,3.120000000000000000e+02,4.560000000000000000e+02,3.120000000000000000e+02,1.130000000000000000e+02,0.000000000000000000e+00,4.000000000000000000e+00
-1.000000000000000000e+00,1.600000000000000000e+01,1.600000000000000000e+01,4.990000000000000000e+02,3.120000000000000000e+02,4.720000000000000000e+02,3.120000000000000000e+02,1.100000000000000000e+02,0.000000000000000000e+00,4.000000000000000000e+00
-1.000000000000000000e+00,1.600000000000000000e+01,1.600000000000000000e+01,5.130000000000000000e+02,3.120000000000000000e+02,4.880000000000000000e+02,3.120000000000000000e+02,1.010000000000000000e+02,0.000000000000000000e+00,4.000000000000000000e+00
-1.000000000000000000e+00,1.600000000000000000e+01,1.600000000000000000e+01,5.660000000000000000e+02,3.120000000000000000e+02,5.040000000000000000e+02,3.120000000000000000e+02,2.480000000000000000e+02,0.000000000000000000e+00,4.000000000000000000e+00
-1.000000000000000000e+00,1.600000000000000000e+01,1.600000000000000000e+01,5.450000000000000000e+02,3.120000000000000000e+02,5.200000000000000000e+02,3.120000000000000000e+02,1.000000000000000000e+02,-3.000000000000000000e+00,4.000000000000000000e+00
-1.000000000000000000e+00,1.600000000000000000e+01,1.600000000000000000e+01,5.600000000000000000e+02,3.120000000000000000e+02,5.360000000000000000e+02,3.120000000000000000e+02,9.800000000000000000e+01,-3.000000000000000000e+00,4.000000000000000000e+00
-1.000000000000000000e+00,1.600000000000000000e+01,1.600000000000000000e+01,5.760000000000000000e+02,3.120000000000000000e+02,5.520000000000000000e+02,3.120000000000000000e+02,9.900000000000000000e+01,-3.000000000000000000e+00,4.000000000000000000e+00
-1.000000000000000000e+00,1.600000000000000000e+01,1.600000000000000000e+01,6.120000000000000000e+02,3.110000000000000000e+02,6.160000000000000000e+02,3.120000000000000000e+02,-1.600000000000000000e+01,-7.000000000000000000e+00,4.000000000000000000e+00
-1.000000000000000000e+00,1.600000000000000000e+01,1.600000000000000000e+01,6.250000000000000000e+02,3.100000000000000000e+02,6.320000000000000000e+02,3.120000000000000000e+02,-2.900000000000000000e+01,-8.000000000000000000e+00,4.000000000000000000e+00
-1.000000000000000000e+00,1.600000000000000000e+01,1.600000000000000000e+01,7.930000000000000000e+02,3.120000000000000000e+02,7.440000000000000000e+02,3.120000000000000000e+02,1.980000000000000000e+02,0.000000000000000000e+00,4.000000000000000000e+00
-1.000000000000000000e+00,1.600000000000000000e+01,1.600000000000000000e+01,7.800000000000000000e+02,3.120000000000000000e+02,7.600000000000000000e+02,3.120000000000000000e+02,8.000000000000000000e+01,0.000000000000000000e+00,4.000000000000000000e+00
-1.000000000000000000e+00,1.600000000000000000e+01,1.600000000000000000e+01,7.800000000000000000e+02,3.140000000000000000e+02,7.760000000000000000e+02,3.120000000000000000e+02,1.900000000000000000e+01,8.000000000000000000e+00,4.000000000000000000e+00
-1.000000000000000000e+00,1.600000000000000000e+01,1.600000000000000000e+01,8.030000000000000000e+02,3.140000000000000000e+02,7.920000000000000000e+02,3.120000000000000000e+02,4.400000000000000000e+01,8.000000000000000000e+00,4.000000000000000000e+00
-1.000000000000000000e+00,1.600000000000000000e+01,1.600000000000000000e+01,8.570000000000000000e+02,3.120000000000000000e+02,8.080000000000000000e+02,3.120000000000000000e+02,1.960000000000000000e+02,0.000000000000000000e+00,4.000000000000000000e+00
-1.000000000000000000e+00,1.600000000000000000e+01,1.600000000000000000e+01,8.910000000000000000e+02,3.120000000000000000e+02,8.720000000000000000e+02,3.120000000000000000e+02,7.700000000000000000e+01,1.000000000000000000e+00,4.000000000000000000e+00
-1.000000000000000000e+00,1.600000000000000000e+01,1.600000000000000000e+01,9.070000000000000000e+02,3.120000000000000000e+02,8.880000000000000000e+02,3.120000000000000000e+02,7.700000000000000000e+01,1.000000000000000000e+00,4.000000000000000000e+00
-1.000000000000000000e+00,1.600000000000000000e+01,1.600000000000000000e+01,9.230000000000000000e+02,3.120000000000000000e+02,9.040000000000000000e+02,3.120000000000000000e+02,7.900000000000000000e+01,-2.000000000000000000e+00,4.000000000000000000e+00
-1.000000000000000000e+00,8.000000000000000000e+00,1.600000000000000000e+01,9.340000000000000000e+02,3.120000000000000000e+02,9.160000000000000000e+02,3.120000000000000000e+02,7.300000000000000000e+01,-2.000000000000000000e+00,4.000000000000000000e+00
-1.000000000000000000e+00,8.000000000000000000e+00,1.600000000000000000e+01,9.430000000000000000e+02,3.120000000000000000e+02,9.240000000000000000e+02,3.120000000000000000e+02,7.600000000000000000e+01,-1.000000000000000000e+00,4.000000000000000000e+00
-1.000000000000000000e+00,1.600000000000000000e+01,1.600000000000000000e+01,9.540000000000000000e+02,3.120000000000000000e+02,9.360000000000000000e+02,3.120000000000000000e+02,7.300000000000000000e+01,-2.000000000000000000e+00,4.000000000000000000e+00
-1.000000000000000000e+00,1.600000000000000000e+01,1.600000000000000000e+01,9.700000000000000000e+02,3.120000000000000000e+02,9.520000000000000000e+02,3.120000000000000000e+02,7.300000000000000000e+01,-2.000000000000000000e+00,4.000000000000000000e+00
-1.000000000000000000e+00,1.600000000000000000e+01,1.600000000000000000e+01,9.860000000000000000e+02,3.120000000000000000e+02,9.680000000000000000e+02,3.120000000000000000e+02,7.300000000000000000e+01,-1.000000000000000000e+00,4.000000000000000000e+00
-1.000000000000000000e+00,1.600000000000000000e+01,1.600000000000000000e+01,1.001000000000000000e+03,3.120000000000000000e+02,9.840000000000000000e+02,3.120000000000000000e+02,7.100000000000000000e+01,-2.000000000000000000e+00,4.000000000000000000e+00
-1.000000000000000000e+00,1.600000000000000000e+01,8.000000000000000000e+00,1.018000000000000000e+03,3.080000000000000000e+02,1.000000000000000000e+03,3.080000000000000000e+02,7.300000000000000000e+01,0.000000000000000000e+00,4.000000000000000000e+00
-1.000000000000000000e+00,1.600000000000000000e+01,8.000000000000000000e+00,1.017000000000000000e+03,3.160000000000000000e+02,1.000000000000000000e+03,3.160000000000000000e+02,7.100000000000000000e+01,-2.000000000000000000e+00,4.000000000000000000e+00
-1.000000000000000000e+00,1.600000000000000000e+01,1.600000000000000000e+01,1.034000000000000000e+03,3.120000000000000000e+02,1.016000000000000000e+03,3.120000000000000000e+02,7.500000000000000000e+01,0.000000000000000000e+00,4.000000000000000000e+00
-1.000000000000000000e+00,8.000000000000000000e+00,8.000000000000000000e+00,1.045000000000000000e+03,3.080000000000000000e+02,1.028000000000000000e+03,3.080000000000000000e+02,7.100000000000000000e+01,-2.000000000000000000e+00,4.000000000000000000e+00
-1.000000000000000000e+00,8.000000000000000000e+00,8.000000000000000000e+00,1.054000000000000000e+03,3.080000000000000000e+02,1.036000000000000000e+03,3.080000000000000000e+02,7.400000000000000000e+01,-2.000000000000000000e+00,4.000000000000000000e+00
-1.000000000000000000e+00,8.000000000000000000e+00,8.000000000000000000e+00,1.046000000000000000e+03,3.160000000000000000e+02,1.028000000000000000e+03,3.160000000000000000e+02,7.400000000000000000e+01,-2.000000000000000000e+00,4.000000000000000000e+00
-1.000000000000000000e+00,8.000000000000000000e+00,8.000000000000000000e+00,1.053000000000000000e+03,3.160000000000000000e+02,1.036000000000000000e+03,3.160000000000000000e+02,7.100000000000000000e+01,-2.000000000000000000e+00,4.000000000000000000e+00
-1.000000000000000000e+00,1.600000000000000000e+01,1.600000000000000000e+01,1.066000000000000000e+03,3.120000000000000000e+02,1.048000000000000000e+03,3.120000000000000000e+02,7.300000000000000000e+01,0.000000000000000000e+00,4.000000000000000000e+00
-1.000000000000000000e+00,1.600000000000000000e+01,1.600000000000000000e+01,1.082000000000000000e+03,3.120000000000000000e+02,1.064000000000000000e+03,3.120000000000000000e+02,7.300000000000000000e+01,0.000000000000000000e+00,4.000000000000000000e+00
-1.000000000000000000e+00,1.600000000000000000e+01,1.600000000000000000e+01,1.098000000000000000e+03,3.130000000000000000e+02,1.080000000000000000e+03,3.120000000000000000e+02,7.300000000000000000e+01,5.000000000000000000e+00,4.000000000000000000e+00
-1.000000000000000000e+00,1.600000000000000000e+01,1.600000000000000000e+01,1.113000000000000000e+03,3.140000000000000000e+02,1.096000000000000000e+03,3.120000000000000000e+02,6.900000000000000000e+01,8.000000000000000000e+00,4.000000000000000000e+00
-1.000000000000000000e+00,1.600000000000000000e+01,1.600000000000000000e+01,1.129000000000000000e+03,3.140000000000000000e+02,1.112000000000000000e+03,3.120000000000000000e+02,6.900000000000000000e+01,8.000000000000000000e+00,4.000000000000000000e+00
-1.000000000000000000e+00,1.600000000000000000e+01,1.600000000000000000e+01,1.139000000000000000e+03,3.130000000000000000e+02,1.128000000000000000e+03,3.120000000000000000e+02,4.400000000000000000e+01,4.000000000000000000e+00,4.000000000000000000e+00
-1.000000000000000000e+00,1.600000000000000000e+01,1.600000000000000000e+01,1.159000000000000000e+03,3.130000000000000000e+02,1.144000000000000000e+03,3.120000000000000000e+02,6.200000000000000000e+01,4.000000000000000000e+00,4.000000000000000000e+00
-1.000000000000000000e+00,1.600000000000000000e+01,1.600000000000000000e+01,1.176000000000000000e+03,3.130000000000000000e+02,1.160000000000000000e+03,3.120000000000000000e+02,6.400000000000000000e+01,4.000000000000000000e+00,4.000000000000000000e+00
-1.000000000000000000e+00,1.600000000000000000e+01,1.600000000000000000e+01,1.191000000000000000e+03,3.120000000000000000e+02,1.176000000000000000e+03,3.120000000000000000e+02,6.300000000000000000e+01,2.000000000000000000e+00,4.000000000000000000e+00
-1.000000000000000000e+00,1.600000000000000000e+01,1.600000000000000000e+01,1.207000000000000000e+03,3.120000000000000000e+02,1.192000000000000000e+03,3.120000000000000000e+02,6.300000000000000000e+01,0.000000000000000000e+00,4.000000000000000000e+00
-1.000000000000000000e+00,8.000000000000000000e+00,1.600000000000000000e+01,1.219000000000000000e+03,3.120000000000000000e+02,1.204000000000000000e+03,3.120000000000000000e+02,6.300000000000000000e+01,2.000000000000000000e+00,4.000000000000000000e+00
-1.000000000000000000e+00,8.000000000000000000e+00,1.600000000000000000e+01,1.228000000000000000e+03,3.120000000000000000e+02,1.212000000000000000e+03,3.120000000000000000e+02,6.500000000000000000e+01,2.000000000000000000e+00,4.000000000000000000e+00
-1.000000000000000000e+00,1.600000000000000000e+01,1.600000000000000000e+01,1.240000000000000000e+03,3.120000000000000000e+02,1.224000000000000000e+03,3.120000000000000000e+02,6.700000000000000000e+01,1.000000000000000000e+00,4.000000000000000000e+00
-1.000000000000000000e+00,1.600000000000000000e+01,1.600000000000000000e+01,1.258000000000000000e+03,3.120000000000000000e+02,1.240000000000000000e+03,3.120000000000000000e+02,7.400000000000000000e+01,1.000000000000000000e+00,4.000000000000000000e+00
-1.000000000000000000e+00,1.600000000000000000e+01,1.600000000000000000e+01,1.271000000000000000e+03,3.120000000000000000e+02,1.256000000000000000e+03,3.120000000000000000e+02,6.200000000000000000e+01,1.000000000000000000e+00,4.000000000000000000e+00
-1.000000000000000000e+00,1.600000000000000000e+01,1.600000000000000000e+01,7.900000000000000000e+01,3.280000000000000000e+02,4.000000000000000000e+01,3.280000000000000000e+02,1.590000000000000000e+02,0.000000000000000000e+00,4.000000000000000000e+00
-1.000000000000000000e+00,1.600000000000000000e+01,1.600000000000000000e+01,9.300000000000000000e+01,3.280000000000000000e+02,5.600000000000000000e+01,3.280000000000000000e+02,1.500000000000000000e+02,0.000000000000000000e+00,4.000000000000000000e+00
-1.000000000000000000e+00,1.600000000000000000e+01,1.600000000000000000e+01,1.090000000000000000e+02,3.280000000000000000e+02,7.200000000000000000e+01,3.280000000000000000e+02,1.500000000000000000e+02,0.000000000000000000e+00,4.000000000000000000e+00
-1.000000000000000000e+00,1.600000000000000000e+01,1.600000000000000000e+01,1.260000000000000000e+02,3.280000000000000000e+02,8.800000000000000000e+01,3.280000000000000000e+02,1.530000000000000000e+02,0.000000000000000000e+00,4.000000000000000000e+00
-1.000000000000000000e+00,1.600000000000000000e+01,1.600000000000000000e+01,1.420000000000000000e+02,3.280000000000000000e+02,1.040000000000000000e+02,3.280000000000000000e+02,1.530000000000000000e+02,0.000000000000000000e+00,4.000000000000000000e+00
-1.000000000000000000e+00,1.600000000000000000e+01,1.600000000000000000e+01,1.510000000000000000e+02,3.250000000000000000e+02,1.200000000000000000e+02,3.280000000000000000e+02,1.240000000000000000e+02,-1.200000000000000000e+01,4.000000000000000000e+00
-1.000000000000000000e+00,1.600000000000000000e+01,1.600000000000000000e+01,1.670000000000000000e+02,3.250000000000000000e+02,1.360000000000000000e+02,3.280000000000000000e+02,1.240000000000000000e+02,-1.200000000000000000e+01,4.000000000000000000e+00
-1.000000000000000000e+00,1.600000000000000000e+01,1.600000000000000000e+01,1.830000000000000000e+02,3.250000000000000000e+02,1.520000000000000000e+02,3.280000000000000000e+02,1.240000000000000000e+02,-1.200000000000000000e+01,4.000000000000000000e+00
-1.000000000000000000e+00,1.600000000000000000e+01,1.600000000000000000e+01,1.680000000000000000e+02,3.260000000000000000e+02,1.680000000000000000e+02,3.280000000000000000e+02,0.000000000000000000e+00,-9.000000000000000000e+00,4.000000000000000000e+00
-1.000000000000000000e+00,1.600000000000000000e+01,1.600000000000000000e+01,2.470000000000000000e+02,3.330000000000000000e+02,2.160000000000000000e+02,3.280000000000000000e+02,1.250000000000000000e+02,2.000000000000000000e+01,4.000000000000000000e+00
-1.000000000000000000e+00,8.000000000000000000e+00,8.000000000000000000e+00,2.590000000000000000e+02,3.240000000000000000e+02,2.280000000000000000e+02,3.240000000000000000e+02,1.250000000000000000e+02,1.000000000000000000e+00,4.000000000000000000e+00
-1.000000000000000000e+00,8.000000000000000000e+00,8.000000000000000000e+00,2.670000000000000000e+02,3.240000000000000000e+02,2.360000000000000000e+02,3.240000000000000000e+02,1.250000000000000000e+02,1.000000000000000000e+00,4.000000000000000000e+00
-1.000000000000000000e+00,8.000000000000000000e+00,8.000000000000000000e+00,2.590000000000000000e+02,3.320000000000000000e+02,2.280000000000000000e+02,3.320000000000000000e+02,1.250000000000000000e+02,1.000000000000000000e+00,4.000000000000000000e+00
-1.000000000000000000e+00,8.000000000000000000e+00,8.000000000000000000e+00,2.670000000000000000e+02,3.320000000000000000e+02,2.360000000000000000e+02,3.320000000000000000e+02,1.250000000000000000e+02,1.000000000000000000e+00,4.000000000000000000e+00
-1.000000000000000000e+00,8.000000000000000000e+00,1.600000000000000000e+01,3.100000000000000000e+02,3.280000000000000000e+02,2.760000000000000000e+02,3.280000000000000000e+02,1.380000000000000000e+02,1.000000000000000000e+00,4.000000000000000000e+00
-1.000000000000000000e+00,8.000000000000000000e+00,1.600000000000000000e+01,3.140000000000000000e+02,3.280000000000000000e+02,2.840000000000000000e+02,3.280000000000000000e+02,1.220000000000000000e+02,0.000000000000000000e+00,4.000000000000000000e+00
-1.000000000000000000e+00,8.000000000000000000e+00,1.600000000000000000e+01,3.220000000000000000e+02,3.280000000000000000e+02,2.920000000000000000e+02,3.280000000000000000e+02,1.220000000000000000e+02,0.000000000000000000e+00,4.000000000000000000e+00
-1.000000000000000000e+00,8.000000000000000000e+00,1.600000000000000000e+01,3.300000000000000000e+02,3.280000000000000000e+02,3.000000000000000000e+02,3.280000000000000000e+02,1.220000000000000000e+02,0.000000000000000000e+00,4.000000000000000000e+00
-1.000000000000000000e+00,1.600000000000000000e+01,1.600000000000000000e+01,3.440000000000000000e+02,3.280000000000000000e+02,3.120000000000000000e+02,3.280000000000000000e+02,1.280000000000000000e+02,0.000000000000000000e+00,4.000000000000000000e+00
-1.000000000000000000e+00,1.600000000000000000e+01,1.600000000000000000e+01,3.580000000000000000e+02,3.280000000000000000e+02,3.280000000000000000e+02,3.280000000000000000e+02,1.220000000000000000e+02,0.000000000000000000e+00,4.000000000000000000e+00
-1.000000000000000000e+00,1.600000000000000000e+01,1.600000000000000000e+01,3.740000000000000000e+02,3.280000000000000000e+02,3.440000000000000000e+02,3.280000000000000000e+02,1.220000000000000000e+02,0.000000000000000000e+00,4.000000000000000000e+00
-1.000000000000000000e+00,1.600000000000000000e+01,1.600000000000000000e+01,3.860000000000000000e+02,3.280000000000000000e+02,3.600000000000000000e+02,3.280000000000000000e+02,1.040000000000000000e+02,0.000000000000000000e+00,4.000000000000000000e+00
-1.000000000000000000e+00,1.600000000000000000e+01,1.600000000000000000e+01,4.020000000000000000e+02,3.280000000000000000e+02,3.760000000000000000e+02,3.280000000000000000e+02,1.040000000000000000e+02,0.000000000000000000e+00,4.000000000000000000e+00
-1.000000000000000000e+00,1.600000000000000000e+01,1.600000000000000000e+01,4.340000000000000000e+02,3.290000000000000000e+02,4.080000000000000000e+02,3.280000000000000000e+02,1.040000000000000000e+02,4.000000000000000000e+00,4.000000000000000000e+00
-1.000000000000000000e+00,1.600000000000000000e+01,1.600000000000000000e+01,4.500000000000000000e+02,3.290000000000000000e+02,4.240000000000000000e+02,3.280000000000000000e+02,1.040000000000000000e+02,4.000000000000000000e+00,4.000000000000000000e+00
-1.000000000000000000e+00,1.600000000000000000e+01,1.600000000000000000e+01,4.680000000000000000e+02,3.280000000000000000e+02,4.400000000000000000e+02,3.280000000000000000e+02,1.130000000000000000e+02,0.000000000000000000e+00,4.000000000000000000e+00
-1.000000000000000000e+00,1.600000000000000000e+01,1.600000000000000000e+01,4.840000000000000000e+02,3.280000000000000000e+02,4.560000000000000000e+02,3.280000000000000000e+02,1.130000000000000000e+02,0.000000000000000000e+00,4.000000000000000000e+00
-1.000000000000000000e+00,1.600000000000000000e+01,1.600000000000000000e+01,5.020000000000000000e+02,3.280000000000000000e+02,4.720000000000000000e+02,3.280000000000000000e+02,1.200000000000000000e+02,-2.000000000000000000e+00,4.000000000000000000e+00
-1.000000000000000000e+00,1.600000000000000000e+01,1.600000000000000000e+01,5.290000000000000000e+02,3.280000000000000000e+02,5.040000000000000000e+02,3.280000000000000000e+02,1.000000000000000000e+02,-3.000000000000000000e+00,4.000000000000000000e+00
-1.000000000000000000e+00,8.000000000000000000e+00,1.600000000000000000e+01,5.410000000000000000e+02,3.280000000000000000e+02,5.160000000000000000e+02,3.280000000000000000e+02,1.000000000000000000e+02,-3.000000000000000000e+00,4.000000000000000000e+00
-1.000000000000000000e+00,8.000000000000000000e+00,1.600000000000000000e+01,5.480000000000000000e+02,3.270000000000000000e+02,5.240000000000000000e+02,3.280000000000000000e+02,9.800000000000000000e+01,-5.000000000000000000e+00,4.000000000000000000e+00
-1.000000000000000000e+00,1.600000000000000000e+01,1.600000000000000000e+01,5.610000000000000000e+02,3.280000000000000000e+02,5.360000000000000000e+02,3.280000000000000000e+02,1.000000000000000000e+02,-1.000000000000000000e+00,4.000000000000000000e+00
-1.000000000000000000e+00,8.000000000000000000e+00,1.600000000000000000e+01,5.710000000000000000e+02,3.280000000000000000e+02,5.480000000000000000e+02,3.280000000000000000e+02,9.500000000000000000e+01,-3.000000000000000000e+00,4.000000000000000000e+00
-1.000000000000000000e+00,8.000000000000000000e+00,1.600000000000000000e+01,5.800000000000000000e+02,3.270000000000000000e+02,5.560000000000000000e+02,3.280000000000000000e+02,9.700000000000000000e+01,-5.000000000000000000e+00,4.000000000000000000e+00
-1.000000000000000000e+00,1.600000000000000000e+01,8.000000000000000000e+00,5.940000000000000000e+02,3.230000000000000000e+02,6.000000000000000000e+02,3.240000000000000000e+02,-2.500000000000000000e+01,-7.000000000000000000e+00,4.000000000000000000e+00
-1.000000000000000000e+00,1.600000000000000000e+01,8.000000000000000000e+00,5.910000000000000000e+02,3.310000000000000000e+02,6.000000000000000000e+02,3.320000000000000000e+02,-3.700000000000000000e+01,-7.000000000000000000e+00,4.000000000000000000e+00
-1.000000000000000000e+00,1.600000000000000000e+01,1.600000000000000000e+01,6.130000000000000000e+02,3.270000000000000000e+02,6.160000000000000000e+02,3.280000000000000000e+02,-1.500000000000000000e+01,-7.000000000000000000e+00,4.000000000000000000e+00
-1.000000000000000000e+00,8.000000000000000000e+00,1.600000000000000000e+01,7.030000000000000000e+02,3.280000000000000000e+02,6.760000000000000000e+02,3.280000000000000000e+02,1.110000000000000000e+02,0.000000000000000000e+00,4.000000000000000000e+00
-1.000000000000000000e+00,8.000000000000000000e+00,1.600000000000000000e+01,7.100000000000000000e+02,3.270000000000000000e+02,6.840000000000000000e+02,3.280000000000000000e+02,1.040000000000000000e+02,-5.000000000000000000e+00,4.000000000000000000e+00
-1.000000000000000000e+00,8.000000000000000000e+00,1.600000000000000000e+01,7.170000000000000000e+02,3.270000000000000000e+02,6.920000000000000000e+02,3.280000000000000000e+02,1.020000000000000000e+02,-5.000000000000000000e+00,4.000000000000000000e+00
-1.000000000000000000e+00,8.000000000000000000e+00,1.600000000000000000e+01,7.220000000000000000e+02,3.280000000000000000e+02,7.000000000000000000e+02,3.280000000000000000e+02,8.800000000000000000e+01,-2.000000000000000000e+00,4.000000000000000000e+00
-1.000000000000000000e+00,1.600000000000000000e+01,1.600000000000000000e+01,7.370000000000000000e+02,3.280000000000000000e+02,7.120000000000000000e+02,3.280000000000000000e+02,1.000000000000000000e+02,0.000000000000000000e+00,4.000000000000000000e+00
-1.000000000000000000e+00,1.600000000000000000e+01,1.600000000000000000e+01,7.530000000000000000e+02,3.280000000000000000e+02,7.280000000000000000e+02,3.280000000000000000e+02,1.000000000000000000e+02,0.000000000000000000e+00,4.000000000000000000e+00
-1.000000000000000000e+00,1.600000000000000000e+01,1.600000000000000000e+01,7.690000000000000000e+02,3.280000000000000000e+02,7.440000000000000000e+02,3.280000000000000000e+02,1.000000000000000000e+02,0.000000000000000000e+00,4.000000000000000000e+00
-1.000000000000000000e+00,1.600000000000000000e+01,1.600000000000000000e+01,8.020000000000000000e+02,3.300000000000000000e+02,7.760000000000000000e+02,3.280000000000000000e+02,1.060000000000000000e+02,8.000000000000000000e+00,4.000000000000000000e+00
-1.000000000000000000e+00,1.600000000000000000e+01,1.600000000000000000e+01,8.180000000000000000e+02,3.300000000000000000e+02,7.920000000000000000e+02,3.280000000000000000e+02,1.060000000000000000e+02,8.000000000000000000e+00,4.000000000000000000e+00
-1.000000000000000000e+00,1.600000000000000000e+01,1.600000000000000000e+01,8.560000000000000000e+02,3.280000000000000000e+02,8.080000000000000000e+02,3.280000000000000000e+02,1.940000000000000000e+02,-2.000000000000000000e+00,4.000000000000000000e+00
-1.000000000000000000e+00,1.600000000000000000e+01,1.600000000000000000e+01,8.750000000000000000e+02,3.280000000000000000e+02,8.560000000000000000e+02,3.280000000000000000e+02,7.700000000000000000e+01,-2.000000000000000000e+00,4.000000000000000000e+00
-1.000000000000000000e+00,1.600000000000000000e+01,1.600000000000000000e+01,8.910000000000000000e+02,3.280000000000000000e+02,8.720000000000000000e+02,3.280000000000000000e+02,7.700000000000000000e+01,-2.000000000000000000e+00,4.000000000000000000e+00
-1.000000000000000000e+00,1.600000000000000000e+01,1.600000000000000000e+01,9.070000000000000000e+02,3.280000000000000000e+02,8.880000000000000000e+02,3.280000000000000000e+02,7.700000000000000000e+01,-2.000000000000000000e+00,4.000000000000000000e+00
-1.000000000000000000e+00,1.600000000000000000e+01,1.600000000000000000e+01,9.230000000000000000e+02,3.280000000000000000e+02,9.040000000000000000e+02,3.280000000000000000e+02,7.800000000000000000e+01,-2.000000000000000000e+00,4.000000000000000000e+00
-1.000000000000000000e+00,8.000000000000000000e+00,1.600000000000000000e+01,9.340000000000000000e+02,3.280000000000000000e+02,9.160000000000000000e+02,3.280000000000000000e+02,7.200000000000000000e+01,-3.000000000000000000e+00,4.000000000000000000e+00
-1.000000000000000000e+00,8.000000000000000000e+00,1.600000000000000000e+01,9.420000000000000000e+02,3.280000000000000000e+02,9.240000000000000000e+02,3.280000000000000000e+02,7.500000000000000000e+01,-2.000000000000000000e+00,4.000000000000000000e+00
-1.000000000000000000e+00,1.600000000000000000e+01,1.600000000000000000e+01,9.540000000000000000e+02,3.280000000000000000e+02,9.360000000000000000e+02,3.280000000000000000e+02,7.300000000000000000e+01,-2.000000000000000000e+00,4.000000000000000000e+00
-1.000000000000000000e+00,8.000000000000000000e+00,1.600000000000000000e+01,9.670000000000000000e+02,3.280000000000000000e+02,9.480000000000000000e+02,3.280000000000000000e+02,7.600000000000000000e+01,-2.000000000000000000e+00,4.000000000000000000e+00
-1.000000000000000000e+00,8.000000000000000000e+00,1.600000000000000000e+01,9.740000000000000000e+02,3.280000000000000000e+02,9.560000000000000000e+02,3.280000000000000000e+02,7.300000000000000000e+01,-3.000000000000000000e+00,4.000000000000000000e+00
-1.000000000000000000e+00,8.000000000000000000e+00,1.600000000000000000e+01,9.820000000000000000e+02,3.280000000000000000e+02,9.640000000000000000e+02,3.280000000000000000e+02,7.500000000000000000e+01,-2.000000000000000000e+00,4.000000000000000000e+00
-1.000000000000000000e+00,8.000000000000000000e+00,1.600000000000000000e+01,9.900000000000000000e+02,3.270000000000000000e+02,9.720000000000000000e+02,3.280000000000000000e+02,7.200000000000000000e+01,-4.000000000000000000e+00,4.000000000000000000e+00
-1.000000000000000000e+00,1.600000000000000000e+01,8.000000000000000000e+00,1.001000000000000000e+03,3.240000000000000000e+02,9.840000000000000000e+02,3.240000000000000000e+02,7.100000000000000000e+01,-3.000000000000000000e+00,4.000000000000000000e+00
-1.000000000000000000e+00,1.600000000000000000e+01,8.000000000000000000e+00,1.002000000000000000e+03,3.320000000000000000e+02,9.840000000000000000e+02,3.320000000000000000e+02,7.300000000000000000e+01,-2.000000000000000000e+00,4.000000000000000000e+00
-1.000000000000000000e+00,1.600000000000000000e+01,1.600000000000000000e+01,1.017000000000000000e+03,3.270000000000000000e+02,1.000000000000000000e+03,3.280000000000000000e+02,7.100000000000000000e+01,-4.000000000000000000e+00,4.000000000000000000e+00
-1.000000000000000000e+00,8.000000000000000000e+00,1.600000000000000000e+01,1.029000000000000000e+03,3.270000000000000000e+02,1.012000000000000000e+03,3.280000000000000000e+02,7.100000000000000000e+01,-4.000000000000000000e+00,4.000000000000000000e+00
-1.000000000000000000e+00,8.000000000000000000e+00,1.600000000000000000e+01,1.037000000000000000e+03,3.270000000000000000e+02,1.020000000000000000e+03,3.280000000000000000e+02,7.000000000000000000e+01,-4.000000000000000000e+00,4.000000000000000000e+00
-1.000000000000000000e+00,1.600000000000000000e+01,1.600000000000000000e+01,1.049000000000000000e+03,3.280000000000000000e+02,1.032000000000000000e+03,3.280000000000000000e+02,7.100000000000000000e+01,-3.000000000000000000e+00,4.000000000000000000e+00
-1.000000000000000000e+00,1.600000000000000000e+01,1.600000000000000000e+01,1.065000000000000000e+03,3.280000000000000000e+02,1.048000000000000000e+03,3.280000000000000000e+02,7.100000000000000000e+01,0.000000000000000000e+00,4.000000000000000000e+00
-1.000000000000000000e+00,1.600000000000000000e+01,1.600000000000000000e+01,1.082000000000000000e+03,3.280000000000000000e+02,1.064000000000000000e+03,3.280000000000000000e+02,7.300000000000000000e+01,3.000000000000000000e+00,4.000000000000000000e+00
-1.000000000000000000e+00,1.600000000000000000e+01,1.600000000000000000e+01,1.123000000000000000e+03,3.290000000000000000e+02,1.112000000000000000e+03,3.280000000000000000e+02,4.400000000000000000e+01,4.000000000000000000e+00,4.000000000000000000e+00
-1.000000000000000000e+00,1.600000000000000000e+01,1.600000000000000000e+01,1.139000000000000000e+03,3.290000000000000000e+02,1.128000000000000000e+03,3.280000000000000000e+02,4.400000000000000000e+01,4.000000000000000000e+00,4.000000000000000000e+00
-1.000000000000000000e+00,1.600000000000000000e+01,1.600000000000000000e+01,1.159000000000000000e+03,3.290000000000000000e+02,1.144000000000000000e+03,3.280000000000000000e+02,6.000000000000000000e+01,4.000000000000000000e+00,4.000000000000000000e+00
-1.000000000000000000e+00,1.600000000000000000e+01,1.600000000000000000e+01,1.175000000000000000e+03,3.290000000000000000e+02,1.160000000000000000e+03,3.280000000000000000e+02,6.000000000000000000e+01,4.000000000000000000e+00,4.000000000000000000e+00
-1.000000000000000000e+00,1.600000000000000000e+01,8.000000000000000000e+00,1.189000000000000000e+03,3.240000000000000000e+02,1.176000000000000000e+03,3.240000000000000000e+02,5.300000000000000000e+01,2.000000000000000000e+00,4.000000000000000000e+00
-1.000000000000000000e+00,1.600000000000000000e+01,8.000000000000000000e+00,1.191000000000000000e+03,3.330000000000000000e+02,1.176000000000000000e+03,3.320000000000000000e+02,6.000000000000000000e+01,4.000000000000000000e+00,4.000000000000000000e+00
-1.000000000000000000e+00,1.600000000000000000e+01,1.600000000000000000e+01,1.207000000000000000e+03,3.280000000000000000e+02,1.192000000000000000e+03,3.280000000000000000e+02,6.300000000000000000e+01,0.000000000000000000e+00,4.000000000000000000e+00
-1.000000000000000000e+00,1.600000000000000000e+01,1.600000000000000000e+01,1.223000000000000000e+03,3.280000000000000000e+02,1.208000000000000000e+03,3.280000000000000000e+02,6.300000000000000000e+01,-1.000000000000000000e+00,4.000000000000000000e+00
-1.000000000000000000e+00,1.600000000000000000e+01,1.600000000000000000e+01,1.240000000000000000e+03,3.280000000000000000e+02,1.224000000000000000e+03,3.280000000000000000e+02,6.700000000000000000e+01,0.000000000000000000e+00,4.000000000000000000e+00
-1.000000000000000000e+00,1.600000000000000000e+01,1.600000000000000000e+01,1.257000000000000000e+03,3.280000000000000000e+02,1.240000000000000000e+03,3.280000000000000000e+02,6.900000000000000000e+01,0.000000000000000000e+00,4.000000000000000000e+00
-1.000000000000000000e+00,8.000000000000000000e+00,1.600000000000000000e+01,1.269000000000000000e+03,3.280000000000000000e+02,1.252000000000000000e+03,3.280000000000000000e+02,6.900000000000000000e+01,0.000000000000000000e+00,4.000000000000000000e+00
-1.000000000000000000e+00,8.000000000000000000e+00,1.600000000000000000e+01,1.275000000000000000e+03,3.280000000000000000e+02,1.260000000000000000e+03,3.280000000000000000e+02,6.200000000000000000e+01,-1.000000000000000000e+00,4.000000000000000000e+00
-1.000000000000000000e+00,8.000000000000000000e+00,1.600000000000000000e+01,1.283000000000000000e+03,3.270000000000000000e+02,1.268000000000000000e+03,3.280000000000000000e+02,6.200000000000000000e+01,-4.000000000000000000e+00,4.000000000000000000e+00
-1.000000000000000000e+00,8.000000000000000000e+00,1.600000000000000000e+01,1.291000000000000000e+03,3.120000000000000000e+02,1.276000000000000000e+03,3.280000000000000000e+02,6.200000000000000000e+01,-6.500000000000000000e+01,4.000000000000000000e+00
-1.000000000000000000e+00,1.600000000000000000e+01,1.600000000000000000e+01,7.900000000000000000e+01,3.430000000000000000e+02,4.000000000000000000e+01,3.440000000000000000e+02,1.570000000000000000e+02,-7.000000000000000000e+00,4.000000000000000000e+00
-1.000000000000000000e+00,1.600000000000000000e+01,1.600000000000000000e+01,9.300000000000000000e+01,3.440000000000000000e+02,5.600000000000000000e+01,3.440000000000000000e+02,1.500000000000000000e+02,0.000000000000000000e+00,4.000000000000000000e+00
-1.000000000000000000e+00,1.600000000000000000e+01,1.600000000000000000e+01,1.090000000000000000e+02,3.440000000000000000e+02,7.200000000000000000e+01,3.440000000000000000e+02,1.500000000000000000e+02,0.000000000000000000e+00,4.000000000000000000e+00
-1.000000000000000000e+00,1.600000000000000000e+01,1.600000000000000000e+01,1.260000000000000000e+02,3.440000000000000000e+02,8.800000000000000000e+01,3.440000000000000000e+02,1.530000000000000000e+02,0.000000000000000000e+00,4.000000000000000000e+00
-1.000000000000000000e+00,1.600000000000000000e+01,1.600000000000000000e+01,1.420000000000000000e+02,3.440000000000000000e+02,1.040000000000000000e+02,3.440000000000000000e+02,1.530000000000000000e+02,0.000000000000000000e+00,4.000000000000000000e+00
-1.000000000000000000e+00,1.600000000000000000e+01,1.600000000000000000e+01,1.670000000000000000e+02,3.410000000000000000e+02,1.360000000000000000e+02,3.440000000000000000e+02,1.240000000000000000e+02,-1.200000000000000000e+01,4.000000000000000000e+00
-1.000000000000000000e+00,1.600000000000000000e+01,1.600000000000000000e+01,1.830000000000000000e+02,3.410000000000000000e+02,1.520000000000000000e+02,3.440000000000000000e+02,1.240000000000000000e+02,-1.200000000000000000e+01,4.000000000000000000e+00
-1.000000000000000000e+00,1.600000000000000000e+01,1.600000000000000000e+01,1.680000000000000000e+02,3.420000000000000000e+02,1.680000000000000000e+02,3.440000000000000000e+02,0.000000000000000000e+00,-9.000000000000000000e+00,4.000000000000000000e+00
-1.000000000000000000e+00,1.600000000000000000e+01,1.600000000000000000e+01,1.840000000000000000e+02,3.420000000000000000e+02,1.840000000000000000e+02,3.440000000000000000e+02,0.000000000000000000e+00,-9.000000000000000000e+00,4.000000000000000000e+00
-1.000000000000000000e+00,1.600000000000000000e+01,1.600000000000000000e+01,2.320000000000000000e+02,3.440000000000000000e+02,2.000000000000000000e+02,3.440000000000000000e+02,1.280000000000000000e+02,0.000000000000000000e+00,4.000000000000000000e+00
-1.000000000000000000e+00,1.600000000000000000e+01,1.600000000000000000e+01,2.470000000000000000e+02,3.440000000000000000e+02,2.160000000000000000e+02,3.440000000000000000e+02,1.250000000000000000e+02,1.000000000000000000e+00,4.000000000000000000e+00
-1.000000000000000000e+00,1.600000000000000000e+01,1.600000000000000000e+01,2.630000000000000000e+02,3.440000000000000000e+02,2.320000000000000000e+02,3.440000000000000000e+02,1.250000000000000000e+02,1.000000000000000000e+00,4.000000000000000000e+00
-1.000000000000000000e+00,1.600000000000000000e+01,1.600000000000000000e+01,2.790000000000000000e+02,3.440000000000000000e+02,2.480000000000000000e+02,3.440000000000000000e+02,1.250000000000000000e+02,1.000000000000000000e+00,4.000000000000000000e+00
-1.000000000000000000e+00,1.600000000000000000e+01,1.600000000000000000e+01,3.050000000000000000e+02,3.440000000000000000e+02,2.640000000000000000e+02,3.440000000000000000e+02,1.660000000000000000e+02,1.000000000000000000e+00,4.000000000000000000e+00
-1.000000000000000000e+00,1.600000000000000000e+01,1.600000000000000000e+01,3.140000000000000000e+02,3.440000000000000000e+02,2.800000000000000000e+02,3.440000000000000000e+02,1.380000000000000000e+02,1.000000000000000000e+00,4.000000000000000000e+00
-1.000000000000000000e+00,1.600000000000000000e+01,1.600000000000000000e+01,3.440000000000000000e+02,3.430000000000000000e+02,2.960000000000000000e+02,3.440000000000000000e+02,1.920000000000000000e+02,-4.000000000000000000e+00,4.000000000000000000e+00
-1.000000000000000000e+00,1.600000000000000000e+01,1.600000000000000000e+01,3.440000000000000000e+02,3.440000000000000000e+02,3.120000000000000000e+02,3.440000000000000000e+02,1.280000000000000000e+02,0.000000000000000000e+00,4.000000000000000000e+00
-1.000000000000000000e+00,1.600000000000000000e+01,1.600000000000000000e+01,3.700000000000000000e+02,3.440000000000000000e+02,3.440000000000000000e+02,3.440000000000000000e+02,1.040000000000000000e+02,0.000000000000000000e+00,4.000000000000000000e+00
-1.000000000000000000e+00,1.600000000000000000e+01,1.600000000000000000e+01,3.860000000000000000e+02,3.440000000000000000e+02,3.600000000000000000e+02,3.440000000000000000e+02,1.040000000000000000e+02,0.000000000000000000e+00,4.000000000000000000e+00
-1.000000000000000000e+00,1.600000000000000000e+01,1.600000000000000000e+01,4.180000000000000000e+02,3.450000000000000000e+02,3.920000000000000000e+02,3.440000000000000000e+02,1.040000000000000000e+02,4.000000000000000000e+00,4.000000000000000000e+00
-1.000000000000000000e+00,1.600000000000000000e+01,1.600000000000000000e+01,4.340000000000000000e+02,3.450000000000000000e+02,4.080000000000000000e+02,3.440000000000000000e+02,1.040000000000000000e+02,4.000000000000000000e+00,4.000000000000000000e+00
-1.000000000000000000e+00,1.600000000000000000e+01,1.600000000000000000e+01,4.660000000000000000e+02,3.440000000000000000e+02,4.400000000000000000e+02,3.440000000000000000e+02,1.040000000000000000e+02,0.000000000000000000e+00,4.000000000000000000e+00
-1.000000000000000000e+00,1.600000000000000000e+01,1.600000000000000000e+01,4.840000000000000000e+02,3.440000000000000000e+02,4.560000000000000000e+02,3.440000000000000000e+02,1.130000000000000000e+02,0.000000000000000000e+00,4.000000000000000000e+00
-1.000000000000000000e+00,1.600000000000000000e+01,1.600000000000000000e+01,5.000000000000000000e+02,3.440000000000000000e+02,4.720000000000000000e+02,3.440000000000000000e+02,1.130000000000000000e+02,0.000000000000000000e+00,4.000000000000000000e+00
-1.000000000000000000e+00,1.600000000000000000e+01,1.600000000000000000e+01,5.130000000000000000e+02,3.440000000000000000e+02,4.880000000000000000e+02,3.440000000000000000e+02,1.000000000000000000e+02,0.000000000000000000e+00,4.000000000000000000e+00
-1.000000000000000000e+00,1.600000000000000000e+01,1.600000000000000000e+01,5.290000000000000000e+02,3.440000000000000000e+02,5.040000000000000000e+02,3.440000000000000000e+02,1.000000000000000000e+02,-3.000000000000000000e+00,4.000000000000000000e+00
-1.000000000000000000e+00,1.600000000000000000e+01,1.600000000000000000e+01,5.450000000000000000e+02,3.440000000000000000e+02,5.200000000000000000e+02,3.440000000000000000e+02,1.000000000000000000e+02,-3.000000000000000000e+00,4.000000000000000000e+00
-1.000000000000000000e+00,1.600000000000000000e+01,1.600000000000000000e+01,6.130000000000000000e+02,3.500000000000000000e+02,6.160000000000000000e+02,3.440000000000000000e+02,-1.500000000000000000e+01,2.500000000000000000e+01,4.000000000000000000e+00
-1.000000000000000000e+00,1.600000000000000000e+01,1.600000000000000000e+01,7.210000000000000000e+02,3.440000000000000000e+02,6.960000000000000000e+02,3.440000000000000000e+02,1.000000000000000000e+02,0.000000000000000000e+00,4.000000000000000000e+00
-1.000000000000000000e+00,1.600000000000000000e+01,1.600000000000000000e+01,7.360000000000000000e+02,3.430000000000000000e+02,7.120000000000000000e+02,3.440000000000000000e+02,9.800000000000000000e+01,-4.000000000000000000e+00,4.000000000000000000e+00
-1.000000000000000000e+00,1.600000000000000000e+01,1.600000000000000000e+01,7.520000000000000000e+02,3.440000000000000000e+02,7.280000000000000000e+02,3.440000000000000000e+02,9.800000000000000000e+01,-3.000000000000000000e+00,4.000000000000000000e+00
-1.000000000000000000e+00,1.600000000000000000e+01,1.600000000000000000e+01,7.680000000000000000e+02,3.450000000000000000e+02,7.440000000000000000e+02,3.440000000000000000e+02,9.900000000000000000e+01,5.000000000000000000e+00,4.000000000000000000e+00
-1.000000000000000000e+00,1.600000000000000000e+01,1.600000000000000000e+01,7.840000000000000000e+02,3.420000000000000000e+02,7.600000000000000000e+02,3.440000000000000000e+02,9.700000000000000000e+01,-9.000000000000000000e+00,4.000000000000000000e+00
-1.000000000000000000e+00,1.600000000000000000e+01,1.600000000000000000e+01,8.050000000000000000e+02,3.420000000000000000e+02,7.760000000000000000e+02,3.440000000000000000e+02,1.180000000000000000e+02,-8.000000000000000000e+00,4.000000000000000000e+00
-1.000000000000000000e+00,1.600000000000000000e+01,1.600000000000000000e+01,8.150000000000000000e+02,3.430000000000000000e+02,7.920000000000000000e+02,3.440000000000000000e+02,9.400000000000000000e+01,-5.000000000000000000e+00,4.000000000000000000e+00
-1.000000000000000000e+00,1.600000000000000000e+01,1.600000000000000000e+01,8.310000000000000000e+02,3.430000000000000000e+02,8.080000000000000000e+02,3.440000000000000000e+02,9.400000000000000000e+01,-6.000000000000000000e+00,4.000000000000000000e+00
-1.000000000000000000e+00,1.600000000000000000e+01,1.600000000000000000e+01,8.750000000000000000e+02,3.440000000000000000e+02,8.560000000000000000e+02,3.440000000000000000e+02,7.700000000000000000e+01,-2.000000000000000000e+00,4.000000000000000000e+00
-1.000000000000000000e+00,1.600000000000000000e+01,1.600000000000000000e+01,8.910000000000000000e+02,3.440000000000000000e+02,8.720000000000000000e+02,3.440000000000000000e+02,7.700000000000000000e+01,-2.000000000000000000e+00,4.000000000000000000e+00
-1.000000000000000000e+00,1.600000000000000000e+01,1.600000000000000000e+01,9.070000000000000000e+02,3.440000000000000000e+02,8.880000000000000000e+02,3.440000000000000000e+02,7.700000000000000000e+01,-2.000000000000000000e+00,4.000000000000000000e+00
-1.000000000000000000e+00,1.600000000000000000e+01,1.600000000000000000e+01,9.230000000000000000e+02,3.440000000000000000e+02,9.040000000000000000e+02,3.440000000000000000e+02,7.700000000000000000e+01,-2.000000000000000000e+00,4.000000000000000000e+00
-1.000000000000000000e+00,1.600000000000000000e+01,1.600000000000000000e+01,9.370000000000000000e+02,3.440000000000000000e+02,9.200000000000000000e+02,3.440000000000000000e+02,7.100000000000000000e+01,-2.000000000000000000e+00,4.000000000000000000e+00
-1.000000000000000000e+00,1.600000000000000000e+01,1.600000000000000000e+01,9.540000000000000000e+02,3.440000000000000000e+02,9.360000000000000000e+02,3.440000000000000000e+02,7.300000000000000000e+01,-2.000000000000000000e+00,4.000000000000000000e+00
-1.000000000000000000e+00,8.000000000000000000e+00,1.600000000000000000e+01,9.660000000000000000e+02,3.430000000000000000e+02,9.480000000000000000e+02,3.440000000000000000e+02,7.500000000000000000e+01,-5.000000000000000000e+00,4.000000000000000000e+00
-1.000000000000000000e+00,8.000000000000000000e+00,1.600000000000000000e+01,9.730000000000000000e+02,3.440000000000000000e+02,9.560000000000000000e+02,3.440000000000000000e+02,7.100000000000000000e+01,-2.000000000000000000e+00,4.000000000000000000e+00
-1.000000000000000000e+00,8.000000000000000000e+00,1.600000000000000000e+01,9.820000000000000000e+02,3.440000000000000000e+02,9.640000000000000000e+02,3.440000000000000000e+02,7.300000000000000000e+01,-1.000000000000000000e+00,4.000000000000000000e+00
-1.000000000000000000e+00,8.000000000000000000e+00,1.600000000000000000e+01,9.900000000000000000e+02,3.430000000000000000e+02,9.720000000000000000e+02,3.440000000000000000e+02,7.300000000000000000e+01,-5.000000000000000000e+00,4.000000000000000000e+00
-1.000000000000000000e+00,1.600000000000000000e+01,1.600000000000000000e+01,1.002000000000000000e+03,3.440000000000000000e+02,9.840000000000000000e+02,3.440000000000000000e+02,7.300000000000000000e+01,-3.000000000000000000e+00,4.000000000000000000e+00
-1.000000000000000000e+00,1.600000000000000000e+01,1.600000000000000000e+01,1.018000000000000000e+03,3.440000000000000000e+02,1.000000000000000000e+03,3.440000000000000000e+02,7.200000000000000000e+01,-3.000000000000000000e+00,4.000000000000000000e+00
-1.000000000000000000e+00,1.600000000000000000e+01,1.600000000000000000e+01,1.034000000000000000e+03,3.440000000000000000e+02,1.016000000000000000e+03,3.440000000000000000e+02,7.300000000000000000e+01,-2.000000000000000000e+00,4.000000000000000000e+00
-1.000000000000000000e+00,8.000000000000000000e+00,1.600000000000000000e+01,1.046000000000000000e+03,3.440000000000000000e+02,1.028000000000000000e+03,3.440000000000000000e+02,7.300000000000000000e+01,-3.000000000000000000e+00,4.000000000000000000e+00
-1.000000000000000000e+00,8.000000000000000000e+00,1.600000000000000000e+01,1.053000000000000000e+03,3.440000000000000000e+02,1.036000000000000000e+03,3.440000000000000000e+02,7.100000000000000000e+01,0.000000000000000000e+00,4.000000000000000000e+00
-1.000000000000000000e+00,1.600000000000000000e+01,1.600000000000000000e+01,1.065000000000000000e+03,3.440000000000000000e+02,1.048000000000000000e+03,3.440000000000000000e+02,7.100000000000000000e+01,-1.000000000000000000e+00,4.000000000000000000e+00
-1.000000000000000000e+00,1.600000000000000000e+01,1.600000000000000000e+01,1.082000000000000000e+03,3.440000000000000000e+02,1.064000000000000000e+03,3.440000000000000000e+02,7.500000000000000000e+01,3.000000000000000000e+00,4.000000000000000000e+00
-1.000000000000000000e+00,1.600000000000000000e+01,1.600000000000000000e+01,1.099000000000000000e+03,3.440000000000000000e+02,1.080000000000000000e+03,3.440000000000000000e+02,7.900000000000000000e+01,1.000000000000000000e+00,4.000000000000000000e+00
-1.000000000000000000e+00,1.600000000000000000e+01,1.600000000000000000e+01,1.115000000000000000e+03,3.440000000000000000e+02,1.096000000000000000e+03,3.440000000000000000e+02,7.600000000000000000e+01,0.000000000000000000e+00,4.000000000000000000e+00
-1.000000000000000000e+00,1.600000000000000000e+01,1.600000000000000000e+01,1.131000000000000000e+03,3.440000000000000000e+02,1.112000000000000000e+03,3.440000000000000000e+02,7.600000000000000000e+01,0.000000000000000000e+00,4.000000000000000000e+00
-1.000000000000000000e+00,1.600000000000000000e+01,1.600000000000000000e+01,1.143000000000000000e+03,3.440000000000000000e+02,1.128000000000000000e+03,3.440000000000000000e+02,6.000000000000000000e+01,0.000000000000000000e+00,4.000000000000000000e+00
-1.000000000000000000e+00,1.600000000000000000e+01,1.600000000000000000e+01,1.159000000000000000e+03,3.440000000000000000e+02,1.144000000000000000e+03,3.440000000000000000e+02,6.000000000000000000e+01,0.000000000000000000e+00,4.000000000000000000e+00
-1.000000000000000000e+00,1.600000000000000000e+01,1.600000000000000000e+01,1.175000000000000000e+03,3.440000000000000000e+02,1.160000000000000000e+03,3.440000000000000000e+02,6.000000000000000000e+01,0.000000000000000000e+00,4.000000000000000000e+00
-1.000000000000000000e+00,1.600000000000000000e+01,1.600000000000000000e+01,1.191000000000000000e+03,3.440000000000000000e+02,1.176000000000000000e+03,3.440000000000000000e+02,6.000000000000000000e+01,1.000000000000000000e+00,4.000000000000000000e+00
-1.000000000000000000e+00,1.600000000000000000e+01,1.600000000000000000e+01,1.207000000000000000e+03,3.440000000000000000e+02,1.192000000000000000e+03,3.440000000000000000e+02,6.300000000000000000e+01,1.000000000000000000e+00,4.000000000000000000e+00
-1.000000000000000000e+00,1.600000000000000000e+01,1.600000000000000000e+01,1.223000000000000000e+03,3.440000000000000000e+02,1.208000000000000000e+03,3.440000000000000000e+02,6.300000000000000000e+01,-2.000000000000000000e+00,4.000000000000000000e+00
-1.000000000000000000e+00,1.600000000000000000e+01,1.600000000000000000e+01,1.241000000000000000e+03,3.440000000000000000e+02,1.224000000000000000e+03,3.440000000000000000e+02,6.800000000000000000e+01,-1.000000000000000000e+00,4.000000000000000000e+00
-1.000000000000000000e+00,1.600000000000000000e+01,1.600000000000000000e+01,1.259000000000000000e+03,3.440000000000000000e+02,1.240000000000000000e+03,3.440000000000000000e+02,7.900000000000000000e+01,0.000000000000000000e+00,4.000000000000000000e+00
-1.000000000000000000e+00,1.600000000000000000e+01,8.000000000000000000e+00,1.273000000000000000e+03,3.400000000000000000e+02,1.256000000000000000e+03,3.400000000000000000e+02,6.900000000000000000e+01,-1.000000000000000000e+00,4.000000000000000000e+00
-1.000000000000000000e+00,1.600000000000000000e+01,8.000000000000000000e+00,1.275000000000000000e+03,3.480000000000000000e+02,1.256000000000000000e+03,3.480000000000000000e+02,7.900000000000000000e+01,0.000000000000000000e+00,4.000000000000000000e+00
-1.000000000000000000e+00,8.000000000000000000e+00,8.000000000000000000e+00,1.283000000000000000e+03,3.400000000000000000e+02,1.268000000000000000e+03,3.400000000000000000e+02,6.200000000000000000e+01,-3.000000000000000000e+00,4.000000000000000000e+00
-1.000000000000000000e+00,8.000000000000000000e+00,8.000000000000000000e+00,1.291000000000000000e+03,3.390000000000000000e+02,1.276000000000000000e+03,3.400000000000000000e+02,6.200000000000000000e+01,-6.000000000000000000e+00,4.000000000000000000e+00
-1.000000000000000000e+00,8.000000000000000000e+00,8.000000000000000000e+00,1.283000000000000000e+03,3.470000000000000000e+02,1.268000000000000000e+03,3.480000000000000000e+02,6.200000000000000000e+01,-4.000000000000000000e+00,4.000000000000000000e+00
-1.000000000000000000e+00,8.000000000000000000e+00,8.000000000000000000e+00,1.291000000000000000e+03,3.470000000000000000e+02,1.276000000000000000e+03,3.480000000000000000e+02,6.200000000000000000e+01,-7.000000000000000000e+00,4.000000000000000000e+00
-1.000000000000000000e+00,1.600000000000000000e+01,1.600000000000000000e+01,6.400000000000000000e+01,3.580000000000000000e+02,2.400000000000000000e+01,3.600000000000000000e+02,1.620000000000000000e+02,-1.000000000000000000e+01,4.000000000000000000e+00
-1.000000000000000000e+00,1.600000000000000000e+01,1.600000000000000000e+01,7.900000000000000000e+01,3.580000000000000000e+02,4.000000000000000000e+01,3.600000000000000000e+02,1.590000000000000000e+02,-1.000000000000000000e+01,4.000000000000000000e+00
-1.000000000000000000e+00,1.600000000000000000e+01,1.600000000000000000e+01,9.500000000000000000e+01,3.580000000000000000e+02,5.600000000000000000e+01,3.600000000000000000e+02,1.580000000000000000e+02,-1.000000000000000000e+01,4.000000000000000000e+00
-1.000000000000000000e+00,1.600000000000000000e+01,1.600000000000000000e+01,1.120000000000000000e+02,3.580000000000000000e+02,7.200000000000000000e+01,3.600000000000000000e+02,1.610000000000000000e+02,-8.000000000000000000e+00,4.000000000000000000e+00
-1.000000000000000000e+00,1.600000000000000000e+01,1.600000000000000000e+01,2.120000000000000000e+02,3.580000000000000000e+02,1.680000000000000000e+02,3.600000000000000000e+02,1.760000000000000000e+02,-9.000000000000000000e+00,4.000000000000000000e+00
-1.000000000000000000e+00,1.600000000000000000e+01,1.600000000000000000e+01,2.160000000000000000e+02,3.580000000000000000e+02,1.840000000000000000e+02,3.600000000000000000e+02,1.280000000000000000e+02,-9.000000000000000000e+00,4.000000000000000000e+00
-1.000000000000000000e+00,1.600000000000000000e+01,1.600000000000000000e+01,2.470000000000000000e+02,3.600000000000000000e+02,2.160000000000000000e+02,3.600000000000000000e+02,1.250000000000000000e+02,1.000000000000000000e+00,4.000000000000000000e+00
-1.000000000000000000e+00,1.600000000000000000e+01,1.600000000000000000e+01,2.630000000000000000e+02,3.600000000000000000e+02,2.320000000000000000e+02,3.600000000000000000e+02,1.250000000000000000e+02,1.000000000000000000e+00,4.000000000000000000e+00
-1.000000000000000000e+00,8.000000000000000000e+00,1.600000000000000000e+01,2.750000000000000000e+02,3.600000000000000000e+02,2.440000000000000000e+02,3.600000000000000000e+02,1.250000000000000000e+02,1.000000000000000000e+00,4.000000000000000000e+00
-1.000000000000000000e+00,8.000000000000000000e+00,1.600000000000000000e+01,2.930000000000000000e+02,3.600000000000000000e+02,2.520000000000000000e+02,3.600000000000000000e+02,1.660000000000000000e+02,1.000000000000000000e+00,4.000000000000000000e+00
-1.000000000000000000e+00,1.600000000000000000e+01,1.600000000000000000e+01,2.960000000000000000e+02,3.600000000000000000e+02,2.640000000000000000e+02,3.600000000000000000e+02,1.280000000000000000e+02,0.000000000000000000e+00,4.000000000000000000e+00
-1.000000000000000000e+00,1.600000000000000000e+01,1.600000000000000000e+01,3.140000000000000000e+02,3.590000000000000000e+02,2.800000000000000000e+02,3.600000000000000000e+02,1.380000000000000000e+02,-4.000000000000000000e+00,4.000000000000000000e+00
-1.000000000000000000e+00,1.600000000000000000e+01,1.600000000000000000e+01,3.300000000000000000e+02,3.590000000000000000e+02,2.960000000000000000e+02,3.600000000000000000e+02,1.380000000000000000e+02,-4.000000000000000000e+00,4.000000000000000000e+00
-1.000000000000000000e+00,1.600000000000000000e+01,1.600000000000000000e+01,3.440000000000000000e+02,3.590000000000000000e+02,3.120000000000000000e+02,3.600000000000000000e+02,1.280000000000000000e+02,-5.000000000000000000e+00,4.000000000000000000e+00
-1.000000000000000000e+00,1.600000000000000000e+01,1.600000000000000000e+01,3.700000000000000000e+02,3.600000000000000000e+02,3.440000000000000000e+02,3.600000000000000000e+02,1.040000000000000000e+02,0.000000000000000000e+00,4.000000000000000000e+00
-1.000000000000000000e+00,1.600000000000000000e+01,1.600000000000000000e+01,3.860000000000000000e+02,3.600000000000000000e+02,3.600000000000000000e+02,3.600000000000000000e+02,1.040000000000000000e+02,0.000000000000000000e+00,4.000000000000000000e+00
-1.000000000000000000e+00,1.600000000000000000e+01,1.600000000000000000e+01,4.340000000000000000e+02,3.610000000000000000e+02,4.080000000000000000e+02,3.600000000000000000e+02,1.040000000000000000e+02,4.000000000000000000e+00,4.000000000000000000e+00
-1.000000000000000000e+00,1.600000000000000000e+01,1.600000000000000000e+01,4.660000000000000000e+02,3.600000000000000000e+02,4.400000000000000000e+02,3.600000000000000000e+02,1.040000000000000000e+02,0.000000000000000000e+00,4.000000000000000000e+00
-1.000000000000000000e+00,1.600000000000000000e+01,1.600000000000000000e+01,4.840000000000000000e+02,3.600000000000000000e+02,4.560000000000000000e+02,3.600000000000000000e+02,1.130000000000000000e+02,0.000000000000000000e+00,4.000000000000000000e+00
-1.000000000000000000e+00,1.600000000000000000e+01,1.600000000000000000e+01,5.000000000000000000e+02,3.600000000000000000e+02,4.720000000000000000e+02,3.600000000000000000e+02,1.130000000000000000e+02,0.000000000000000000e+00,4.000000000000000000e+00
-1.000000000000000000e+00,1.600000000000000000e+01,1.600000000000000000e+01,5.290000000000000000e+02,3.600000000000000000e+02,5.040000000000000000e+02,3.600000000000000000e+02,1.000000000000000000e+02,-3.000000000000000000e+00,4.000000000000000000e+00
-1.000000000000000000e+00,1.600000000000000000e+01,1.600000000000000000e+01,5.450000000000000000e+02,3.600000000000000000e+02,5.200000000000000000e+02,3.600000000000000000e+02,1.000000000000000000e+02,-3.000000000000000000e+00,4.000000000000000000e+00
-1.000000000000000000e+00,1.600000000000000000e+01,1.600000000000000000e+01,5.680000000000000000e+02,3.600000000000000000e+02,5.680000000000000000e+02,3.600000000000000000e+02,0.000000000000000000e+00,0.000000000000000000e+00,4.000000000000000000e+00
-1.000000000000000000e+00,1.600000000000000000e+01,1.600000000000000000e+01,7.050000000000000000e+02,3.590000000000000000e+02,6.800000000000000000e+02,3.600000000000000000e+02,1.000000000000000000e+02,-5.000000000000000000e+00,4.000000000000000000e+00
-1.000000000000000000e+00,1.600000000000000000e+01,1.600000000000000000e+01,7.210000000000000000e+02,3.590000000000000000e+02,6.960000000000000000e+02,3.600000000000000000e+02,1.000000000000000000e+02,-5.000000000000000000e+00,4.000000000000000000e+00
-1.000000000000000000e+00,1.600000000000000000e+01,1.600000000000000000e+01,7.360000000000000000e+02,3.590000000000000000e+02,7.120000000000000000e+02,3.600000000000000000e+02,9.900000000000000000e+01,-5.000000000000000000e+00,4.000000000000000000e+00
-1.000000000000000000e+00,1.600000000000000000e+01,1.600000000000000000e+01,7.520000000000000000e+02,3.580000000000000000e+02,7.280000000000000000e+02,3.600000000000000000e+02,9.900000000000000000e+01,-8.000000000000000000e+00,4.000000000000000000e+00
-1.000000000000000000e+00,8.000000000000000000e+00,8.000000000000000000e+00,7.640000000000000000e+02,3.570000000000000000e+02,7.400000000000000000e+02,3.560000000000000000e+02,9.900000000000000000e+01,5.000000000000000000e+00,4.000000000000000000e+00
-1.000000000000000000e+00,8.000000000000000000e+00,8.000000000000000000e+00,7.720000000000000000e+02,3.570000000000000000e+02,7.480000000000000000e+02,3.560000000000000000e+02,9.900000000000000000e+01,5.000000000000000000e+00,4.000000000000000000e+00
-1.000000000000000000e+00,8.000000000000000000e+00,8.000000000000000000e+00,7.640000000000000000e+02,3.650000000000000000e+02,7.400000000000000000e+02,3.640000000000000000e+02,9.900000000000000000e+01,5.000000000000000000e+00,4.000000000000000000e+00
-1.000000000000000000e+00,8.000000000000000000e+00,8.000000000000000000e+00,7.720000000000000000e+02,3.650000000000000000e+02,7.480000000000000000e+02,3.640000000000000000e+02,9.900000000000000000e+01,5.000000000000000000e+00,4.000000000000000000e+00
-1.000000000000000000e+00,1.600000000000000000e+01,1.600000000000000000e+01,7.840000000000000000e+02,3.600000000000000000e+02,7.600000000000000000e+02,3.600000000000000000e+02,9.700000000000000000e+01,-3.000000000000000000e+00,4.000000000000000000e+00
-1.000000000000000000e+00,1.600000000000000000e+01,1.600000000000000000e+01,8.010000000000000000e+02,3.600000000000000000e+02,7.760000000000000000e+02,3.600000000000000000e+02,1.010000000000000000e+02,-1.000000000000000000e+00,4.000000000000000000e+00
-1.000000000000000000e+00,8.000000000000000000e+00,1.600000000000000000e+01,8.280000000000000000e+02,3.590000000000000000e+02,8.040000000000000000e+02,3.600000000000000000e+02,9.600000000000000000e+01,-6.000000000000000000e+00,4.000000000000000000e+00
-1.000000000000000000e+00,8.000000000000000000e+00,1.600000000000000000e+01,8.320000000000000000e+02,3.590000000000000000e+02,8.120000000000000000e+02,3.600000000000000000e+02,8.200000000000000000e+01,-6.000000000000000000e+00,4.000000000000000000e+00
-1.000000000000000000e+00,1.600000000000000000e+01,1.600000000000000000e+01,8.720000000000000000e+02,3.540000000000000000e+02,8.400000000000000000e+02,3.600000000000000000e+02,1.300000000000000000e+02,-2.500000000000000000e+01,4.000000000000000000e+00
-1.000000000000000000e+00,1.600000000000000000e+01,1.600000000000000000e+01,8.750000000000000000e+02,3.600000000000000000e+02,8.560000000000000000e+02,3.600000000000000000e+02,7.700000000000000000e+01,-2.000000000000000000e+00,4.000000000000000000e+00
-1.000000000000000000e+00,1.600000000000000000e+01,1.600000000000000000e+01,8.910000000000000000e+02,3.570000000000000000e+02,8.720000000000000000e+02,3.600000000000000000e+02,7.700000000000000000e+01,-1.400000000000000000e+01,4.000000000000000000e+00
-1.000000000000000000e+00,1.600000000000000000e+01,1.600000000000000000e+01,9.070000000000000000e+02,3.600000000000000000e+02,8.880000000000000000e+02,3.600000000000000000e+02,7.700000000000000000e+01,-2.000000000000000000e+00,4.000000000000000000e+00
-1.000000000000000000e+00,1.600000000000000000e+01,1.600000000000000000e+01,9.230000000000000000e+02,3.590000000000000000e+02,9.040000000000000000e+02,3.600000000000000000e+02,7.700000000000000000e+01,-5.000000000000000000e+00,4.000000000000000000e+00
-1.000000000000000000e+00,1.600000000000000000e+01,1.600000000000000000e+01,9.540000000000000000e+02,3.590000000000000000e+02,9.360000000000000000e+02,3.600000000000000000e+02,7.300000000000000000e+01,-5.000000000000000000e+00,4.000000000000000000e+00
-1.000000000000000000e+00,1.600000000000000000e+01,1.600000000000000000e+01,9.690000000000000000e+02,3.590000000000000000e+02,9.520000000000000000e+02,3.600000000000000000e+02,7.100000000000000000e+01,-4.000000000000000000e+00,4.000000000000000000e+00
-1.000000000000000000e+00,8.000000000000000000e+00,8.000000000000000000e+00,9.820000000000000000e+02,3.550000000000000000e+02,9.640000000000000000e+02,3.560000000000000000e+02,7.300000000000000000e+01,-5.000000000000000000e+00,4.000000000000000000e+00
-1.000000000000000000e+00,8.000000000000000000e+00,8.000000000000000000e+00,9.900000000000000000e+02,3.560000000000000000e+02,9.720000000000000000e+02,3.560000000000000000e+02,7.400000000000000000e+01,-1.000000000000000000e+00,4.000000000000000000e+00
-1.000000000000000000e+00,8.000000000000000000e+00,8.000000000000000000e+00,9.820000000000000000e+02,3.630000000000000000e+02,9.640000000000000000e+02,3.640000000000000000e+02,7.300000000000000000e+01,-4.000000000000000000e+00,4.000000000000000000e+00
-1.000000000000000000e+00,8.000000000000000000e+00,8.000000000000000000e+00,9.900000000000000000e+02,3.630000000000000000e+02,9.720000000000000000e+02,3.640000000000000000e+02,7.300000000000000000e+01,-4.000000000000000000e+00,4.000000000000000000e+00
-1.000000000000000000e+00,1.600000000000000000e+01,1.600000000000000000e+01,1.002000000000000000e+03,3.590000000000000000e+02,9.840000000000000000e+02,3.600000000000000000e+02,7.300000000000000000e+01,-4.000000000000000000e+00,4.000000000000000000e+00
-1.000000000000000000e+00,1.600000000000000000e+01,8.000000000000000000e+00,1.018000000000000000e+03,3.560000000000000000e+02,1.000000000000000000e+03,3.560000000000000000e+02,7.500000000000000000e+01,-3.000000000000000000e+00,4.000000000000000000e+00
-1.000000000000000000e+00,1.600000000000000000e+01,8.000000000000000000e+00,1.016000000000000000e+03,3.630000000000000000e+02,1.000000000000000000e+03,3.640000000000000000e+02,6.600000000000000000e+01,-4.000000000000000000e+00,4.000000000000000000e+00
-1.000000000000000000e+00,1.600000000000000000e+01,1.600000000000000000e+01,1.034000000000000000e+03,3.600000000000000000e+02,1.016000000000000000e+03,3.600000000000000000e+02,7.200000000000000000e+01,-3.000000000000000000e+00,4.000000000000000000e+00
-1.000000000000000000e+00,1.600000000000000000e+01,1.600000000000000000e+01,1.049000000000000000e+03,3.590000000000000000e+02,1.032000000000000000e+03,3.600000000000000000e+02,7.000000000000000000e+01,-4.000000000000000000e+00,4.000000000000000000e+00
-1.000000000000000000e+00,1.600000000000000000e+01,8.000000000000000000e+00,1.065000000000000000e+03,3.560000000000000000e+02,1.048000000000000000e+03,3.560000000000000000e+02,7.100000000000000000e+01,-1.000000000000000000e+00,4.000000000000000000e+00
-1.000000000000000000e+00,1.600000000000000000e+01,8.000000000000000000e+00,1.065000000000000000e+03,3.630000000000000000e+02,1.048000000000000000e+03,3.640000000000000000e+02,7.000000000000000000e+01,-4.000000000000000000e+00,4.000000000000000000e+00
-1.000000000000000000e+00,1.600000000000000000e+01,8.000000000000000000e+00,1.081000000000000000e+03,3.570000000000000000e+02,1.064000000000000000e+03,3.560000000000000000e+02,7.100000000000000000e+01,4.000000000000000000e+00,4.000000000000000000e+00
-1.000000000000000000e+00,1.600000000000000000e+01,8.000000000000000000e+00,1.082000000000000000e+03,3.630000000000000000e+02,1.064000000000000000e+03,3.640000000000000000e+02,7.200000000000000000e+01,-4.000000000000000000e+00,4.000000000000000000e+00
-1.000000000000000000e+00,1.600000000000000000e+01,8.000000000000000000e+00,1.099000000000000000e+03,3.560000000000000000e+02,1.080000000000000000e+03,3.560000000000000000e+02,7.900000000000000000e+01,2.000000000000000000e+00,4.000000000000000000e+00
-1.000000000000000000e+00,1.600000000000000000e+01,8.000000000000000000e+00,1.096000000000000000e+03,3.630000000000000000e+02,1.080000000000000000e+03,3.640000000000000000e+02,6.600000000000000000e+01,-4.000000000000000000e+00,4.000000000000000000e+00
-1.000000000000000000e+00,1.600000000000000000e+01,1.600000000000000000e+01,1.115000000000000000e+03,3.600000000000000000e+02,1.096000000000000000e+03,3.600000000000000000e+02,7.600000000000000000e+01,-1.000000000000000000e+00,4.000000000000000000e+00
-1.000000000000000000e+00,1.600000000000000000e+01,1.600000000000000000e+01,1.130000000000000000e+03,3.600000000000000000e+02,1.112000000000000000e+03,3.600000000000000000e+02,7.400000000000000000e+01,-3.000000000000000000e+00,4.000000000000000000e+00
-1.000000000000000000e+00,1.600000000000000000e+01,1.600000000000000000e+01,1.143000000000000000e+03,3.600000000000000000e+02,1.128000000000000000e+03,3.600000000000000000e+02,6.000000000000000000e+01,-3.000000000000000000e+00,4.000000000000000000e+00
-1.000000000000000000e+00,1.600000000000000000e+01,1.600000000000000000e+01,1.160000000000000000e+03,3.590000000000000000e+02,1.144000000000000000e+03,3.600000000000000000e+02,6.700000000000000000e+01,-4.000000000000000000e+00,4.000000000000000000e+00
-1.000000000000000000e+00,1.600000000000000000e+01,1.600000000000000000e+01,1.175000000000000000e+03,3.600000000000000000e+02,1.160000000000000000e+03,3.600000000000000000e+02,6.000000000000000000e+01,0.000000000000000000e+00,4.000000000000000000e+00
-1.000000000000000000e+00,8.000000000000000000e+00,8.000000000000000000e+00,1.187000000000000000e+03,3.570000000000000000e+02,1.172000000000000000e+03,3.560000000000000000e+02,6.000000000000000000e+01,4.000000000000000000e+00,4.000000000000000000e+00
-1.000000000000000000e+00,8.000000000000000000e+00,8.000000000000000000e+00,1.196000000000000000e+03,3.560000000000000000e+02,1.180000000000000000e+03,3.560000000000000000e+02,6.400000000000000000e+01,1.000000000000000000e+00,4.000000000000000000e+00
-1.000000000000000000e+00,8.000000000000000000e+00,8.000000000000000000e+00,1.188000000000000000e+03,3.630000000000000000e+02,1.172000000000000000e+03,3.640000000000000000e+02,6.400000000000000000e+01,-6.000000000000000000e+00,4.000000000000000000e+00
-1.000000000000000000e+00,8.000000000000000000e+00,8.000000000000000000e+00,1.196000000000000000e+03,3.640000000000000000e+02,1.180000000000000000e+03,3.640000000000000000e+02,6.400000000000000000e+01,-3.000000000000000000e+00,4.000000000000000000e+00
-1.000000000000000000e+00,1.600000000000000000e+01,1.600000000000000000e+01,1.207000000000000000e+03,3.600000000000000000e+02,1.192000000000000000e+03,3.600000000000000000e+02,6.300000000000000000e+01,-2.000000000000000000e+00,4.000000000000000000e+00
-1.000000000000000000e+00,1.600000000000000000e+01,1.600000000000000000e+01,1.224000000000000000e+03,3.600000000000000000e+02,1.208000000000000000e+03,3.600000000000000000e+02,6.500000000000000000e+01,-3.000000000000000000e+00,4.000000000000000000e+00
-1.000000000000000000e+00,1.600000000000000000e+01,1.600000000000000000e+01,1.241000000000000000e+03,3.600000000000000000e+02,1.224000000000000000e+03,3.600000000000000000e+02,6.800000000000000000e+01,-1.000000000000000000e+00,4.000000000000000000e+00
-1.000000000000000000e+00,1.600000000000000000e+01,1.600000000000000000e+01,1.259000000000000000e+03,3.600000000000000000e+02,1.240000000000000000e+03,3.600000000000000000e+02,7.900000000000000000e+01,0.000000000000000000e+00,4.000000000000000000e+00
-1.000000000000000000e+00,1.600000000000000000e+01,1.600000000000000000e+01,1.275000000000000000e+03,3.600000000000000000e+02,1.256000000000000000e+03,3.600000000000000000e+02,7.900000000000000000e+01,0.000000000000000000e+00,4.000000000000000000e+00
-1.000000000000000000e+00,1.600000000000000000e+01,8.000000000000000000e+00,1.500000000000000000e+01,3.700000000000000000e+02,8.000000000000000000e+00,3.720000000000000000e+02,2.900000000000000000e+01,-1.000000000000000000e+01,4.000000000000000000e+00
-1.000000000000000000e+00,1.600000000000000000e+01,8.000000000000000000e+00,1.400000000000000000e+01,3.780000000000000000e+02,8.000000000000000000e+00,3.800000000000000000e+02,2.700000000000000000e+01,-1.000000000000000000e+01,4.000000000000000000e+00
-1.000000000000000000e+00,1.600000000000000000e+01,1.600000000000000000e+01,6.300000000000000000e+01,3.740000000000000000e+02,2.400000000000000000e+01,3.760000000000000000e+02,1.590000000000000000e+02,-1.100000000000000000e+01,4.000000000000000000e+00
-1.000000000000000000e+00,1.600000000000000000e+01,1.600000000000000000e+01,7.900000000000000000e+01,3.740000000000000000e+02,4.000000000000000000e+01,3.760000000000000000e+02,1.590000000000000000e+02,-1.000000000000000000e+01,4.000000000000000000e+00
-1.000000000000000000e+00,1.600000000000000000e+01,1.600000000000000000e+01,9.500000000000000000e+01,3.740000000000000000e+02,5.600000000000000000e+01,3.760000000000000000e+02,1.570000000000000000e+02,-1.000000000000000000e+01,4.000000000000000000e+00
-1.000000000000000000e+00,1.600000000000000000e+01,8.000000000000000000e+00,1.100000000000000000e+02,3.700000000000000000e+02,7.200000000000000000e+01,3.720000000000000000e+02,1.530000000000000000e+02,-1.000000000000000000e+01,4.000000000000000000e+00
-1.000000000000000000e+00,1.600000000000000000e+01,8.000000000000000000e+00,1.110000000000000000e+02,3.780000000000000000e+02,7.200000000000000000e+01,3.800000000000000000e+02,1.570000000000000000e+02,-1.000000000000000000e+01,4.000000000000000000e+00
-1.000000000000000000e+00,1.600000000000000000e+01,1.600000000000000000e+01,1.260000000000000000e+02,3.740000000000000000e+02,8.800000000000000000e+01,3.760000000000000000e+02,1.530000000000000000e+02,-1.000000000000000000e+01,4.000000000000000000e+00
-1.000000000000000000e+00,1.600000000000000000e+01,1.600000000000000000e+01,1.420000000000000000e+02,3.740000000000000000e+02,1.040000000000000000e+02,3.760000000000000000e+02,1.550000000000000000e+02,-9.000000000000000000e+00,4.000000000000000000e+00
-1.000000000000000000e+00,1.600000000000000000e+01,1.600000000000000000e+01,1.580000000000000000e+02,3.740000000000000000e+02,1.200000000000000000e+02,3.760000000000000000e+02,1.550000000000000000e+02,-9.000000000000000000e+00,4.000000000000000000e+00
-1.000000000000000000e+00,1.600000000000000000e+01,1.600000000000000000e+01,1.730000000000000000e+02,3.740000000000000000e+02,1.360000000000000000e+02,3.760000000000000000e+02,1.480000000000000000e+02,-9.000000000000000000e+00,4.000000000000000000e+00
-1.000000000000000000e+00,1.600000000000000000e+01,1.600000000000000000e+01,1.910000000000000000e+02,3.740000000000000000e+02,1.520000000000000000e+02,3.760000000000000000e+02,1.590000000000000000e+02,-8.000000000000000000e+00,4.000000000000000000e+00
-1.000000000000000000e+00,1.600000000000000000e+01,1.600000000000000000e+01,2.070000000000000000e+02,3.740000000000000000e+02,1.680000000000000000e+02,3.760000000000000000e+02,1.570000000000000000e+02,-8.000000000000000000e+00,4.000000000000000000e+00
-1.000000000000000000e+00,1.600000000000000000e+01,8.000000000000000000e+00,2.160000000000000000e+02,3.700000000000000000e+02,1.840000000000000000e+02,3.720000000000000000e+02,1.280000000000000000e+02,-1.100000000000000000e+01,4.000000000000000000e+00
-1.000000000000000000e+00,1.600000000000000000e+01,8.000000000000000000e+00,2.210000000000000000e+02,3.780000000000000000e+02,1.840000000000000000e+02,3.800000000000000000e+02,1.490000000000000000e+02,-8.000000000000000000e+00,4.000000000000000000e+00
-1.000000000000000000e+00,1.600000000000000000e+01,1.600000000000000000e+01,2.370000000000000000e+02,3.740000000000000000e+02,2.000000000000000000e+02,3.760000000000000000e+02,1.490000000000000000e+02,-8.000000000000000000e+00,4.000000000000000000e+00
-1.000000000000000000e+00,1.600000000000000000e+01,8.000000000000000000e+00,2.470000000000000000e+02,3.720000000000000000e+02,2.160000000000000000e+02,3.720000000000000000e+02,1.250000000000000000e+02,1.000000000000000000e+00,4.000000000000000000e+00
-1.000000000000000000e+00,1.600000000000000000e+01,8.000000000000000000e+00,2.510000000000000000e+02,3.780000000000000000e+02,2.160000000000000000e+02,3.800000000000000000e+02,1.430000000000000000e+02,-8.000000000000000000e+00,4.000000000000000000e+00
-1.000000000000000000e+00,1.600000000000000000e+01,1.600000000000000000e+01,2.960000000000000000e+02,3.730000000000000000e+02,2.640000000000000000e+02,3.760000000000000000e+02,1.280000000000000000e+02,-1.400000000000000000e+01,4.000000000000000000e+00
-1.000000000000000000e+00,1.600000000000000000e+01,1.600000000000000000e+01,4.180000000000000000e+02,3.740000000000000000e+02,3.920000000000000000e+02,3.760000000000000000e+02,1.040000000000000000e+02,-8.000000000000000000e+00,4.000000000000000000e+00
-1.000000000000000000e+00,1.600000000000000000e+01,1.600000000000000000e+01,4.340000000000000000e+02,3.710000000000000000e+02,4.080000000000000000e+02,3.760000000000000000e+02,1.040000000000000000e+02,-2.300000000000000000e+01,4.000000000000000000e+00
-1.000000000000000000e+00,1.600000000000000000e+01,1.600000000000000000e+01,4.660000000000000000e+02,3.760000000000000000e+02,4.400000000000000000e+02,3.760000000000000000e+02,1.040000000000000000e+02,0.000000000000000000e+00,4.000000000000000000e+00
-1.000000000000000000e+00,1.600000000000000000e+01,1.600000000000000000e+01,4.840000000000000000e+02,3.760000000000000000e+02,4.560000000000000000e+02,3.760000000000000000e+02,1.130000000000000000e+02,0.000000000000000000e+00,4.000000000000000000e+00
-1.000000000000000000e+00,1.600000000000000000e+01,1.600000000000000000e+01,5.000000000000000000e+02,3.760000000000000000e+02,4.720000000000000000e+02,3.760000000000000000e+02,1.130000000000000000e+02,0.000000000000000000e+00,4.000000000000000000e+00
-1.000000000000000000e+00,1.600000000000000000e+01,1.600000000000000000e+01,5.130000000000000000e+02,3.760000000000000000e+02,4.880000000000000000e+02,3.760000000000000000e+02,1.000000000000000000e+02,0.000000000000000000e+00,4.000000000000000000e+00
-1.000000000000000000e+00,1.600000000000000000e+01,1.600000000000000000e+01,5.290000000000000000e+02,3.760000000000000000e+02,5.040000000000000000e+02,3.760000000000000000e+02,1.000000000000000000e+02,-3.000000000000000000e+00,4.000000000000000000e+00
-1.000000000000000000e+00,1.600000000000000000e+01,1.600000000000000000e+01,5.450000000000000000e+02,3.800000000000000000e+02,5.200000000000000000e+02,3.760000000000000000e+02,1.000000000000000000e+02,1.600000000000000000e+01,4.000000000000000000e+00
-1.000000000000000000e+00,1.600000000000000000e+01,1.600000000000000000e+01,5.610000000000000000e+02,3.800000000000000000e+02,5.360000000000000000e+02,3.760000000000000000e+02,1.000000000000000000e+02,1.600000000000000000e+01,4.000000000000000000e+00
-1.000000000000000000e+00,1.600000000000000000e+01,1.600000000000000000e+01,7.040000000000000000e+02,3.780000000000000000e+02,6.800000000000000000e+02,3.760000000000000000e+02,9.900000000000000000e+01,9.000000000000000000e+00,4.000000000000000000e+00
-1.000000000000000000e+00,1.600000000000000000e+01,1.600000000000000000e+01,7.360000000000000000e+02,3.760000000000000000e+02,7.120000000000000000e+02,3.760000000000000000e+02,9.900000000000000000e+01,-1.000000000000000000e+00,4.000000000000000000e+00
-1.000000000000000000e+00,1.600000000000000000e+01,1.600000000000000000e+01,7.520000000000000000e+02,3.740000000000000000e+02,7.280000000000000000e+02,3.760000000000000000e+02,9.900000000000000000e+01,-1.000000000000000000e+01,4.000000000000000000e+00
-1.000000000000000000e+00,1.600000000000000000e+01,1.600000000000000000e+01,7.840000000000000000e+02,3.760000000000000000e+02,7.600000000000000000e+02,3.760000000000000000e+02,9.700000000000000000e+01,-1.000000000000000000e+00,4.000000000000000000e+00
-1.000000000000000000e+00,1.600000000000000000e+01,1.600000000000000000e+01,8.010000000000000000e+02,3.760000000000000000e+02,7.760000000000000000e+02,3.760000000000000000e+02,1.010000000000000000e+02,-2.000000000000000000e+00,4.000000000000000000e+00
-1.000000000000000000e+00,8.000000000000000000e+00,1.600000000000000000e+01,8.040000000000000000e+02,3.660000000000000000e+02,7.880000000000000000e+02,3.760000000000000000e+02,6.600000000000000000e+01,-4.300000000000000000e+01,4.000000000000000000e+00
-1.000000000000000000e+00,8.000000000000000000e+00,1.600000000000000000e+01,8.190000000000000000e+02,3.580000000000000000e+02,7.960000000000000000e+02,3.760000000000000000e+02,9.200000000000000000e+01,-7.200000000000000000e+01,4.000000000000000000e+00
-1.000000000000000000e+00,1.600000000000000000e+01,1.600000000000000000e+01,8.590000000000000000e+02,3.760000000000000000e+02,8.400000000000000000e+02,3.760000000000000000e+02,7.700000000000000000e+01,-2.000000000000000000e+00,4.000000000000000000e+00
-1.000000000000000000e+00,1.600000000000000000e+01,1.600000000000000000e+01,8.750000000000000000e+02,3.760000000000000000e+02,8.560000000000000000e+02,3.760000000000000000e+02,7.700000000000000000e+01,-2.000000000000000000e+00,4.000000000000000000e+00
-1.000000000000000000e+00,1.600000000000000000e+01,1.600000000000000000e+01,8.910000000000000000e+02,3.760000000000000000e+02,8.720000000000000000e+02,3.760000000000000000e+02,7.700000000000000000e+01,-2.000000000000000000e+00,4.000000000000000000e+00
-1.000000000000000000e+00,1.600000000000000000e+01,1.600000000000000000e+01,9.070000000000000000e+02,3.760000000000000000e+02,8.880000000000000000e+02,3.760000000000000000e+02,7.700000000000000000e+01,-2.000000000000000000e+00,4.000000000000000000e+00
-1.000000000000000000e+00,1.600000000000000000e+01,1.600000000000000000e+01,9.230000000000000000e+02,3.760000000000000000e+02,9.040000000000000000e+02,3.760000000000000000e+02,7.700000000000000000e+01,-2.000000000000000000e+00,4.000000000000000000e+00
-1.000000000000000000e+00,1.600000000000000000e+01,1.600000000000000000e+01,9.390000000000000000e+02,3.730000000000000000e+02,9.200000000000000000e+02,3.760000000000000000e+02,7.700000000000000000e+01,-1.200000000000000000e+01,4.000000000000000000e+00
-1.000000000000000000e+00,1.600000000000000000e+01,1.600000000000000000e+01,9.550000000000000000e+02,3.760000000000000000e+02,9.360000000000000000e+02,3.760000000000000000e+02,7.900000000000000000e+01,-1.000000000000000000e+00,4.000000000000000000e+00
-1.000000000000000000e+00,1.600000000000000000e+01,1.600000000000000000e+01,9.700000000000000000e+02,3.750000000000000000e+02,9.520000000000000000e+02,3.760000000000000000e+02,7.300000000000000000e+01,-6.000000000000000000e+00,4.000000000000000000e+00
-1.000000000000000000e+00,8.000000000000000000e+00,1.600000000000000000e+01,9.820000000000000000e+02,3.750000000000000000e+02,9.640000000000000000e+02,3.760000000000000000e+02,7.300000000000000000e+01,-6.000000000000000000e+00,4.000000000000000000e+00
-1.000000000000000000e+00,8.000000000000000000e+00,1.600000000000000000e+01,9.900000000000000000e+02,3.750000000000000000e+02,9.720000000000000000e+02,3.760000000000000000e+02,7.300000000000000000e+01,-7.000000000000000000e+00,4.000000000000000000e+00
-1.000000000000000000e+00,1.600000000000000000e+01,1.600000000000000000e+01,1.002000000000000000e+03,3.750000000000000000e+02,9.840000000000000000e+02,3.760000000000000000e+02,7.300000000000000000e+01,-6.000000000000000000e+00,4.000000000000000000e+00
-1.000000000000000000e+00,1.600000000000000000e+01,1.600000000000000000e+01,1.018000000000000000e+03,3.750000000000000000e+02,1.000000000000000000e+03,3.760000000000000000e+02,7.200000000000000000e+01,-4.000000000000000000e+00,4.000000000000000000e+00
-1.000000000000000000e+00,1.600000000000000000e+01,1.600000000000000000e+01,1.033000000000000000e+03,3.750000000000000000e+02,1.016000000000000000e+03,3.760000000000000000e+02,6.800000000000000000e+01,-4.000000000000000000e+00,4.000000000000000000e+00
-1.000000000000000000e+00,1.600000000000000000e+01,1.600000000000000000e+01,1.055000000000000000e+03,3.760000000000000000e+02,1.032000000000000000e+03,3.760000000000000000e+02,9.200000000000000000e+01,-3.000000000000000000e+00,4.000000000000000000e+00
-1.000000000000000000e+00,8.000000000000000000e+00,8.000000000000000000e+00,1.061000000000000000e+03,3.710000000000000000e+02,1.044000000000000000e+03,3.720000000000000000e+02,7.000000000000000000e+01,-4.000000000000000000e+00,4.000000000000000000e+00
-1.000000000000000000e+00,8.000000000000000000e+00,8.000000000000000000e+00,1.069000000000000000e+03,3.710000000000000000e+02,1.052000000000000000e+03,3.720000000000000000e+02,7.000000000000000000e+01,-4.000000000000000000e+00,4.000000000000000000e+00
-1.000000000000000000e+00,8.000000000000000000e+00,8.000000000000000000e+00,1.061000000000000000e+03,3.790000000000000000e+02,1.044000000000000000e+03,3.800000000000000000e+02,7.000000000000000000e+01,-4.000000000000000000e+00,4.000000000000000000e+00
-1.000000000000000000e+00,8.000000000000000000e+00,8.000000000000000000e+00,1.069000000000000000e+03,3.790000000000000000e+02,1.052000000000000000e+03,3.800000000000000000e+02,7.000000000000000000e+01,-4.000000000000000000e+00,4.000000000000000000e+00
-1.000000000000000000e+00,1.600000000000000000e+01,1.600000000000000000e+01,1.081000000000000000e+03,3.750000000000000000e+02,1.064000000000000000e+03,3.760000000000000000e+02,7.000000000000000000e+01,-4.000000000000000000e+00,4.000000000000000000e+00
-1.000000000000000000e+00,1.600000000000000000e+01,1.600000000000000000e+01,1.097000000000000000e+03,3.750000000000000000e+02,1.080000000000000000e+03,3.760000000000000000e+02,7.000000000000000000e+01,-4.000000000000000000e+00,4.000000000000000000e+00
-1.000000000000000000e+00,1.600000000000000000e+01,1.600000000000000000e+01,1.114000000000000000e+03,3.760000000000000000e+02,1.096000000000000000e+03,3.760000000000000000e+02,7.400000000000000000e+01,-3.000000000000000000e+00,4.000000000000000000e+00
-1.000000000000000000e+00,1.600000000000000000e+01,1.600000000000000000e+01,1.129000000000000000e+03,3.760000000000000000e+02,1.112000000000000000e+03,3.760000000000000000e+02,6.900000000000000000e+01,-3.000000000000000000e+00,4.000000000000000000e+00
-1.000000000000000000e+00,1.600000000000000000e+01,1.600000000000000000e+01,1.144000000000000000e+03,3.760000000000000000e+02,1.128000000000000000e+03,3.760000000000000000e+02,6.700000000000000000e+01,-3.000000000000000000e+00,4.000000000000000000e+00
-1.000000000000000000e+00,1.600000000000000000e+01,1.600000000000000000e+01,1.163000000000000000e+03,3.750000000000000000e+02,1.144000000000000000e+03,3.760000000000000000e+02,7.600000000000000000e+01,-4.000000000000000000e+00,4.000000000000000000e+00
-1.000000000000000000e+00,1.600000000000000000e+01,1.600000000000000000e+01,1.176000000000000000e+03,3.750000000000000000e+02,1.160000000000000000e+03,3.760000000000000000e+02,6.400000000000000000e+01,-4.000000000000000000e+00,4.000000000000000000e+00
-1.000000000000000000e+00,1.600000000000000000e+01,8.000000000000000000e+00,1.192000000000000000e+03,3.720000000000000000e+02,1.176000000000000000e+03,3.720000000000000000e+02,6.400000000000000000e+01,-3.000000000000000000e+00,4.000000000000000000e+00
-1.000000000000000000e+00,1.600000000000000000e+01,8.000000000000000000e+00,1.192000000000000000e+03,3.810000000000000000e+02,1.176000000000000000e+03,3.800000000000000000e+02,6.400000000000000000e+01,4.000000000000000000e+00,4.000000000000000000e+00
-1.000000000000000000e+00,1.600000000000000000e+01,8.000000000000000000e+00,1.207000000000000000e+03,3.720000000000000000e+02,1.192000000000000000e+03,3.720000000000000000e+02,6.300000000000000000e+01,-2.000000000000000000e+00,4.000000000000000000e+00
-1.000000000000000000e+00,1.600000000000000000e+01,8.000000000000000000e+00,1.208000000000000000e+03,3.810000000000000000e+02,1.192000000000000000e+03,3.800000000000000000e+02,6.400000000000000000e+01,4.000000000000000000e+00,4.000000000000000000e+00
-1.000000000000000000e+00,1.600000000000000000e+01,1.600000000000000000e+01,1.224000000000000000e+03,3.760000000000000000e+02,1.208000000000000000e+03,3.760000000000000000e+02,6.500000000000000000e+01,-2.000000000000000000e+00,4.000000000000000000e+00
-1.000000000000000000e+00,1.600000000000000000e+01,1.600000000000000000e+01,1.241000000000000000e+03,3.760000000000000000e+02,1.224000000000000000e+03,3.760000000000000000e+02,6.800000000000000000e+01,-1.000000000000000000e+00,4.000000000000000000e+00
-1.000000000000000000e+00,1.600000000000000000e+01,1.600000000000000000e+01,1.259000000000000000e+03,3.750000000000000000e+02,1.240000000000000000e+03,3.760000000000000000e+02,7.900000000000000000e+01,-4.000000000000000000e+00,4.000000000000000000e+00
-1.000000000000000000e+00,1.600000000000000000e+01,1.600000000000000000e+01,1.275000000000000000e+03,3.760000000000000000e+02,1.256000000000000000e+03,3.760000000000000000e+02,7.900000000000000000e+01,0.000000000000000000e+00,4.000000000000000000e+00
-1.000000000000000000e+00,8.000000000000000000e+00,1.600000000000000000e+01,8.400000000000000000e+01,3.900000000000000000e+02,4.000000000000000000e+00,3.920000000000000000e+02,3.200000000000000000e+02,-1.000000000000000000e+01,4.000000000000000000e+00
-1.000000000000000000e+00,8.000000000000000000e+00,1.600000000000000000e+01,9.200000000000000000e+01,3.880000000000000000e+02,1.200000000000000000e+01,3.920000000000000000e+02,3.200000000000000000e+02,-1.700000000000000000e+01,4.000000000000000000e+00
-1.000000000000000000e+00,8.000000000000000000e+00,8.000000000000000000e+00,1.000000000000000000e+02,3.830000000000000000e+02,2.000000000000000000e+01,3.880000000000000000e+02,3.200000000000000000e+02,-2.000000000000000000e+01,4.000000000000000000e+00
-1.000000000000000000e+00,8.000000000000000000e+00,8.000000000000000000e+00,6.700000000000000000e+01,3.850000000000000000e+02,2.800000000000000000e+01,3.880000000000000000e+02,1.590000000000000000e+02,-1.200000000000000000e+01,4.000000000000000000e+00
-1.000000000000000000e+00,8.000000000000000000e+00,8.000000000000000000e+00,5.900000000000000000e+01,3.930000000000000000e+02,2.000000000000000000e+01,3.960000000000000000e+02,1.590000000000000000e+02,-1.200000000000000000e+01,4.000000000000000000e+00
-1.000000000000000000e+00,8.000000000000000000e+00,8.000000000000000000e+00,6.700000000000000000e+01,3.930000000000000000e+02,2.800000000000000000e+01,3.960000000000000000e+02,1.590000000000000000e+02,-1.200000000000000000e+01,4.000000000000000000e+00
-1.000000000000000000e+00,8.000000000000000000e+00,1.600000000000000000e+01,7.400000000000000000e+01,3.890000000000000000e+02,3.600000000000000000e+01,3.920000000000000000e+02,1.540000000000000000e+02,-1.200000000000000000e+01,4.000000000000000000e+00
-1.000000000000000000e+00,8.000000000000000000e+00,1.600000000000000000e+01,7.900000000000000000e+01,3.900000000000000000e+02,4.400000000000000000e+01,3.920000000000000000e+02,1.410000000000000000e+02,-1.000000000000000000e+01,4.000000000000000000e+00
-1.000000000000000000e+00,1.600000000000000000e+01,1.600000000000000000e+01,1.110000000000000000e+02,3.900000000000000000e+02,7.200000000000000000e+01,3.920000000000000000e+02,1.570000000000000000e+02,-1.100000000000000000e+01,4.000000000000000000e+00
-1.000000000000000000e+00,1.600000000000000000e+01,1.600000000000000000e+01,1.250000000000000000e+02,3.890000000000000000e+02,8.800000000000000000e+01,3.920000000000000000e+02,1.490000000000000000e+02,-1.200000000000000000e+01,4.000000000000000000e+00
-1.000000000000000000e+00,1.600000000000000000e+01,1.600000000000000000e+01,1.400000000000000000e+02,3.900000000000000000e+02,1.040000000000000000e+02,3.920000000000000000e+02,1.470000000000000000e+02,-1.100000000000000000e+01,4.000000000000000000e+00
-1.000000000000000000e+00,1.600000000000000000e+01,1.600000000000000000e+01,1.570000000000000000e+02,3.900000000000000000e+02,1.200000000000000000e+02,3.920000000000000000e+02,1.490000000000000000e+02,-1.100000000000000000e+01,4.000000000000000000e+00
-1.000000000000000000e+00,1.600000000000000000e+01,1.600000000000000000e+01,1.740000000000000000e+02,3.900000000000000000e+02,1.360000000000000000e+02,3.920000000000000000e+02,1.540000000000000000e+02,-9.000000000000000000e+00,4.000000000000000000e+00
-1.000000000000000000e+00,1.600000000000000000e+01,8.000000000000000000e+00,1.910000000000000000e+02,3.860000000000000000e+02,1.520000000000000000e+02,3.880000000000000000e+02,1.590000000000000000e+02,-8.000000000000000000e+00,4.000000000000000000e+00
-1.000000000000000000e+00,1.600000000000000000e+01,8.000000000000000000e+00,1.900000000000000000e+02,3.940000000000000000e+02,1.520000000000000000e+02,3.960000000000000000e+02,1.540000000000000000e+02,-1.000000000000000000e+01,4.000000000000000000e+00
-1.000000000000000000e+00,1.600000000000000000e+01,8.000000000000000000e+00,2.070000000000000000e+02,3.860000000000000000e+02,1.680000000000000000e+02,3.880000000000000000e+02,1.570000000000000000e+02,-9.000000000000000000e+00,4.000000000000000000e+00
-1.000000000000000000e+00,1.600000000000000000e+01,8.000000000000000000e+00,2.060000000000000000e+02,3.940000000000000000e+02,1.680000000000000000e+02,3.960000000000000000e+02,1.540000000000000000e+02,-1.000000000000000000e+01,4.000000000000000000e+00
-1.000000000000000000e+00,1.600000000000000000e+01,1.600000000000000000e+01,2.270000000000000000e+02,3.900000000000000000e+02,1.840000000000000000e+02,3.920000000000000000e+02,1.720000000000000000e+02,-8.000000000000000000e+00,4.000000000000000000e+00
-1.000000000000000000e+00,1.600000000000000000e+01,8.000000000000000000e+00,2.370000000000000000e+02,3.860000000000000000e+02,2.000000000000000000e+02,3.880000000000000000e+02,1.490000000000000000e+02,-9.000000000000000000e+00,4.000000000000000000e+00
-1.000000000000000000e+00,1.600000000000000000e+01,8.000000000000000000e+00,2.430000000000000000e+02,3.940000000000000000e+02,2.000000000000000000e+02,3.960000000000000000e+02,1.720000000000000000e+02,-8.000000000000000000e+00,4.000000000000000000e+00
-1.000000000000000000e+00,8.000000000000000000e+00,1.600000000000000000e+01,2.450000000000000000e+02,3.890000000000000000e+02,2.120000000000000000e+02,3.920000000000000000e+02,1.330000000000000000e+02,-1.200000000000000000e+01,4.000000000000000000e+00
-1.000000000000000000e+00,8.000000000000000000e+00,1.600000000000000000e+01,2.530000000000000000e+02,3.900000000000000000e+02,2.200000000000000000e+02,3.920000000000000000e+02,1.330000000000000000e+02,-1.100000000000000000e+01,4.000000000000000000e+00
-1.000000000000000000e+00,1.600000000000000000e+01,1.600000000000000000e+01,2.650000000000000000e+02,3.900000000000000000e+02,2.320000000000000000e+02,3.920000000000000000e+02,1.350000000000000000e+02,-1.000000000000000000e+01,4.000000000000000000e+00
-1.000000000000000000e+00,1.600000000000000000e+01,8.000000000000000000e+00,2.810000000000000000e+02,3.860000000000000000e+02,2.480000000000000000e+02,3.880000000000000000e+02,1.350000000000000000e+02,-1.000000000000000000e+01,4.000000000000000000e+00
-1.000000000000000000e+00,1.600000000000000000e+01,8.000000000000000000e+00,2.800000000000000000e+02,3.930000000000000000e+02,2.480000000000000000e+02,3.960000000000000000e+02,1.290000000000000000e+02,-1.200000000000000000e+01,4.000000000000000000e+00
-1.000000000000000000e+00,1.600000000000000000e+01,8.000000000000000000e+00,2.960000000000000000e+02,3.860000000000000000e+02,2.640000000000000000e+02,3.880000000000000000e+02,1.280000000000000000e+02,-1.000000000000000000e+01,4.000000000000000000e+00
-1.000000000000000000e+00,1.600000000000000000e+01,8.000000000000000000e+00,2.950000000000000000e+02,3.930000000000000000e+02,2.640000000000000000e+02,3.960000000000000000e+02,1.270000000000000000e+02,-1.200000000000000000e+01,4.000000000000000000e+00
-1.000000000000000000e+00,1.600000000000000000e+01,8.000000000000000000e+00,3.100000000000000000e+02,3.860000000000000000e+02,2.800000000000000000e+02,3.880000000000000000e+02,1.230000000000000000e+02,-1.000000000000000000e+01,4.000000000000000000e+00
-1.000000000000000000e+00,1.600000000000000000e+01,8.000000000000000000e+00,3.100000000000000000e+02,3.930000000000000000e+02,2.800000000000000000e+02,3.960000000000000000e+02,1.230000000000000000e+02,-1.200000000000000000e+01,4.000000000000000000e+00
-1.000000000000000000e+00,1.600000000000000000e+01,8.000000000000000000e+00,3.260000000000000000e+02,3.860000000000000000e+02,2.960000000000000000e+02,3.880000000000000000e+02,1.230000000000000000e+02,-1.000000000000000000e+01,4.000000000000000000e+00
-1.000000000000000000e+00,1.600000000000000000e+01,8.000000000000000000e+00,3.260000000000000000e+02,3.940000000000000000e+02,2.960000000000000000e+02,3.960000000000000000e+02,1.230000000000000000e+02,-1.100000000000000000e+01,4.000000000000000000e+00
-1.000000000000000000e+00,1.600000000000000000e+01,1.600000000000000000e+01,3.420000000000000000e+02,3.900000000000000000e+02,3.120000000000000000e+02,3.920000000000000000e+02,1.230000000000000000e+02,-1.000000000000000000e+01,4.000000000000000000e+00
-1.000000000000000000e+00,1.600000000000000000e+01,1.600000000000000000e+01,3.580000000000000000e+02,3.900000000000000000e+02,3.280000000000000000e+02,3.920000000000000000e+02,1.230000000000000000e+02,-1.000000000000000000e+01,4.000000000000000000e+00
-1.000000000000000000e+00,1.600000000000000000e+01,1.600000000000000000e+01,3.740000000000000000e+02,3.900000000000000000e+02,3.440000000000000000e+02,3.920000000000000000e+02,1.210000000000000000e+02,-1.000000000000000000e+01,4.000000000000000000e+00
-1.000000000000000000e+00,1.600000000000000000e+01,1.600000000000000000e+01,3.900000000000000000e+02,3.900000000000000000e+02,3.600000000000000000e+02,3.920000000000000000e+02,1.210000000000000000e+02,-1.000000000000000000e+01,4.000000000000000000e+00
-1.000000000000000000e+00,1.600000000000000000e+01,8.000000000000000000e+00,4.020000000000000000e+02,3.860000000000000000e+02,3.760000000000000000e+02,3.880000000000000000e+02,1.040000000000000000e+02,-8.000000000000000000e+00,4.000000000000000000e+00
-1.000000000000000000e+00,1.600000000000000000e+01,8.000000000000000000e+00,4.050000000000000000e+02,3.940000000000000000e+02,3.760000000000000000e+02,3.960000000000000000e+02,1.190000000000000000e+02,-1.000000000000000000e+01,4.000000000000000000e+00
-1.000000000000000000e+00,1.600000000000000000e+01,8.000000000000000000e+00,4.180000000000000000e+02,3.830000000000000000e+02,3.920000000000000000e+02,3.880000000000000000e+02,1.040000000000000000e+02,-2.300000000000000000e+01,4.000000000000000000e+00
-1.000000000000000000e+00,1.600000000000000000e+01,8.000000000000000000e+00,4.210000000000000000e+02,3.940000000000000000e+02,3.920000000000000000e+02,3.960000000000000000e+02,1.170000000000000000e+02,-1.000000000000000000e+01,4.000000000000000000e+00
-1.000000000000000000e+00,1.600000000000000000e+01,1.600000000000000000e+01,4.400000000000000000e+02,3.870000000000000000e+02,4.080000000000000000e+02,3.920000000000000000e+02,1.310000000000000000e+02,-2.300000000000000000e+01,4.000000000000000000e+00
-1.000000000000000000e+00,1.600000000000000000e+01,1.600000000000000000e+01,4.840000000000000000e+02,3.920000000000000000e+02,4.560000000000000000e+02,3.920000000000000000e+02,1.130000000000000000e+02,0.000000000000000000e+00,4.000000000000000000e+00
-1.000000000000000000e+00,1.600000000000000000e+01,1.600000000000000000e+01,5.130000000000000000e+02,3.920000000000000000e+02,4.880000000000000000e+02,3.920000000000000000e+02,1.000000000000000000e+02,0.000000000000000000e+00,4.000000000000000000e+00
-1.000000000000000000e+00,1.600000000000000000e+01,8.000000000000000000e+00,5.290000000000000000e+02,3.880000000000000000e+02,5.040000000000000000e+02,3.880000000000000000e+02,1.000000000000000000e+02,-3.000000000000000000e+00,4.000000000000000000e+00
-1.000000000000000000e+00,1.600000000000000000e+01,8.000000000000000000e+00,5.290000000000000000e+02,3.950000000000000000e+02,5.040000000000000000e+02,3.960000000000000000e+02,1.000000000000000000e+02,-4.000000000000000000e+00,4.000000000000000000e+00
-1.000000000000000000e+00,1.600000000000000000e+01,1.600000000000000000e+01,5.610000000000000000e+02,3.910000000000000000e+02,5.360000000000000000e+02,3.920000000000000000e+02,1.000000000000000000e+02,-7.000000000000000000e+00,4.000000000000000000e+00
-1.000000000000000000e+00,1.600000000000000000e+01,1.600000000000000000e+01,5.770000000000000000e+02,3.920000000000000000e+02,5.520000000000000000e+02,3.920000000000000000e+02,1.000000000000000000e+02,1.000000000000000000e+00,4.000000000000000000e+00
-1.000000000000000000e+00,1.600000000000000000e+01,1.600000000000000000e+01,5.930000000000000000e+02,3.920000000000000000e+02,5.680000000000000000e+02,3.920000000000000000e+02,1.000000000000000000e+02,1.000000000000000000e+00,4.000000000000000000e+00
-1.000000000000000000e+00,1.600000000000000000e+01,1.600000000000000000e+01,7.040000000000000000e+02,3.940000000000000000e+02,6.800000000000000000e+02,3.920000000000000000e+02,9.900000000000000000e+01,9.000000000000000000e+00,4.000000000000000000e+00
-1.000000000000000000e+00,8.000000000000000000e+00,1.600000000000000000e+01,7.170000000000000000e+02,3.940000000000000000e+02,6.920000000000000000e+02,3.920000000000000000e+02,1.010000000000000000e+02,9.000000000000000000e+00,4.000000000000000000e+00
-1.000000000000000000e+00,8.000000000000000000e+00,1.600000000000000000e+01,7.240000000000000000e+02,3.860000000000000000e+02,7.000000000000000000e+02,3.920000000000000000e+02,9.900000000000000000e+01,-2.400000000000000000e+01,4.000000000000000000e+00
-1.000000000000000000e+00,1.600000000000000000e+01,1.600000000000000000e+01,7.360000000000000000e+02,3.900000000000000000e+02,7.120000000000000000e+02,3.920000000000000000e+02,9.900000000000000000e+01,-1.000000000000000000e+01,4.000000000000000000e+00
-1.000000000000000000e+00,1.600000000000000000e+01,1.600000000000000000e+01,7.520000000000000000e+02,3.910000000000000000e+02,7.280000000000000000e+02,3.920000000000000000e+02,9.900000000000000000e+01,-4.000000000000000000e+00,4.000000000000000000e+00
-1.000000000000000000e+00,1.600000000000000000e+01,1.600000000000000000e+01,7.670000000000000000e+02,3.890000000000000000e+02,7.440000000000000000e+02,3.920000000000000000e+02,9.500000000000000000e+01,-1.300000000000000000e+01,4.000000000000000000e+00
-1.000000000000000000e+00,1.600000000000000000e+01,1.600000000000000000e+01,7.840000000000000000e+02,3.920000000000000000e+02,7.600000000000000000e+02,3.920000000000000000e+02,9.700000000000000000e+01,-2.000000000000000000e+00,4.000000000000000000e+00
-1.000000000000000000e+00,1.600000000000000000e+01,1.600000000000000000e+01,8.430000000000000000e+02,3.920000000000000000e+02,7.920000000000000000e+02,3.920000000000000000e+02,2.050000000000000000e+02,0.000000000000000000e+00,4.000000000000000000e+00
-1.000000000000000000e+00,8.000000000000000000e+00,1.600000000000000000e+01,8.550000000000000000e+02,3.920000000000000000e+02,8.040000000000000000e+02,3.920000000000000000e+02,2.050000000000000000e+02,0.000000000000000000e+00,4.000000000000000000e+00
-1.000000000000000000e+00,8.000000000000000000e+00,1.600000000000000000e+01,8.330000000000000000e+02,3.870000000000000000e+02,8.120000000000000000e+02,3.920000000000000000e+02,8.400000000000000000e+01,-2.200000000000000000e+01,4.000000000000000000e+00
-1.000000000000000000e+00,1.600000000000000000e+01,1.600000000000000000e+01,8.590000000000000000e+02,3.920000000000000000e+02,8.400000000000000000e+02,3.920000000000000000e+02,7.700000000000000000e+01,-2.000000000000000000e+00,4.000000000000000000e+00
-1.000000000000000000e+00,1.600000000000000000e+01,1.600000000000000000e+01,8.750000000000000000e+02,3.920000000000000000e+02,8.560000000000000000e+02,3.920000000000000000e+02,7.700000000000000000e+01,-2.000000000000000000e+00,4.000000000000000000e+00
-1.000000000000000000e+00,1.600000000000000000e+01,1.600000000000000000e+01,8.910000000000000000e+02,3.920000000000000000e+02,8.720000000000000000e+02,3.920000000000000000e+02,7.700000000000000000e+01,-2.000000000000000000e+00,4.000000000000000000e+00
-1.000000000000000000e+00,1.600000000000000000e+01,1.600000000000000000e+01,9.230000000000000000e+02,3.920000000000000000e+02,9.040000000000000000e+02,3.920000000000000000e+02,7.700000000000000000e+01,-2.000000000000000000e+00,4.000000000000000000e+00
-1.000000000000000000e+00,1.600000000000000000e+01,1.600000000000000000e+01,9.390000000000000000e+02,3.920000000000000000e+02,9.200000000000000000e+02,3.920000000000000000e+02,7.700000000000000000e+01,-2.000000000000000000e+00,4.000000000000000000e+00
-1.000000000000000000e+00,1.600000000000000000e+01,1.600000000000000000e+01,9.550000000000000000e+02,3.920000000000000000e+02,9.360000000000000000e+02,3.920000000000000000e+02,7.700000000000000000e+01,-2.000000000000000000e+00,4.000000000000000000e+00
-1.000000000000000000e+00,1.600000000000000000e+01,1.600000000000000000e+01,9.860000000000000000e+02,3.910000000000000000e+02,9.680000000000000000e+02,3.920000000000000000e+02,7.300000000000000000e+01,-6.000000000000000000e+00,4.000000000000000000e+00
-1.000000000000000000e+00,1.600000000000000000e+01,1.600000000000000000e+01,1.002000000000000000e+03,3.910000000000000000e+02,9.840000000000000000e+02,3.920000000000000000e+02,7.300000000000000000e+01,-6.000000000000000000e+00,4.000000000000000000e+00
-1.000000000000000000e+00,1.600000000000000000e+01,1.600000000000000000e+01,1.018000000000000000e+03,3.910000000000000000e+02,1.000000000000000000e+03,3.920000000000000000e+02,7.200000000000000000e+01,-4.000000000000000000e+00,4.000000000000000000e+00
-1.000000000000000000e+00,1.600000000000000000e+01,1.600000000000000000e+01,1.034000000000000000e+03,3.910000000000000000e+02,1.016000000000000000e+03,3.920000000000000000e+02,7.200000000000000000e+01,-4.000000000000000000e+00,4.000000000000000000e+00
-1.000000000000000000e+00,1.600000000000000000e+01,1.600000000000000000e+01,1.050000000000000000e+03,3.910000000000000000e+02,1.032000000000000000e+03,3.920000000000000000e+02,7.200000000000000000e+01,-4.000000000000000000e+00,4.000000000000000000e+00
-1.000000000000000000e+00,1.600000000000000000e+01,1.600000000000000000e+01,1.065000000000000000e+03,3.910000000000000000e+02,1.048000000000000000e+03,3.920000000000000000e+02,7.000000000000000000e+01,-4.000000000000000000e+00,4.000000000000000000e+00
-1.000000000000000000e+00,1.600000000000000000e+01,1.600000000000000000e+01,1.081000000000000000e+03,3.910000000000000000e+02,1.064000000000000000e+03,3.920000000000000000e+02,7.000000000000000000e+01,-4.000000000000000000e+00,4.000000000000000000e+00
-1.000000000000000000e+00,1.600000000000000000e+01,1.600000000000000000e+01,1.097000000000000000e+03,3.910000000000000000e+02,1.080000000000000000e+03,3.920000000000000000e+02,7.000000000000000000e+01,-4.000000000000000000e+00,4.000000000000000000e+00
-1.000000000000000000e+00,1.600000000000000000e+01,1.600000000000000000e+01,1.113000000000000000e+03,3.920000000000000000e+02,1.096000000000000000e+03,3.920000000000000000e+02,7.000000000000000000e+01,-3.000000000000000000e+00,4.000000000000000000e+00
-1.000000000000000000e+00,1.600000000000000000e+01,1.600000000000000000e+01,1.129000000000000000e+03,3.920000000000000000e+02,1.112000000000000000e+03,3.920000000000000000e+02,6.900000000000000000e+01,-3.000000000000000000e+00,4.000000000000000000e+00
-1.000000000000000000e+00,1.600000000000000000e+01,1.600000000000000000e+01,1.145000000000000000e+03,3.920000000000000000e+02,1.128000000000000000e+03,3.920000000000000000e+02,6.900000000000000000e+01,-3.000000000000000000e+00,4.000000000000000000e+00
-1.000000000000000000e+00,1.600000000000000000e+01,1.600000000000000000e+01,1.161000000000000000e+03,3.910000000000000000e+02,1.144000000000000000e+03,3.920000000000000000e+02,6.900000000000000000e+01,-4.000000000000000000e+00,4.000000000000000000e+00
-1.000000000000000000e+00,1.600000000000000000e+01,1.600000000000000000e+01,1.176000000000000000e+03,3.910000000000000000e+02,1.160000000000000000e+03,3.920000000000000000e+02,6.400000000000000000e+01,-4.000000000000000000e+00,4.000000000000000000e+00
-1.000000000000000000e+00,1.600000000000000000e+01,1.600000000000000000e+01,1.192000000000000000e+03,3.930000000000000000e+02,1.176000000000000000e+03,3.920000000000000000e+02,6.400000000000000000e+01,4.000000000000000000e+00,4.000000000000000000e+00
-1.000000000000000000e+00,1.600000000000000000e+01,1.600000000000000000e+01,1.208000000000000000e+03,3.930000000000000000e+02,1.192000000000000000e+03,3.920000000000000000e+02,6.400000000000000000e+01,4.000000000000000000e+00,4.000000000000000000e+00
-1.000000000000000000e+00,1.600000000000000000e+01,1.600000000000000000e+01,1.224000000000000000e+03,3.920000000000000000e+02,1.208000000000000000e+03,3.920000000000000000e+02,6.500000000000000000e+01,-1.000000000000000000e+00,4.000000000000000000e+00
-1.000000000000000000e+00,1.600000000000000000e+01,1.600000000000000000e+01,1.241000000000000000e+03,3.900000000000000000e+02,1.224000000000000000e+03,3.920000000000000000e+02,6.800000000000000000e+01,-8.000000000000000000e+00,4.000000000000000000e+00
-1.000000000000000000e+00,1.600000000000000000e+01,1.600000000000000000e+01,1.259000000000000000e+03,3.910000000000000000e+02,1.240000000000000000e+03,3.920000000000000000e+02,7.900000000000000000e+01,-4.000000000000000000e+00,4.000000000000000000e+00
-1.000000000000000000e+00,1.600000000000000000e+01,1.600000000000000000e+01,1.275000000000000000e+03,3.920000000000000000e+02,1.256000000000000000e+03,3.920000000000000000e+02,7.900000000000000000e+01,0.000000000000000000e+00,4.000000000000000000e+00
-1.000000000000000000e+00,1.600000000000000000e+01,1.600000000000000000e+01,1.291000000000000000e+03,3.920000000000000000e+02,1.272000000000000000e+03,3.920000000000000000e+02,7.900000000000000000e+01,0.000000000000000000e+00,4.000000000000000000e+00
-1.000000000000000000e+00,1.600000000000000000e+01,1.600000000000000000e+01,4.800000000000000000e+01,4.050000000000000000e+02,8.000000000000000000e+00,4.080000000000000000e+02,1.630000000000000000e+02,-1.400000000000000000e+01,4.000000000000000000e+00
-1.000000000000000000e+00,8.000000000000000000e+00,1.600000000000000000e+01,6.000000000000000000e+01,4.050000000000000000e+02,2.000000000000000000e+01,4.080000000000000000e+02,1.610000000000000000e+02,-1.400000000000000000e+01,4.000000000000000000e+00
-1.000000000000000000e+00,8.000000000000000000e+00,1.600000000000000000e+01,6.700000000000000000e+01,4.050000000000000000e+02,2.800000000000000000e+01,4.080000000000000000e+02,1.590000000000000000e+02,-1.200000000000000000e+01,4.000000000000000000e+00
-1.000000000000000000e+00,1.600000000000000000e+01,1.600000000000000000e+01,1.240000000000000000e+02,4.060000000000000000e+02,8.800000000000000000e+01,4.080000000000000000e+02,1.470000000000000000e+02,-1.100000000000000000e+01,4.000000000000000000e+00
-1.000000000000000000e+00,1.600000000000000000e+01,1.600000000000000000e+01,1.360000000000000000e+02,4.080000000000000000e+02,1.040000000000000000e+02,4.080000000000000000e+02,1.280000000000000000e+02,0.000000000000000000e+00,4.000000000000000000e+00
-1.000000000000000000e+00,1.600000000000000000e+01,1.600000000000000000e+01,2.270000000000000000e+02,4.060000000000000000e+02,1.840000000000000000e+02,4.080000000000000000e+02,1.720000000000000000e+02,-8.000000000000000000e+00,4.000000000000000000e+00
-1.000000000000000000e+00,1.600000000000000000e+01,1.600000000000000000e+01,2.430000000000000000e+02,4.060000000000000000e+02,2.000000000000000000e+02,4.080000000000000000e+02,1.720000000000000000e+02,-8.000000000000000000e+00,4.000000000000000000e+00
-1.000000000000000000e+00,1.600000000000000000e+01,8.000000000000000000e+00,2.490000000000000000e+02,4.010000000000000000e+02,2.160000000000000000e+02,4.040000000000000000e+02,1.330000000000000000e+02,-1.200000000000000000e+01,4.000000000000000000e+00
-1.000000000000000000e+00,1.600000000000000000e+01,8.000000000000000000e+00,2.590000000000000000e+02,4.100000000000000000e+02,2.160000000000000000e+02,4.120000000000000000e+02,1.720000000000000000e+02,-8.000000000000000000e+00,4.000000000000000000e+00
-1.000000000000000000e+00,1.600000000000000000e+01,1.600000000000000000e+01,2.630000000000000000e+02,4.050000000000000000e+02,2.320000000000000000e+02,4.080000000000000000e+02,1.250000000000000000e+02,-1.200000000000000000e+01,4.000000000000000000e+00
-1.000000000000000000e+00,1.600000000000000000e+01,1.600000000000000000e+01,2.790000000000000000e+02,4.050000000000000000e+02,2.480000000000000000e+02,4.080000000000000000e+02,1.270000000000000000e+02,-1.200000000000000000e+01,4.000000000000000000e+00
-1.000000000000000000e+00,1.600000000000000000e+01,1.600000000000000000e+01,2.950000000000000000e+02,4.050000000000000000e+02,2.640000000000000000e+02,4.080000000000000000e+02,1.270000000000000000e+02,-1.200000000000000000e+01,4.000000000000000000e+00
-1.000000000000000000e+00,1.600000000000000000e+01,1.600000000000000000e+01,3.110000000000000000e+02,4.050000000000000000e+02,2.800000000000000000e+02,4.080000000000000000e+02,1.240000000000000000e+02,-1.200000000000000000e+01,4.000000000000000000e+00
-1.000000000000000000e+00,1.600000000000000000e+01,1.600000000000000000e+01,3.260000000000000000e+02,4.050000000000000000e+02,2.960000000000000000e+02,4.080000000000000000e+02,1.230000000000000000e+02,-1.200000000000000000e+01,4.000000000000000000e+00
-1.000000000000000000e+00,1.600000000000000000e+01,1.600000000000000000e+01,3.420000000000000000e+02,4.050000000000000000e+02,3.120000000000000000e+02,4.080000000000000000e+02,1.230000000000000000e+02,-1.200000000000000000e+01,4.000000000000000000e+00
-1.000000000000000000e+00,1.600000000000000000e+01,8.000000000000000000e+00,3.580000000000000000e+02,4.020000000000000000e+02,3.280000000000000000e+02,4.040000000000000000e+02,1.230000000000000000e+02,-1.000000000000000000e+01,4.000000000000000000e+00
-1.000000000000000000e+00,1.600000000000000000e+01,8.000000000000000000e+00,3.580000000000000000e+02,4.100000000000000000e+02,3.280000000000000000e+02,4.120000000000000000e+02,1.230000000000000000e+02,-1.100000000000000000e+01,4.000000000000000000e+00
-1.000000000000000000e+00,1.600000000000000000e+01,8.000000000000000000e+00,3.740000000000000000e+02,4.020000000000000000e+02,3.440000000000000000e+02,4.040000000000000000e+02,1.210000000000000000e+02,-1.100000000000000000e+01,4.000000000000000000e+00
-1.000000000000000000e+00,1.600000000000000000e+01,8.000000000000000000e+00,3.740000000000000000e+02,4.090000000000000000e+02,3.440000000000000000e+02,4.120000000000000000e+02,1.230000000000000000e+02,-1.200000000000000000e+01,4.000000000000000000e+00
-1.000000000000000000e+00,1.600000000000000000e+01,1.600000000000000000e+01,3.920000000000000000e+02,4.060000000000000000e+02,3.600000000000000000e+02,4.080000000000000000e+02,1.280000000000000000e+02,-1.100000000000000000e+01,4.000000000000000000e+00
-1.000000000000000000e+00,1.600000000000000000e+01,1.600000000000000000e+01,4.050000000000000000e+02,4.060000000000000000e+02,3.760000000000000000e+02,4.080000000000000000e+02,1.190000000000000000e+02,-1.100000000000000000e+01,4.000000000000000000e+00
-1.000000000000000000e+00,1.600000000000000000e+01,1.600000000000000000e+01,4.220000000000000000e+02,4.060000000000000000e+02,3.920000000000000000e+02,4.080000000000000000e+02,1.210000000000000000e+02,-9.000000000000000000e+00,4.000000000000000000e+00
-1.000000000000000000e+00,1.600000000000000000e+01,1.600000000000000000e+01,4.360000000000000000e+02,4.060000000000000000e+02,4.080000000000000000e+02,4.080000000000000000e+02,1.150000000000000000e+02,-1.100000000000000000e+01,4.000000000000000000e+00
-1.000000000000000000e+00,8.000000000000000000e+00,1.600000000000000000e+01,4.490000000000000000e+02,4.060000000000000000e+02,4.200000000000000000e+02,4.080000000000000000e+02,1.170000000000000000e+02,-1.100000000000000000e+01,4.000000000000000000e+00
-1.000000000000000000e+00,8.000000000000000000e+00,1.600000000000000000e+01,4.550000000000000000e+02,4.060000000000000000e+02,4.280000000000000000e+02,4.080000000000000000e+02,1.110000000000000000e+02,-1.100000000000000000e+01,4.000000000000000000e+00
-1.000000000000000000e+00,1.600000000000000000e+01,8.000000000000000000e+00,4.670000000000000000e+02,4.020000000000000000e+02,4.400000000000000000e+02,4.040000000000000000e+02,1.090000000000000000e+02,-1.000000000000000000e+01,4.000000000000000000e+00
-1.000000000000000000e+00,1.600000000000000000e+01,8.000000000000000000e+00,4.690000000000000000e+02,4.100000000000000000e+02,4.400000000000000000e+02,4.120000000000000000e+02,1.180000000000000000e+02,-1.000000000000000000e+01,4.000000000000000000e+00
-1.000000000000000000e+00,1.600000000000000000e+01,8.000000000000000000e+00,4.840000000000000000e+02,4.020000000000000000e+02,4.560000000000000000e+02,4.040000000000000000e+02,1.130000000000000000e+02,-1.000000000000000000e+01,4.000000000000000000e+00
-1.000000000000000000e+00,1.600000000000000000e+01,8.000000000000000000e+00,4.850000000000000000e+02,4.100000000000000000e+02,4.560000000000000000e+02,4.120000000000000000e+02,1.180000000000000000e+02,-9.000000000000000000e+00,4.000000000000000000e+00
-1.000000000000000000e+00,1.600000000000000000e+01,1.600000000000000000e+01,5.050000000000000000e+02,4.060000000000000000e+02,4.720000000000000000e+02,4.080000000000000000e+02,1.350000000000000000e+02,-8.000000000000000000e+00,4.000000000000000000e+00
-1.000000000000000000e+00,1.600000000000000000e+01,1.600000000000000000e+01,5.220000000000000000e+02,4.060000000000000000e+02,4.880000000000000000e+02,4.080000000000000000e+02,1.370000000000000000e+02,-8.000000000000000000e+00,4.000000000000000000e+00
-1.000000000000000000e+00,1.600000000000000000e+01,1.600000000000000000e+01,5.350000000000000000e+02,4.060000000000000000e+02,5.040000000000000000e+02,4.080000000000000000e+02,1.240000000000000000e+02,-9.000000000000000000e+00,4.000000000000000000e+00
-1.000000000000000000e+00,1.600000000000000000e+01,1.600000000000000000e+01,5.500000000000000000e+02,4.060000000000000000e+02,5.200000000000000000e+02,4.080000000000000000e+02,1.220000000000000000e+02,-9.000000000000000000e+00,4.000000000000000000e+00
-1.000000000000000000e+00,1.600000000000000000e+01,1.600000000000000000e+01,5.670000000000000000e+02,4.060000000000000000e+02,5.360000000000000000e+02,4.080000000000000000e+02,1.270000000000000000e+02,-8.000000000000000000e+00,4.000000000000000000e+00
-1.000000000000000000e+00,8.000000000000000000e+00,1.600000000000000000e+01,5.790000000000000000e+02,4.060000000000000000e+02,5.480000000000000000e+02,4.080000000000000000e+02,1.240000000000000000e+02,-9.000000000000000000e+00,4.000000000000000000e+00
-1.000000000000000000e+00,8.000000000000000000e+00,1.600000000000000000e+01,5.900000000000000000e+02,4.070000000000000000e+02,5.560000000000000000e+02,4.080000000000000000e+02,1.380000000000000000e+02,-7.000000000000000000e+00,4.000000000000000000e+00
-1.000000000000000000e+00,8.000000000000000000e+00,1.600000000000000000e+01,5.510000000000000000e+02,3.920000000000000000e+02,5.640000000000000000e+02,4.080000000000000000e+02,-5.400000000000000000e+01,-6.700000000000000000e+01,4.000000000000000000e+00
-1.000000000000000000e+00,8.000000000000000000e+00,1.600000000000000000e+01,5.590000000000000000e+02,3.910000000000000000e+02,5.720000000000000000e+02,4.080000000000000000e+02,-5.400000000000000000e+01,-6.900000000000000000e+01,4.000000000000000000e+00
-1.000000000000000000e+00,1.600000000000000000e+01,8.000000000000000000e+00,5.840000000000000000e+02,3.960000000000000000e+02,5.840000000000000000e+02,4.040000000000000000e+02,0.000000000000000000e+00,-3.200000000000000000e+01,4.000000000000000000e+00
-1.000000000000000000e+00,1.600000000000000000e+01,8.000000000000000000e+00,5.840000000000000000e+02,4.010000000000000000e+02,5.840000000000000000e+02,4.120000000000000000e+02,0.000000000000000000e+00,-4.400000000000000000e+01,4.000000000000000000e+00
-1.000000000000000000e+00,1.600000000000000000e+01,1.600000000000000000e+01,5.840000000000000000e+02,4.000000000000000000e+02,6.000000000000000000e+02,4.080000000000000000e+02,-6.700000000000000000e+01,-3.200000000000000000e+01,4.000000000000000000e+00
-1.000000000000000000e+00,1.600000000000000000e+01,1.600000000000000000e+01,5.840000000000000000e+02,3.970000000000000000e+02,6.160000000000000000e+02,4.080000000000000000e+02,-1.280000000000000000e+02,-4.400000000000000000e+01,4.000000000000000000e+00
-1.000000000000000000e+00,8.000000000000000000e+00,1.600000000000000000e+01,7.030000000000000000e+02,4.100000000000000000e+02,6.760000000000000000e+02,4.080000000000000000e+02,1.110000000000000000e+02,9.000000000000000000e+00,4.000000000000000000e+00
-1.000000000000000000e+00,8.000000000000000000e+00,1.600000000000000000e+01,7.080000000000000000e+02,4.100000000000000000e+02,6.840000000000000000e+02,4.080000000000000000e+02,9.800000000000000000e+01,9.000000000000000000e+00,4.000000000000000000e+00
-1.000000000000000000e+00,1.600000000000000000e+01,1.600000000000000000e+01,7.370000000000000000e+02,4.070000000000000000e+02,7.120000000000000000e+02,4.080000000000000000e+02,1.030000000000000000e+02,-4.000000000000000000e+00,4.000000000000000000e+00
-1.000000000000000000e+00,1.600000000000000000e+01,1.600000000000000000e+01,7.520000000000000000e+02,4.080000000000000000e+02,7.280000000000000000e+02,4.080000000000000000e+02,9.900000000000000000e+01,-3.000000000000000000e+00,4.000000000000000000e+00
-1.000000000000000000e+00,1.600000000000000000e+01,1.600000000000000000e+01,7.690000000000000000e+02,4.070000000000000000e+02,7.440000000000000000e+02,4.080000000000000000e+02,1.010000000000000000e+02,-4.000000000000000000e+00,4.000000000000000000e+00
-1.000000000000000000e+00,1.600000000000000000e+01,1.600000000000000000e+01,7.850000000000000000e+02,4.080000000000000000e+02,7.600000000000000000e+02,4.080000000000000000e+02,1.030000000000000000e+02,-2.000000000000000000e+00,4.000000000000000000e+00
-1.000000000000000000e+00,1.600000000000000000e+01,1.600000000000000000e+01,8.010000000000000000e+02,4.080000000000000000e+02,7.760000000000000000e+02,4.080000000000000000e+02,1.030000000000000000e+02,-2.000000000000000000e+00,4.000000000000000000e+00
-1.000000000000000000e+00,1.600000000000000000e+01,1.600000000000000000e+01,8.400000000000000000e+02,4.080000000000000000e+02,7.920000000000000000e+02,4.080000000000000000e+02,1.920000000000000000e+02,0.000000000000000000e+00,4.000000000000000000e+00
-1.000000000000000000e+00,1.600000000000000000e+01,1.600000000000000000e+01,8.290000000000000000e+02,4.050000000000000000e+02,8.080000000000000000e+02,4.080000000000000000e+02,8.600000000000000000e+01,-1.300000000000000000e+01,4.000000000000000000e+00
-1.000000000000000000e+00,1.600000000000000000e+01,1.600000000000000000e+01,8.470000000000000000e+02,4.070000000000000000e+02,8.240000000000000000e+02,4.080000000000000000e+02,9.300000000000000000e+01,-6.000000000000000000e+00,4.000000000000000000e+00
-1.000000000000000000e+00,1.600000000000000000e+01,1.600000000000000000e+01,8.750000000000000000e+02,4.080000000000000000e+02,8.560000000000000000e+02,4.080000000000000000e+02,7.700000000000000000e+01,-2.000000000000000000e+00,4.000000000000000000e+00
-1.000000000000000000e+00,1.600000000000000000e+01,1.600000000000000000e+01,8.910000000000000000e+02,4.080000000000000000e+02,8.720000000000000000e+02,4.080000000000000000e+02,7.700000000000000000e+01,-2.000000000000000000e+00,4.000000000000000000e+00
-1.000000000000000000e+00,1.600000000000000000e+01,1.600000000000000000e+01,9.070000000000000000e+02,4.080000000000000000e+02,8.880000000000000000e+02,4.080000000000000000e+02,7.700000000000000000e+01,-2.000000000000000000e+00,4.000000000000000000e+00
-1.000000000000000000e+00,1.600000000000000000e+01,1.600000000000000000e+01,9.230000000000000000e+02,4.070000000000000000e+02,9.040000000000000000e+02,4.080000000000000000e+02,7.700000000000000000e+01,-4.000000000000000000e+00,4.000000000000000000e+00
-1.000000000000000000e+00,1.600000000000000000e+01,1.600000000000000000e+01,9.390000000000000000e+02,4.080000000000000000e+02,9.200000000000000000e+02,4.080000000000000000e+02,7.700000000000000000e+01,-2.000000000000000000e+00,4.000000000000000000e+00
-1.000000000000000000e+00,1.600000000000000000e+01,1.600000000000000000e+01,9.390000000000000000e+02,4.100000000000000000e+02,9.360000000000000000e+02,4.080000000000000000e+02,1.400000000000000000e+01,8.000000000000000000e+00,4.000000000000000000e+00
-1.000000000000000000e+00,1.600000000000000000e+01,1.600000000000000000e+01,9.700000000000000000e+02,4.070000000000000000e+02,9.520000000000000000e+02,4.080000000000000000e+02,7.300000000000000000e+01,-6.000000000000000000e+00,4.000000000000000000e+00
-1.000000000000000000e+00,1.600000000000000000e+01,1.600000000000000000e+01,9.860000000000000000e+02,4.070000000000000000e+02,9.680000000000000000e+02,4.080000000000000000e+02,7.300000000000000000e+01,-6.000000000000000000e+00,4.000000000000000000e+00
-1.000000000000000000e+00,1.600000000000000000e+01,1.600000000000000000e+01,1.002000000000000000e+03,4.070000000000000000e+02,9.840000000000000000e+02,4.080000000000000000e+02,7.300000000000000000e+01,-6.000000000000000000e+00,4.000000000000000000e+00
-1.000000000000000000e+00,1.600000000000000000e+01,1.600000000000000000e+01,1.018000000000000000e+03,4.070000000000000000e+02,1.000000000000000000e+03,4.080000000000000000e+02,7.200000000000000000e+01,-4.000000000000000000e+00,4.000000000000000000e+00
-1.000000000000000000e+00,1.600000000000000000e+01,1.600000000000000000e+01,1.049000000000000000e+03,4.070000000000000000e+02,1.032000000000000000e+03,4.080000000000000000e+02,7.000000000000000000e+01,-4.000000000000000000e+00,4.000000000000000000e+00
-1.000000000000000000e+00,1.600000000000000000e+01,1.600000000000000000e+01,1.065000000000000000e+03,4.070000000000000000e+02,1.048000000000000000e+03,4.080000000000000000e+02,7.000000000000000000e+01,-4.000000000000000000e+00,4.000000000000000000e+00
-1.000000000000000000e+00,1.600000000000000000e+01,1.600000000000000000e+01,1.145000000000000000e+03,4.080000000000000000e+02,1.128000000000000000e+03,4.080000000000000000e+02,6.900000000000000000e+01,-3.000000000000000000e+00,4.000000000000000000e+00
-1.000000000000000000e+00,1.600000000000000000e+01,1.600000000000000000e+01,1.161000000000000000e+03,4.070000000000000000e+02,1.144000000000000000e+03,4.080000000000000000e+02,6.900000000000000000e+01,-4.000000000000000000e+00,4.000000000000000000e+00
-1.000000000000000000e+00,1.600000000000000000e+01,1.600000000000000000e+01,1.176000000000000000e+03,4.070000000000000000e+02,1.160000000000000000e+03,4.080000000000000000e+02,6.400000000000000000e+01,-4.000000000000000000e+00,4.000000000000000000e+00
-1.000000000000000000e+00,1.600000000000000000e+01,1.600000000000000000e+01,1.192000000000000000e+03,4.100000000000000000e+02,1.176000000000000000e+03,4.080000000000000000e+02,6.400000000000000000e+01,9.000000000000000000e+00,4.000000000000000000e+00
-1.000000000000000000e+00,1.600000000000000000e+01,1.600000000000000000e+01,1.208000000000000000e+03,4.090000000000000000e+02,1.192000000000000000e+03,4.080000000000000000e+02,6.400000000000000000e+01,4.000000000000000000e+00,4.000000000000000000e+00
-1.000000000000000000e+00,1.600000000000000000e+01,1.600000000000000000e+01,1.224000000000000000e+03,4.080000000000000000e+02,1.208000000000000000e+03,4.080000000000000000e+02,6.500000000000000000e+01,-1.000000000000000000e+00,4.000000000000000000e+00
-1.000000000000000000e+00,1.600000000000000000e+01,1.600000000000000000e+01,1.241000000000000000e+03,4.070000000000000000e+02,1.224000000000000000e+03,4.080000000000000000e+02,6.800000000000000000e+01,-4.000000000000000000e+00,4.000000000000000000e+00
-1.000000000000000000e+00,1.600000000000000000e+01,1.600000000000000000e+01,1.259000000000000000e+03,4.070000000000000000e+02,1.240000000000000000e+03,4.080000000000000000e+02,7.900000000000000000e+01,-4.000000000000000000e+00,4.000000000000000000e+00
-1.000000000000000000e+00,1.600000000000000000e+01,1.600000000000000000e+01,1.275000000000000000e+03,4.080000000000000000e+02,1.256000000000000000e+03,4.080000000000000000e+02,7.900000000000000000e+01,0.000000000000000000e+00,4.000000000000000000e+00
-1.000000000000000000e+00,1.600000000000000000e+01,1.600000000000000000e+01,1.291000000000000000e+03,4.080000000000000000e+02,1.272000000000000000e+03,4.080000000000000000e+02,7.900000000000000000e+01,0.000000000000000000e+00,4.000000000000000000e+00
-1.000000000000000000e+00,1.600000000000000000e+01,1.600000000000000000e+01,4.900000000000000000e+01,4.200000000000000000e+02,8.000000000000000000e+00,4.240000000000000000e+02,1.640000000000000000e+02,-1.600000000000000000e+01,4.000000000000000000e+00
-1.000000000000000000e+00,1.600000000000000000e+01,1.600000000000000000e+01,6.400000000000000000e+01,4.210000000000000000e+02,2.400000000000000000e+01,4.240000000000000000e+02,1.610000000000000000e+02,-1.400000000000000000e+01,4.000000000000000000e+00
-1.000000000000000000e+00,1.600000000000000000e+01,1.600000000000000000e+01,7.900000000000000000e+01,4.210000000000000000e+02,4.000000000000000000e+01,4.240000000000000000e+02,1.580000000000000000e+02,-1.500000000000000000e+01,4.000000000000000000e+00
-1.000000000000000000e+00,1.600000000000000000e+01,8.000000000000000000e+00,9.400000000000000000e+01,4.210000000000000000e+02,5.600000000000000000e+01,4.200000000000000000e+02,1.550000000000000000e+02,7.000000000000000000e+00,4.000000000000000000e+00
-1.000000000000000000e+00,1.600000000000000000e+01,8.000000000000000000e+00,9.500000000000000000e+01,4.250000000000000000e+02,5.600000000000000000e+01,4.280000000000000000e+02,1.580000000000000000e+02,-1.500000000000000000e+01,4.000000000000000000e+00
-1.000000000000000000e+00,1.600000000000000000e+01,1.600000000000000000e+01,1.070000000000000000e+02,4.230000000000000000e+02,7.200000000000000000e+01,4.240000000000000000e+02,1.400000000000000000e+02,-4.000000000000000000e+00,4.000000000000000000e+00
-1.000000000000000000e+00,1.600000000000000000e+01,1.600000000000000000e+01,1.230000000000000000e+02,4.230000000000000000e+02,8.800000000000000000e+01,4.240000000000000000e+02,1.400000000000000000e+02,-4.000000000000000000e+00,4.000000000000000000e+00
-1.000000000000000000e+00,1.600000000000000000e+01,1.600000000000000000e+01,1.520000000000000000e+02,4.240000000000000000e+02,1.040000000000000000e+02,4.240000000000000000e+02,1.920000000000000000e+02,0.000000000000000000e+00,4.000000000000000000e+00
-1.000000000000000000e+00,1.600000000000000000e+01,1.600000000000000000e+01,1.950000000000000000e+02,4.220000000000000000e+02,1.680000000000000000e+02,4.240000000000000000e+02,1.080000000000000000e+02,-8.000000000000000000e+00,4.000000000000000000e+00
-1.000000000000000000e+00,1.600000000000000000e+01,1.600000000000000000e+01,2.470000000000000000e+02,4.220000000000000000e+02,2.160000000000000000e+02,4.240000000000000000e+02,1.250000000000000000e+02,-8.000000000000000000e+00,4.000000000000000000e+00
-1.000000000000000000e+00,1.600000000000000000e+01,1.600000000000000000e+01,2.630000000000000000e+02,4.210000000000000000e+02,2.320000000000000000e+02,4.240000000000000000e+02,1.250000000000000000e+02,-1.200000000000000000e+01,4.000000000000000000e+00
-1.000000000000000000e+00,1.600000000000000000e+01,1.600000000000000000e+01,2.790000000000000000e+02,4.210000000000000000e+02,2.480000000000000000e+02,4.240000000000000000e+02,1.270000000000000000e+02,-1.200000000000000000e+01,4.000000000000000000e+00
-1.000000000000000000e+00,1.600000000000000000e+01,1.600000000000000000e+01,2.950000000000000000e+02,4.210000000000000000e+02,2.640000000000000000e+02,4.240000000000000000e+02,1.270000000000000000e+02,-1.200000000000000000e+01,4.000000000000000000e+00
-1.000000000000000000e+00,1.600000000000000000e+01,1.600000000000000000e+01,3.260000000000000000e+02,4.210000000000000000e+02,2.960000000000000000e+02,4.240000000000000000e+02,1.230000000000000000e+02,-1.200000000000000000e+01,4.000000000000000000e+00
-1.000000000000000000e+00,1.600000000000000000e+01,1.600000000000000000e+01,3.420000000000000000e+02,4.210000000000000000e+02,3.120000000000000000e+02,4.240000000000000000e+02,1.230000000000000000e+02,-1.200000000000000000e+01,4.000000000000000000e+00
-1.000000000000000000e+00,1.600000000000000000e+01,1.600000000000000000e+01,3.580000000000000000e+02,4.210000000000000000e+02,3.280000000000000000e+02,4.240000000000000000e+02,1.230000000000000000e+02,-1.200000000000000000e+01,4.000000000000000000e+00
-1.000000000000000000e+00,1.600000000000000000e+01,1.600000000000000000e+01,3.740000000000000000e+02,4.220000000000000000e+02,3.440000000000000000e+02,4.240000000000000000e+02,1.230000000000000000e+02,-1.000000000000000000e+01,4.000000000000000000e+00
-1.000000000000000000e+00,1.600000000000000000e+01,1.600000000000000000e+01,3.900000000000000000e+02,4.220000000000000000e+02,3.600000000000000000e+02,4.240000000000000000e+02,1.230000000000000000e+02,-1.100000000000000000e+01,4.000000000000000000e+00
-1.000000000000000000e+00,1.600000000000000000e+01,1.600000000000000000e+01,4.060000000000000000e+02,4.220000000000000000e+02,3.760000000000000000e+02,4.240000000000000000e+02,1.210000000000000000e+02,-1.100000000000000000e+01,4.000000000000000000e+00
-1.000000000000000000e+00,1.600000000000000000e+01,1.600000000000000000e+01,4.220000000000000000e+02,4.210000000000000000e+02,3.920000000000000000e+02,4.240000000000000000e+02,1.210000000000000000e+02,-1.200000000000000000e+01,4.000000000000000000e+00
-1.000000000000000000e+00,1.600000000000000000e+01,1.600000000000000000e+01,4.370000000000000000e+02,4.220000000000000000e+02,4.080000000000000000e+02,4.240000000000000000e+02,1.170000000000000000e+02,-1.100000000000000000e+01,4.000000000000000000e+00
-1.000000000000000000e+00,1.600000000000000000e+01,1.600000000000000000e+01,4.530000000000000000e+02,4.210000000000000000e+02,4.240000000000000000e+02,4.240000000000000000e+02,1.170000000000000000e+02,-1.200000000000000000e+01,4.000000000000000000e+00
-1.000000000000000000e+00,1.600000000000000000e+01,1.600000000000000000e+01,4.690000000000000000e+02,4.220000000000000000e+02,4.400000000000000000e+02,4.240000000000000000e+02,1.180000000000000000e+02,-1.000000000000000000e+01,4.000000000000000000e+00
-1.000000000000000000e+00,1.600000000000000000e+01,1.600000000000000000e+01,4.850000000000000000e+02,4.220000000000000000e+02,4.560000000000000000e+02,4.240000000000000000e+02,1.180000000000000000e+02,-1.000000000000000000e+01,4.000000000000000000e+00
-1.000000000000000000e+00,1.600000000000000000e+01,1.600000000000000000e+01,5.010000000000000000e+02,4.220000000000000000e+02,4.720000000000000000e+02,4.240000000000000000e+02,1.190000000000000000e+02,-1.000000000000000000e+01,4.000000000000000000e+00
-1.000000000000000000e+00,1.600000000000000000e+01,1.600000000000000000e+01,5.460000000000000000e+02,4.200000000000000000e+02,4.880000000000000000e+02,4.240000000000000000e+02,2.330000000000000000e+02,-1.800000000000000000e+01,4.000000000000000000e+00
-1.000000000000000000e+00,1.600000000000000000e+01,1.600000000000000000e+01,5.350000000000000000e+02,4.220000000000000000e+02,5.040000000000000000e+02,4.240000000000000000e+02,1.240000000000000000e+02,-9.000000000000000000e+00,4.000000000000000000e+00
-1.000000000000000000e+00,1.600000000000000000e+01,1.600000000000000000e+01,5.500000000000000000e+02,4.220000000000000000e+02,5.200000000000000000e+02,4.240000000000000000e+02,1.210000000000000000e+02,-9.000000000000000000e+00,4.000000000000000000e+00
-1.000000000000000000e+00,1.600000000000000000e+01,1.600000000000000000e+01,5.670000000000000000e+02,4.220000000000000000e+02,5.360000000000000000e+02,4.240000000000000000e+02,1.240000000000000000e+02,-9.000000000000000000e+00,4.000000000000000000e+00
-1.000000000000000000e+00,1.600000000000000000e+01,1.600000000000000000e+01,5.820000000000000000e+02,4.220000000000000000e+02,5.520000000000000000e+02,4.240000000000000000e+02,1.210000000000000000e+02,-9.000000000000000000e+00,4.000000000000000000e+00
-1.000000000000000000e+00,1.600000000000000000e+01,8.000000000000000000e+00,5.950000000000000000e+02,4.180000000000000000e+02,5.680000000000000000e+02,4.200000000000000000e+02,1.090000000000000000e+02,-1.000000000000000000e+01,4.000000000000000000e+00
-1.000000000000000000e+00,1.600000000000000000e+01,8.000000000000000000e+00,5.980000000000000000e+02,4.260000000000000000e+02,5.680000000000000000e+02,4.280000000000000000e+02,1.210000000000000000e+02,-9.000000000000000000e+00,4.000000000000000000e+00
-1.000000000000000000e+00,1.600000000000000000e+01,1.600000000000000000e+01,6.080000000000000000e+02,4.210000000000000000e+02,5.840000000000000000e+02,4.240000000000000000e+02,9.600000000000000000e+01,-1.300000000000000000e+01,4.000000000000000000e+00
-1.000000000000000000e+00,1.600000000000000000e+01,1.600000000000000000e+01,6.240000000000000000e+02,4.210000000000000000e+02,6.000000000000000000e+02,4.240000000000000000e+02,9.800000000000000000e+01,-1.300000000000000000e+01,4.000000000000000000e+00
-1.000000000000000000e+00,1.600000000000000000e+01,1.600000000000000000e+01,7.050000000000000000e+02,4.220000000000000000e+02,6.800000000000000000e+02,4.240000000000000000e+02,1.010000000000000000e+02,-9.000000000000000000e+00,4.000000000000000000e+00
-1.000000000000000000e+00,1.600000000000000000e+01,1.600000000000000000e+01,7.210000000000000000e+02,4.230000000000000000e+02,6.960000000000000000e+02,4.240000000000000000e+02,1.010000000000000000e+02,-4.000000000000000000e+00,4.000000000000000000e+00
-1.000000000000000000e+00,1.600000000000000000e+01,1.600000000000000000e+01,7.370000000000000000e+02,4.230000000000000000e+02,7.120000000000000000e+02,4.240000000000000000e+02,1.010000000000000000e+02,-4.000000000000000000e+00,4.000000000000000000e+00
-1.000000000000000000e+00,1.600000000000000000e+01,1.600000000000000000e+01,7.520000000000000000e+02,4.230000000000000000e+02,7.280000000000000000e+02,4.240000000000000000e+02,9.900000000000000000e+01,-4.000000000000000000e+00,4.000000000000000000e+00
-1.000000000000000000e+00,1.600000000000000000e+01,1.600000000000000000e+01,7.680000000000000000e+02,4.230000000000000000e+02,7.440000000000000000e+02,4.240000000000000000e+02,9.600000000000000000e+01,-5.000000000000000000e+00,4.000000000000000000e+00
-1.000000000000000000e+00,1.600000000000000000e+01,1.600000000000000000e+01,7.820000000000000000e+02,4.210000000000000000e+02,7.600000000000000000e+02,4.240000000000000000e+02,9.100000000000000000e+01,-1.400000000000000000e+01,4.000000000000000000e+00
-1.000000000000000000e+00,8.000000000000000000e+00,8.000000000000000000e+00,7.970000000000000000e+02,4.200000000000000000e+02,7.720000000000000000e+02,4.200000000000000000e+02,1.030000000000000000e+02,-2.000000000000000000e+00,4.000000000000000000e+00
-1.000000000000000000e+00,8.000000000000000000e+00,8.000000000000000000e+00,8.050000000000000000e+02,4.200000000000000000e+02,7.800000000000000000e+02,4.200000000000000000e+02,1.030000000000000000e+02,-2.000000000000000000e+00,4.000000000000000000e+00
-1.000000000000000000e+00,8.000000000000000000e+00,8.000000000000000000e+00,7.970000000000000000e+02,4.280000000000000000e+02,7.720000000000000000e+02,4.280000000000000000e+02,1.030000000000000000e+02,-3.000000000000000000e+00,4.000000000000000000e+00
-1.000000000000000000e+00,8.000000000000000000e+00,8.000000000000000000e+00,8.050000000000000000e+02,4.280000000000000000e+02,7.800000000000000000e+02,4.280000000000000000e+02,1.030000000000000000e+02,-2.000000000000000000e+00,4.000000000000000000e+00
-1.000000000000000000e+00,1.600000000000000000e+01,1.600000000000000000e+01,8.170000000000000000e+02,4.240000000000000000e+02,7.920000000000000000e+02,4.240000000000000000e+02,1.030000000000000000e+02,-2.000000000000000000e+00,4.000000000000000000e+00
-1.000000000000000000e+00,1.600000000000000000e+01,1.600000000000000000e+01,8.310000000000000000e+02,4.230000000000000000e+02,8.080000000000000000e+02,4.240000000000000000e+02,9.300000000000000000e+01,-6.000000000000000000e+00,4.000000000000000000e+00
-1.000000000000000000e+00,8.000000000000000000e+00,1.600000000000000000e+01,8.370000000000000000e+02,4.230000000000000000e+02,8.200000000000000000e+02,4.240000000000000000e+02,6.900000000000000000e+01,-6.000000000000000000e+00,4.000000000000000000e+00
-1.000000000000000000e+00,8.000000000000000000e+00,1.600000000000000000e+01,8.450000000000000000e+02,4.190000000000000000e+02,8.280000000000000000e+02,4.240000000000000000e+02,6.900000000000000000e+01,-2.300000000000000000e+01,4.000000000000000000e+00
-1.000000000000000000e+00,1.600000000000000000e+01,1.600000000000000000e+01,8.650000000000000000e+02,4.240000000000000000e+02,8.400000000000000000e+02,4.240000000000000000e+02,1.030000000000000000e+02,-2.000000000000000000e+00,4.000000000000000000e+00
-1.000000000000000000e+00,1.600000000000000000e+01,1.600000000000000000e+01,8.750000000000000000e+02,4.240000000000000000e+02,8.560000000000000000e+02,4.240000000000000000e+02,7.700000000000000000e+01,-2.000000000000000000e+00,4.000000000000000000e+00
-1.000000000000000000e+00,1.600000000000000000e+01,1.600000000000000000e+01,9.040000000000000000e+02,4.240000000000000000e+02,8.720000000000000000e+02,4.240000000000000000e+02,1.280000000000000000e+02,-2.000000000000000000e+00,4.000000000000000000e+00
-1.000000000000000000e+00,1.600000000000000000e+01,1.600000000000000000e+01,9.070000000000000000e+02,4.240000000000000000e+02,8.880000000000000000e+02,4.240000000000000000e+02,7.700000000000000000e+01,-2.000000000000000000e+00,4.000000000000000000e+00
-1.000000000000000000e+00,1.600000000000000000e+01,1.600000000000000000e+01,9.230000000000000000e+02,4.240000000000000000e+02,9.040000000000000000e+02,4.240000000000000000e+02,7.700000000000000000e+01,-2.000000000000000000e+00,4.000000000000000000e+00
-1.000000000000000000e+00,1.600000000000000000e+01,1.600000000000000000e+01,9.390000000000000000e+02,4.240000000000000000e+02,9.200000000000000000e+02,4.240000000000000000e+02,7.700000000000000000e+01,-2.000000000000000000e+00,4.000000000000000000e+00
-1.000000000000000000e+00,1.600000000000000000e+01,1.600000000000000000e+01,9.700000000000000000e+02,4.260000000000000000e+02,9.520000000000000000e+02,4.240000000000000000e+02,7.300000000000000000e+01,8.000000000000000000e+00,4.000000000000000000e+00
-1.000000000000000000e+00,1.600000000000000000e+01,1.600000000000000000e+01,9.900000000000000000e+02,4.240000000000000000e+02,9.680000000000000000e+02,4.240000000000000000e+02,8.800000000000000000e+01,-3.000000000000000000e+00,4.000000000000000000e+00
-1.000000000000000000e+00,1.600000000000000000e+01,1.600000000000000000e+01,1.002000000000000000e+03,4.230000000000000000e+02,9.840000000000000000e+02,4.240000000000000000e+02,7.300000000000000000e+01,-4.000000000000000000e+00,4.000000000000000000e+00
-1.000000000000000000e+00,1.600000000000000000e+01,1.600000000000000000e+01,1.018000000000000000e+03,4.230000000000000000e+02,1.000000000000000000e+03,4.240000000000000000e+02,7.200000000000000000e+01,-4.000000000000000000e+00,4.000000000000000000e+00
-1.000000000000000000e+00,1.600000000000000000e+01,1.600000000000000000e+01,1.033000000000000000e+03,4.230000000000000000e+02,1.016000000000000000e+03,4.240000000000000000e+02,7.000000000000000000e+01,-4.000000000000000000e+00,4.000000000000000000e+00
-1.000000000000000000e+00,1.600000000000000000e+01,1.600000000000000000e+01,1.049000000000000000e+03,4.230000000000000000e+02,1.032000000000000000e+03,4.240000000000000000e+02,7.000000000000000000e+01,-4.000000000000000000e+00,4.000000000000000000e+00
-1.000000000000000000e+00,1.600000000000000000e+01,1.600000000000000000e+01,1.065000000000000000e+03,4.230000000000000000e+02,1.048000000000000000e+03,4.240000000000000000e+02,7.000000000000000000e+01,-4.000000000000000000e+00,4.000000000000000000e+00
-1.000000000000000000e+00,1.600000000000000000e+01,1.600000000000000000e+01,1.081000000000000000e+03,4.230000000000000000e+02,1.064000000000000000e+03,4.240000000000000000e+02,7.000000000000000000e+01,-4.000000000000000000e+00,4.000000000000000000e+00
-1.000000000000000000e+00,1.600000000000000000e+01,1.600000000000000000e+01,1.097000000000000000e+03,4.200000000000000000e+02,1.080000000000000000e+03,4.240000000000000000e+02,7.000000000000000000e+01,-1.600000000000000000e+01,4.000000000000000000e+00
-1.000000000000000000e+00,1.600000000000000000e+01,1.600000000000000000e+01,1.129000000000000000e+03,4.240000000000000000e+02,1.112000000000000000e+03,4.240000000000000000e+02,6.900000000000000000e+01,-3.000000000000000000e+00,4.000000000000000000e+00
-1.000000000000000000e+00,1.600000000000000000e+01,1.600000000000000000e+01,1.145000000000000000e+03,4.240000000000000000e+02,1.128000000000000000e+03,4.240000000000000000e+02,6.900000000000000000e+01,-3.000000000000000000e+00,4.000000000000000000e+00
-1.000000000000000000e+00,1.600000000000000000e+01,1.600000000000000000e+01,1.161000000000000000e+03,4.230000000000000000e+02,1.144000000000000000e+03,4.240000000000000000e+02,6.900000000000000000e+01,-4.000000000000000000e+00,4.000000000000000000e+00
-1.000000000000000000e+00,1.600000000000000000e+01,1.600000000000000000e+01,1.176000000000000000e+03,4.230000000000000000e+02,1.160000000000000000e+03,4.240000000000000000e+02,6.400000000000000000e+01,-4.000000000000000000e+00,4.000000000000000000e+00
-1.000000000000000000e+00,1.600000000000000000e+01,1.600000000000000000e+01,1.192000000000000000e+03,4.250000000000000000e+02,1.176000000000000000e+03,4.240000000000000000e+02,6.400000000000000000e+01,4.000000000000000000e+00,4.000000000000000000e+00
-1.000000000000000000e+00,1.600000000000000000e+01,1.600000000000000000e+01,1.208000000000000000e+03,4.250000000000000000e+02,1.192000000000000000e+03,4.240000000000000000e+02,6.400000000000000000e+01,4.000000000000000000e+00,4.000000000000000000e+00
-1.000000000000000000e+00,1.600000000000000000e+01,1.600000000000000000e+01,1.224000000000000000e+03,4.240000000000000000e+02,1.208000000000000000e+03,4.240000000000000000e+02,6.500000000000000000e+01,-1.000000000000000000e+00,4.000000000000000000e+00
-1.000000000000000000e+00,1.600000000000000000e+01,1.600000000000000000e+01,1.241000000000000000e+03,4.230000000000000000e+02,1.224000000000000000e+03,4.240000000000000000e+02,6.800000000000000000e+01,-4.000000000000000000e+00,4.000000000000000000e+00
-1.000000000000000000e+00,1.600000000000000000e+01,1.600000000000000000e+01,1.259000000000000000e+03,4.230000000000000000e+02,1.240000000000000000e+03,4.240000000000000000e+02,7.900000000000000000e+01,-4.000000000000000000e+00,4.000000000000000000e+00
-1.000000000000000000e+00,1.600000000000000000e+01,1.600000000000000000e+01,1.275000000000000000e+03,4.240000000000000000e+02,1.256000000000000000e+03,4.240000000000000000e+02,7.900000000000000000e+01,0.000000000000000000e+00,4.000000000000000000e+00
-1.000000000000000000e+00,1.600000000000000000e+01,1.600000000000000000e+01,1.291000000000000000e+03,4.260000000000000000e+02,1.272000000000000000e+03,4.240000000000000000e+02,7.900000000000000000e+01,9.000000000000000000e+00,4.000000000000000000e+00
-1.000000000000000000e+00,1.600000000000000000e+01,1.600000000000000000e+01,4.900000000000000000e+01,4.360000000000000000e+02,8.000000000000000000e+00,4.400000000000000000e+02,1.640000000000000000e+02,-1.700000000000000000e+01,4.000000000000000000e+00
-1.000000000000000000e+00,1.600000000000000000e+01,1.600000000000000000e+01,6.400000000000000000e+01,4.370000000000000000e+02,2.400000000000000000e+01,4.400000000000000000e+02,1.610000000000000000e+02,-1.500000000000000000e+01,4.000000000000000000e+00
-1.000000000000000000e+00,1.600000000000000000e+01,1.600000000000000000e+01,7.900000000000000000e+01,4.360000000000000000e+02,4.000000000000000000e+01,4.400000000000000000e+02,1.580000000000000000e+02,-1.600000000000000000e+01,4.000000000000000000e+00
-1.000000000000000000e+00,1.600000000000000000e+01,1.600000000000000000e+01,9.500000000000000000e+01,4.360000000000000000e+02,5.600000000000000000e+01,4.400000000000000000e+02,1.580000000000000000e+02,-1.600000000000000000e+01,4.000000000000000000e+00
-1.000000000000000000e+00,1.600000000000000000e+01,1.600000000000000000e+01,1.070000000000000000e+02,4.340000000000000000e+02,7.200000000000000000e+01,4.400000000000000000e+02,1.400000000000000000e+02,-2.500000000000000000e+01,4.000000000000000000e+00
-1.000000000000000000e+00,1.600000000000000000e+01,1.600000000000000000e+01,1.230000000000000000e+02,4.390000000000000000e+02,8.800000000000000000e+01,4.400000000000000000e+02,1.400000000000000000e+02,-4.000000000000000000e+00,4.000000000000000000e+00
-1.000000000000000000e+00,1.600000000000000000e+01,1.600000000000000000e+01,1.390000000000000000e+02,4.390000000000000000e+02,1.040000000000000000e+02,4.400000000000000000e+02,1.400000000000000000e+02,-4.000000000000000000e+00,4.000000000000000000e+00
-1.000000000000000000e+00,1.600000000000000000e+01,1.600000000000000000e+01,1.790000000000000000e+02,4.380000000000000000e+02,1.520000000000000000e+02,4.400000000000000000e+02,1.080000000000000000e+02,-8.000000000000000000e+00,4.000000000000000000e+00
-1.000000000000000000e+00,1.600000000000000000e+01,1.600000000000000000e+01,1.950000000000000000e+02,4.380000000000000000e+02,1.680000000000000000e+02,4.400000000000000000e+02,1.080000000000000000e+02,-8.000000000000000000e+00,4.000000000000000000e+00
-1.000000000000000000e+00,1.600000000000000000e+01,1.600000000000000000e+01,2.000000000000000000e+02,4.380000000000000000e+02,1.840000000000000000e+02,4.400000000000000000e+02,6.600000000000000000e+01,-8.000000000000000000e+00,4.000000000000000000e+00
-1.000000000000000000e+00,1.600000000000000000e+01,1.600000000000000000e+01,2.160000000000000000e+02,4.380000000000000000e+02,2.000000000000000000e+02,4.400000000000000000e+02,6.600000000000000000e+01,-8.000000000000000000e+00,4.000000000000000000e+00
-1.000000000000000000e+00,1.600000000000000000e+01,1.600000000000000000e+01,2.470000000000000000e+02,4.380000000000000000e+02,2.160000000000000000e+02,4.400000000000000000e+02,1.250000000000000000e+02,-8.000000000000000000e+00,4.000000000000000000e+00
-1.000000000000000000e+00,1.600000000000000000e+01,1.600000000000000000e+01,2.790000000000000000e+02,4.370000000000000000e+02,2.480000000000000000e+02,4.400000000000000000e+02,1.270000000000000000e+02,-1.200000000000000000e+01,4.000000000000000000e+00
-1.000000000000000000e+00,1.600000000000000000e+01,1.600000000000000000e+01,2.950000000000000000e+02,4.370000000000000000e+02,2.640000000000000000e+02,4.400000000000000000e+02,1.270000000000000000e+02,-1.200000000000000000e+01,4.000000000000000000e+00
-1.000000000000000000e+00,1.600000000000000000e+01,1.600000000000000000e+01,3.100000000000000000e+02,4.370000000000000000e+02,2.800000000000000000e+02,4.400000000000000000e+02,1.230000000000000000e+02,-1.200000000000000000e+01,4.000000000000000000e+00
-1.000000000000000000e+00,1.600000000000000000e+01,1.600000000000000000e+01,3.260000000000000000e+02,4.370000000000000000e+02,2.960000000000000000e+02,4.400000000000000000e+02,1.230000000000000000e+02,-1.200000000000000000e+01,4.000000000000000000e+00
-1.000000000000000000e+00,1.600000000000000000e+01,1.600000000000000000e+01,3.420000000000000000e+02,4.370000000000000000e+02,3.120000000000000000e+02,4.400000000000000000e+02,1.230000000000000000e+02,-1.200000000000000000e+01,4.000000000000000000e+00
-1.000000000000000000e+00,1.600000000000000000e+01,1.600000000000000000e+01,3.580000000000000000e+02,4.370000000000000000e+02,3.280000000000000000e+02,4.400000000000000000e+02,1.230000000000000000e+02,-1.200000000000000000e+01,4.000000000000000000e+00
-1.000000000000000000e+00,1.600000000000000000e+01,1.600000000000000000e+01,3.740000000000000000e+02,4.380000000000000000e+02,3.440000000000000000e+02,4.400000000000000000e+02,1.230000000000000000e+02,-1.100000000000000000e+01,4.000000000000000000e+00
-1.000000000000000000e+00,1.600000000000000000e+01,1.600000000000000000e+01,3.900000000000000000e+02,4.360000000000000000e+02,3.600000000000000000e+02,4.400000000000000000e+02,1.230000000000000000e+02,-1.700000000000000000e+01,4.000000000000000000e+00
-1.000000000000000000e+00,1.600000000000000000e+01,1.600000000000000000e+01,4.060000000000000000e+02,4.370000000000000000e+02,3.760000000000000000e+02,4.400000000000000000e+02,1.210000000000000000e+02,-1.200000000000000000e+01,4.000000000000000000e+00
-1.000000000000000000e+00,1.600000000000000000e+01,1.600000000000000000e+01,4.220000000000000000e+02,4.370000000000000000e+02,3.920000000000000000e+02,4.400000000000000000e+02,1.210000000000000000e+02,-1.200000000000000000e+01,4.000000000000000000e+00
-1.000000000000000000e+00,1.600000000000000000e+01,1.600000000000000000e+01,4.530000000000000000e+02,4.380000000000000000e+02,4.240000000000000000e+02,4.400000000000000000e+02,1.170000000000000000e+02,-1.000000000000000000e+01,4.000000000000000000e+00
-1.000000000000000000e+00,1.600000000000000000e+01,1.600000000000000000e+01,4.690000000000000000e+02,4.380000000000000000e+02,4.400000000000000000e+02,4.400000000000000000e+02,1.180000000000000000e+02,-1.000000000000000000e+01,4.000000000000000000e+00
-1.000000000000000000e+00,8.000000000000000000e+00,8.000000000000000000e+00,4.810000000000000000e+02,4.340000000000000000e+02,4.520000000000000000e+02,4.360000000000000000e+02,1.180000000000000000e+02,-1.000000000000000000e+01,4.000000000000000000e+00
-1.000000000000000000e+00,8.000000000000000000e+00,8.000000000000000000e+00,4.890000000000000000e+02,4.340000000000000000e+02,4.600000000000000000e+02,4.360000000000000000e+02,1.180000000000000000e+02,-1.000000000000000000e+01,4.000000000000000000e+00
-1.000000000000000000e+00,8.000000000000000000e+00,8.000000000000000000e+00,4.810000000000000000e+02,4.420000000000000000e+02,4.520000000000000000e+02,4.440000000000000000e+02,1.180000000000000000e+02,-1.000000000000000000e+01,4.000000000000000000e+00
-1.000000000000000000e+00,8.000000000000000000e+00,8.000000000000000000e+00,4.890000000000000000e+02,4.420000000000000000e+02,4.600000000000000000e+02,4.440000000000000000e+02,1.180000000000000000e+02,-1.000000000000000000e+01,4.000000000000000000e+00
-1.000000000000000000e+00,1.600000000000000000e+01,1.600000000000000000e+01,5.010000000000000000e+02,4.380000000000000000e+02,4.720000000000000000e+02,4.400000000000000000e+02,1.190000000000000000e+02,-1.000000000000000000e+01,4.000000000000000000e+00
-1.000000000000000000e+00,1.600000000000000000e+01,1.600000000000000000e+01,5.190000000000000000e+02,4.380000000000000000e+02,4.880000000000000000e+02,4.400000000000000000e+02,1.240000000000000000e+02,-9.000000000000000000e+00,4.000000000000000000e+00
-1.000000000000000000e+00,1.600000000000000000e+01,1.600000000000000000e+01,5.550000000000000000e+02,4.380000000000000000e+02,5.200000000000000000e+02,4.400000000000000000e+02,1.410000000000000000e+02,-9.000000000000000000e+00,4.000000000000000000e+00
-1.000000000000000000e+00,1.600000000000000000e+01,8.000000000000000000e+00,5.670000000000000000e+02,4.340000000000000000e+02,5.360000000000000000e+02,4.360000000000000000e+02,1.240000000000000000e+02,-1.100000000000000000e+01,4.000000000000000000e+00
-1.000000000000000000e+00,1.600000000000000000e+01,8.000000000000000000e+00,5.710000000000000000e+02,4.420000000000000000e+02,5.360000000000000000e+02,4.440000000000000000e+02,1.410000000000000000e+02,-9.000000000000000000e+00,4.000000000000000000e+00
-1.000000000000000000e+00,1.600000000000000000e+01,1.600000000000000000e+01,5.820000000000000000e+02,4.380000000000000000e+02,5.520000000000000000e+02,4.400000000000000000e+02,1.210000000000000000e+02,-9.000000000000000000e+00,4.000000000000000000e+00
-1.000000000000000000e+00,1.600000000000000000e+01,1.600000000000000000e+01,5.980000000000000000e+02,4.380000000000000000e+02,5.680000000000000000e+02,4.400000000000000000e+02,1.210000000000000000e+02,-9.000000000000000000e+00,4.000000000000000000e+00
-1.000000000000000000e+00,1.600000000000000000e+01,1.600000000000000000e+01,5.960000000000000000e+02,4.310000000000000000e+02,5.840000000000000000e+02,4.400000000000000000e+02,5.100000000000000000e+01,-3.600000000000000000e+01,4.000000000000000000e+00
-1.000000000000000000e+00,1.600000000000000000e+01,1.600000000000000000e+01,6.000000000000000000e+02,4.350000000000000000e+02,6.000000000000000000e+02,4.400000000000000000e+02,-3.000000000000000000e+00,-2.200000000000000000e+01,4.000000000000000000e+00
-1.000000000000000000e+00,1.600000000000000000e+01,8.000000000000000000e+00,6.410000000000000000e+02,4.340000000000000000e+02,6.160000000000000000e+02,4.360000000000000000e+02,1.020000000000000000e+02,-1.100000000000000000e+01,4.000000000000000000e+00
-1.000000000000000000e+00,1.600000000000000000e+01,8.000000000000000000e+00,5.980000000000000000e+02,4.370000000000000000e+02,6.160000000000000000e+02,4.440000000000000000e+02,-7.400000000000000000e+01,-2.900000000000000000e+01,4.000000000000000000e+00
-1.000000000000000000e+00,1.600000000000000000e+01,8.000000000000000000e+00,6.570000000000000000e+02,4.340000000000000000e+02,6.320000000000000000e+02,4.360000000000000000e+02,1.020000000000000000e+02,-1.100000000000000000e+01,4.000000000000000000e+00
-1.000000000000000000e+00,1.600000000000000000e+01,8.000000000000000000e+00,6.490000000000000000e+02,4.380000000000000000e+02,6.320000000000000000e+02,4.440000000000000000e+02,7.100000000000000000e+01,-2.500000000000000000e+01,4.000000000000000000e+00
-1.000000000000000000e+00,1.600000000000000000e+01,8.000000000000000000e+00,6.720000000000000000e+02,4.340000000000000000e+02,6.480000000000000000e+02,4.360000000000000000e+02,9.900000000000000000e+01,-1.000000000000000000e+01,4.000000000000000000e+00
-1.000000000000000000e+00,1.600000000000000000e+01,8.000000000000000000e+00,7.030000000000000000e+02,4.410000000000000000e+02,6.480000000000000000e+02,4.440000000000000000e+02,2.220000000000000000e+02,-1.300000000000000000e+01,4.000000000000000000e+00
-1.000000000000000000e+00,1.600000000000000000e+01,1.600000000000000000e+01,6.880000000000000000e+02,4.380000000000000000e+02,6.640000000000000000e+02,4.400000000000000000e+02,9.900000000000000000e+01,-1.100000000000000000e+01,4.000000000000000000e+00
-1.000000000000000000e+00,1.600000000000000000e+01,1.600000000000000000e+01,7.050000000000000000e+02,4.380000000000000000e+02,6.800000000000000000e+02,4.400000000000000000e+02,1.020000000000000000e+02,-9.000000000000000000e+00,4.000000000000000000e+00
-1.000000000000000000e+00,1.600000000000000000e+01,1.600000000000000000e+01,7.210000000000000000e+02,4.390000000000000000e+02,6.960000000000000000e+02,4.400000000000000000e+02,1.010000000000000000e+02,-4.000000000000000000e+00,4.000000000000000000e+00
-1.000000000000000000e+00,1.600000000000000000e+01,1.600000000000000000e+01,7.370000000000000000e+02,4.390000000000000000e+02,7.120000000000000000e+02,4.400000000000000000e+02,1.010000000000000000e+02,-4.000000000000000000e+00,4.000000000000000000e+00
-1.000000000000000000e+00,1.600000000000000000e+01,1.600000000000000000e+01,7.520000000000000000e+02,4.390000000000000000e+02,7.280000000000000000e+02,4.400000000000000000e+02,9.600000000000000000e+01,-4.000000000000000000e+00,4.000000000000000000e+00
-1.000000000000000000e+00,1.600000000000000000e+01,1.600000000000000000e+01,7.670000000000000000e+02,4.380000000000000000e+02,7.440000000000000000e+02,4.400000000000000000e+02,9.500000000000000000e+01,-1.000000000000000000e+01,4.000000000000000000e+00
-1.000000000000000000e+00,1.600000000000000000e+01,1.600000000000000000e+01,7.840000000000000000e+02,4.380000000000000000e+02,7.600000000000000000e+02,4.400000000000000000e+02,9.700000000000000000e+01,-1.000000000000000000e+01,4.000000000000000000e+00
-1.000000000000000000e+00,8.000000000000000000e+00,1.600000000000000000e+01,7.950000000000000000e+02,4.380000000000000000e+02,7.720000000000000000e+02,4.400000000000000000e+02,9.400000000000000000e+01,-1.000000000000000000e+01,4.000000000000000000e+00
-1.000000000000000000e+00,8.000000000000000000e+00,1.600000000000000000e+01,8.030000000000000000e+02,4.370000000000000000e+02,7.800000000000000000e+02,4.400000000000000000e+02,9.500000000000000000e+01,-1.200000000000000000e+01,4.000000000000000000e+00
-1.000000000000000000e+00,1.600000000000000000e+01,1.600000000000000000e+01,8.160000000000000000e+02,4.390000000000000000e+02,7.920000000000000000e+02,4.400000000000000000e+02,9.800000000000000000e+01,-6.000000000000000000e+00,4.000000000000000000e+00
-1.000000000000000000e+00,1.600000000000000000e+01,1.600000000000000000e+01,8.310000000000000000e+02,4.390000000000000000e+02,8.080000000000000000e+02,4.400000000000000000e+02,9.300000000000000000e+01,-6.000000000000000000e+00,4.000000000000000000e+00
-1.000000000000000000e+00,1.600000000000000000e+01,1.600000000000000000e+01,8.460000000000000000e+02,4.390000000000000000e+02,8.240000000000000000e+02,4.400000000000000000e+02,8.900000000000000000e+01,-6.000000000000000000e+00,4.000000000000000000e+00
-1.000000000000000000e+00,1.600000000000000000e+01,1.600000000000000000e+01,8.640000000000000000e+02,4.400000000000000000e+02,8.400000000000000000e+02,4.400000000000000000e+02,9.900000000000000000e+01,-2.000000000000000000e+00,4.000000000000000000e+00
-1.000000000000000000e+00,1.600000000000000000e+01,1.600000000000000000e+01,8.810000000000000000e+02,4.400000000000000000e+02,8.560000000000000000e+02,4.400000000000000000e+02,1.020000000000000000e+02,-2.000000000000000000e+00,4.000000000000000000e+00
-1.000000000000000000e+00,1.600000000000000000e+01,1.600000000000000000e+01,9.070000000000000000e+02,4.400000000000000000e+02,8.880000000000000000e+02,4.400000000000000000e+02,7.700000000000000000e+01,-2.000000000000000000e+00,4.000000000000000000e+00
-1.000000000000000000e+00,1.600000000000000000e+01,1.600000000000000000e+01,9.230000000000000000e+02,4.400000000000000000e+02,9.040000000000000000e+02,4.400000000000000000e+02,7.700000000000000000e+01,-2.000000000000000000e+00,4.000000000000000000e+00
-1.000000000000000000e+00,1.600000000000000000e+01,1.600000000000000000e+01,9.390000000000000000e+02,4.400000000000000000e+02,9.200000000000000000e+02,4.400000000000000000e+02,7.700000000000000000e+01,-2.000000000000000000e+00,4.000000000000000000e+00
-1.000000000000000000e+00,1.600000000000000000e+01,1.600000000000000000e+01,9.540000000000000000e+02,4.400000000000000000e+02,9.360000000000000000e+02,4.400000000000000000e+02,7.300000000000000000e+01,-1.000000000000000000e+00,4.000000000000000000e+00
-1.000000000000000000e+00,1.600000000000000000e+01,1.600000000000000000e+01,9.700000000000000000e+02,4.400000000000000000e+02,9.520000000000000000e+02,4.400000000000000000e+02,7.300000000000000000e+01,-1.000000000000000000e+00,4.000000000000000000e+00
-1.000000000000000000e+00,1.600000000000000000e+01,1.600000000000000000e+01,9.860000000000000000e+02,4.420000000000000000e+02,9.680000000000000000e+02,4.400000000000000000e+02,7.300000000000000000e+01,8.000000000000000000e+00,4.000000000000000000e+00
-1.000000000000000000e+00,1.600000000000000000e+01,1.600000000000000000e+01,1.002000000000000000e+03,4.390000000000000000e+02,9.840000000000000000e+02,4.400000000000000000e+02,7.300000000000000000e+01,-4.000000000000000000e+00,4.000000000000000000e+00
-1.000000000000000000e+00,1.600000000000000000e+01,1.600000000000000000e+01,1.018000000000000000e+03,4.390000000000000000e+02,1.000000000000000000e+03,4.400000000000000000e+02,7.200000000000000000e+01,-4.000000000000000000e+00,4.000000000000000000e+00
-1.000000000000000000e+00,1.600000000000000000e+01,1.600000000000000000e+01,1.033000000000000000e+03,4.390000000000000000e+02,1.016000000000000000e+03,4.400000000000000000e+02,7.000000000000000000e+01,-4.000000000000000000e+00,4.000000000000000000e+00
-1.000000000000000000e+00,1.600000000000000000e+01,1.600000000000000000e+01,1.049000000000000000e+03,4.390000000000000000e+02,1.032000000000000000e+03,4.400000000000000000e+02,7.000000000000000000e+01,-4.000000000000000000e+00,4.000000000000000000e+00
-1.000000000000000000e+00,1.600000000000000000e+01,1.600000000000000000e+01,1.065000000000000000e+03,4.390000000000000000e+02,1.048000000000000000e+03,4.400000000000000000e+02,7.000000000000000000e+01,-4.000000000000000000e+00,4.000000000000000000e+00
-1.000000000000000000e+00,1.600000000000000000e+01,1.600000000000000000e+01,1.081000000000000000e+03,4.390000000000000000e+02,1.064000000000000000e+03,4.400000000000000000e+02,7.000000000000000000e+01,-4.000000000000000000e+00,4.000000000000000000e+00
-1.000000000000000000e+00,1.600000000000000000e+01,1.600000000000000000e+01,1.097000000000000000e+03,4.390000000000000000e+02,1.080000000000000000e+03,4.400000000000000000e+02,7.000000000000000000e+01,-4.000000000000000000e+00,4.000000000000000000e+00
-1.000000000000000000e+00,1.600000000000000000e+01,1.600000000000000000e+01,1.113000000000000000e+03,4.390000000000000000e+02,1.096000000000000000e+03,4.400000000000000000e+02,7.000000000000000000e+01,-4.000000000000000000e+00,4.000000000000000000e+00
-1.000000000000000000e+00,1.600000000000000000e+01,1.600000000000000000e+01,1.141000000000000000e+03,4.400000000000000000e+02,1.112000000000000000e+03,4.400000000000000000e+02,1.170000000000000000e+02,-3.000000000000000000e+00,4.000000000000000000e+00
-1.000000000000000000e+00,1.600000000000000000e+01,1.600000000000000000e+01,1.145000000000000000e+03,4.400000000000000000e+02,1.128000000000000000e+03,4.400000000000000000e+02,6.900000000000000000e+01,-3.000000000000000000e+00,4.000000000000000000e+00
-1.000000000000000000e+00,1.600000000000000000e+01,1.600000000000000000e+01,1.161000000000000000e+03,4.390000000000000000e+02,1.144000000000000000e+03,4.400000000000000000e+02,6.900000000000000000e+01,-4.000000000000000000e+00,4.000000000000000000e+00
-1.000000000000000000e+00,1.600000000000000000e+01,1.600000000000000000e+01,1.176000000000000000e+03,4.390000000000000000e+02,1.160000000000000000e+03,4.400000000000000000e+02,6.400000000000000000e+01,-4.000000000000000000e+00,4.000000000000000000e+00
-1.000000000000000000e+00,1.600000000000000000e+01,1.600000000000000000e+01,1.192000000000000000e+03,4.410000000000000000e+02,1.176000000000000000e+03,4.400000000000000000e+02,6.400000000000000000e+01,4.000000000000000000e+00,4.000000000000000000e+00
-1.000000000000000000e+00,1.600000000000000000e+01,8.000000000000000000e+00,1.241000000000000000e+03,4.440000000000000000e+02,1.224000000000000000e+03,4.360000000000000000e+02,6.800000000000000000e+01,3.200000000000000000e+01,4.000000000000000000e+00
-1.000000000000000000e+00,1.600000000000000000e+01,8.000000000000000000e+00,1.240000000000000000e+03,4.450000000000000000e+02,1.224000000000000000e+03,4.440000000000000000e+02,6.700000000000000000e+01,4.000000000000000000e+00,4.000000000000000000e+00
-1.000000000000000000e+00,1.600000000000000000e+01,1.600000000000000000e+01,1.259000000000000000e+03,4.400000000000000000e+02,1.240000000000000000e+03,4.400000000000000000e+02,7.900000000000000000e+01,0.000000000000000000e+00,4.000000000000000000e+00
-1.000000000000000000e+00,1.600000000000000000e+01,8.000000000000000000e+00,1.275000000000000000e+03,4.420000000000000000e+02,1.256000000000000000e+03,4.360000000000000000e+02,7.900000000000000000e+01,2.400000000000000000e+01,4.000000000000000000e+00
-1.000000000000000000e+00,1.600000000000000000e+01,8.000000000000000000e+00,1.275000000000000000e+03,4.440000000000000000e+02,1.256000000000000000e+03,4.440000000000000000e+02,7.900000000000000000e+01,0.000000000000000000e+00,4.000000000000000000e+00
-1.000000000000000000e+00,1.600000000000000000e+01,1.600000000000000000e+01,1.291000000000000000e+03,4.470000000000000000e+02,1.272000000000000000e+03,4.400000000000000000e+02,7.900000000000000000e+01,2.800000000000000000e+01,4.000000000000000000e+00
-1.000000000000000000e+00,1.600000000000000000e+01,8.000000000000000000e+00,4.800000000000000000e+01,4.470000000000000000e+02,8.000000000000000000e+00,4.520000000000000000e+02,1.610000000000000000e+02,-2.000000000000000000e+01,4.000000000000000000e+00
-1.000000000000000000e+00,1.600000000000000000e+01,8.000000000000000000e+00,4.800000000000000000e+01,4.560000000000000000e+02,8.000000000000000000e+00,4.600000000000000000e+02,1.610000000000000000e+02,-1.900000000000000000e+01,4.000000000000000000e+00
-1.000000000000000000e+00,1.600000000000000000e+01,1.600000000000000000e+01,6.300000000000000000e+01,4.520000000000000000e+02,2.400000000000000000e+01,4.560000000000000000e+02,1.590000000000000000e+02,-1.900000000000000000e+01,4.000000000000000000e+00
-1.000000000000000000e+00,1.600000000000000000e+01,1.600000000000000000e+01,7.900000000000000000e+01,4.520000000000000000e+02,4.000000000000000000e+01,4.560000000000000000e+02,1.590000000000000000e+02,-1.800000000000000000e+01,4.000000000000000000e+00
-1.000000000000000000e+00,1.600000000000000000e+01,1.600000000000000000e+01,9.400000000000000000e+01,4.520000000000000000e+02,5.600000000000000000e+01,4.560000000000000000e+02,1.530000000000000000e+02,-1.900000000000000000e+01,4.000000000000000000e+00
-1.000000000000000000e+00,1.600000000000000000e+01,1.600000000000000000e+01,1.100000000000000000e+02,4.520000000000000000e+02,7.200000000000000000e+01,4.560000000000000000e+02,1.530000000000000000e+02,-1.700000000000000000e+01,4.000000000000000000e+00
-1.000000000000000000e+00,1.600000000000000000e+01,1.600000000000000000e+01,1.280000000000000000e+02,4.550000000000000000e+02,8.800000000000000000e+01,4.560000000000000000e+02,1.630000000000000000e+02,-4.000000000000000000e+00,4.000000000000000000e+00
-1.000000000000000000e+00,1.600000000000000000e+01,1.600000000000000000e+01,1.530000000000000000e+02,4.540000000000000000e+02,1.360000000000000000e+02,4.560000000000000000e+02,6.800000000000000000e+01,-8.000000000000000000e+00,4.000000000000000000e+00
-1.000000000000000000e+00,1.600000000000000000e+01,1.600000000000000000e+01,1.790000000000000000e+02,4.540000000000000000e+02,1.520000000000000000e+02,4.560000000000000000e+02,1.080000000000000000e+02,-8.000000000000000000e+00,4.000000000000000000e+00
-1.000000000000000000e+00,1.600000000000000000e+01,1.600000000000000000e+01,1.950000000000000000e+02,4.540000000000000000e+02,1.680000000000000000e+02,4.560000000000000000e+02,1.080000000000000000e+02,-8.000000000000000000e+00,4.000000000000000000e+00
-1.000000000000000000e+00,1.600000000000000000e+01,1.600000000000000000e+01,2.320000000000000000e+02,4.560000000000000000e+02,2.320000000000000000e+02,4.560000000000000000e+02,0.000000000000000000e+00,0.000000000000000000e+00,4.000000000000000000e+00
-1.000000000000000000e+00,1.600000000000000000e+01,1.600000000000000000e+01,2.790000000000000000e+02,4.530000000000000000e+02,2.480000000000000000e+02,4.560000000000000000e+02,1.270000000000000000e+02,-1.200000000000000000e+01,4.000000000000000000e+00
-1.000000000000000000e+00,1.600000000000000000e+01,1.600000000000000000e+01,3.260000000000000000e+02,4.530000000000000000e+02,2.960000000000000000e+02,4.560000000000000000e+02,1.230000000000000000e+02,-1.200000000000000000e+01,4.000000000000000000e+00
-1.000000000000000000e+00,1.600000000000000000e+01,1.600000000000000000e+01,3.420000000000000000e+02,4.530000000000000000e+02,3.120000000000000000e+02,4.560000000000000000e+02,1.230000000000000000e+02,-1.200000000000000000e+01,4.000000000000000000e+00
-1.000000000000000000e+00,1.600000000000000000e+01,1.600000000000000000e+01,3.580000000000000000e+02,4.530000000000000000e+02,3.280000000000000000e+02,4.560000000000000000e+02,1.230000000000000000e+02,-1.200000000000000000e+01,4.000000000000000000e+00
-1.000000000000000000e+00,1.600000000000000000e+01,1.600000000000000000e+01,3.740000000000000000e+02,4.530000000000000000e+02,3.440000000000000000e+02,4.560000000000000000e+02,1.230000000000000000e+02,-1.200000000000000000e+01,4.000000000000000000e+00
-1.000000000000000000e+00,1.600000000000000000e+01,1.600000000000000000e+01,3.900000000000000000e+02,4.530000000000000000e+02,3.600000000000000000e+02,4.560000000000000000e+02,1.230000000000000000e+02,-1.200000000000000000e+01,4.000000000000000000e+00
-1.000000000000000000e+00,1.600000000000000000e+01,1.600000000000000000e+01,4.060000000000000000e+02,4.530000000000000000e+02,3.760000000000000000e+02,4.560000000000000000e+02,1.210000000000000000e+02,-1.200000000000000000e+01,4.000000000000000000e+00
-1.000000000000000000e+00,1.600000000000000000e+01,1.600000000000000000e+01,4.380000000000000000e+02,4.530000000000000000e+02,3.920000000000000000e+02,4.560000000000000000e+02,1.850000000000000000e+02,-1.200000000000000000e+01,4.000000000000000000e+00
-1.000000000000000000e+00,1.600000000000000000e+01,1.600000000000000000e+01,4.370000000000000000e+02,4.540000000000000000e+02,4.080000000000000000e+02,4.560000000000000000e+02,1.170000000000000000e+02,-1.000000000000000000e+01,4.000000000000000000e+00
-1.000000000000000000e+00,1.600000000000000000e+01,1.600000000000000000e+01,4.690000000000000000e+02,4.560000000000000000e+02,4.400000000000000000e+02,4.560000000000000000e+02,1.180000000000000000e+02,-3.000000000000000000e+00,4.000000000000000000e+00
-1.000000000000000000e+00,1.600000000000000000e+01,1.600000000000000000e+01,5.010000000000000000e+02,4.560000000000000000e+02,4.720000000000000000e+02,4.560000000000000000e+02,1.190000000000000000e+02,0.000000000000000000e+00,4.000000000000000000e+00
-1.000000000000000000e+00,1.600000000000000000e+01,1.600000000000000000e+01,5.170000000000000000e+02,4.560000000000000000e+02,4.880000000000000000e+02,4.560000000000000000e+02,1.190000000000000000e+02,0.000000000000000000e+00,4.000000000000000000e+00
-1.000000000000000000e+00,1.600000000000000000e+01,1.600000000000000000e+01,5.330000000000000000e+02,4.560000000000000000e+02,5.040000000000000000e+02,4.560000000000000000e+02,1.190000000000000000e+02,0.000000000000000000e+00,4.000000000000000000e+00
-1.000000000000000000e+00,1.600000000000000000e+01,1.600000000000000000e+01,5.550000000000000000e+02,4.540000000000000000e+02,5.200000000000000000e+02,4.560000000000000000e+02,1.410000000000000000e+02,-9.000000000000000000e+00,4.000000000000000000e+00
-1.000000000000000000e+00,1.600000000000000000e+01,1.600000000000000000e+01,5.710000000000000000e+02,4.540000000000000000e+02,5.360000000000000000e+02,4.560000000000000000e+02,1.410000000000000000e+02,-9.000000000000000000e+00,4.000000000000000000e+00
-1.000000000000000000e+00,1.600000000000000000e+01,1.600000000000000000e+01,5.600000000000000000e+02,4.540000000000000000e+02,5.520000000000000000e+02,4.560000000000000000e+02,3.200000000000000000e+01,-8.000000000000000000e+00,4.000000000000000000e+00
-1.000000000000000000e+00,1.600000000000000000e+01,1.600000000000000000e+01,5.680000000000000000e+02,4.560000000000000000e+02,5.680000000000000000e+02,4.560000000000000000e+02,0.000000000000000000e+00,-3.000000000000000000e+00,4.000000000000000000e+00
-1.000000000000000000e+00,1.600000000000000000e+01,1.600000000000000000e+01,5.840000000000000000e+02,4.560000000000000000e+02,5.840000000000000000e+02,4.560000000000000000e+02,0.000000000000000000e+00,0.000000000000000000e+00,4.000000000000000000e+00
-1.000000000000000000e+00,1.600000000000000000e+01,1.600000000000000000e+01,6.000000000000000000e+02,4.560000000000000000e+02,6.000000000000000000e+02,4.560000000000000000e+02,-3.000000000000000000e+00,0.000000000000000000e+00,4.000000000000000000e+00
-1.000000000000000000e+00,1.600000000000000000e+01,1.600000000000000000e+01,6.140000000000000000e+02,4.560000000000000000e+02,6.320000000000000000e+02,4.560000000000000000e+02,-7.300000000000000000e+01,2.000000000000000000e+00,4.000000000000000000e+00
-1.000000000000000000e+00,8.000000000000000000e+00,1.600000000000000000e+01,6.320000000000000000e+02,4.560000000000000000e+02,6.440000000000000000e+02,4.560000000000000000e+02,-4.900000000000000000e+01,2.000000000000000000e+00,4.000000000000000000e+00
-1.000000000000000000e+00,8.000000000000000000e+00,1.600000000000000000e+01,6.370000000000000000e+02,4.490000000000000000e+02,6.520000000000000000e+02,4.560000000000000000e+02,-6.100000000000000000e+01,-2.900000000000000000e+01,4.000000000000000000e+00
-1.000000000000000000e+00,1.600000000000000000e+01,8.000000000000000000e+00,6.450000000000000000e+02,4.610000000000000000e+02,6.640000000000000000e+02,4.520000000000000000e+02,-7.700000000000000000e+01,3.900000000000000000e+01,4.000000000000000000e+00
-1.000000000000000000e+00,1.600000000000000000e+01,8.000000000000000000e+00,6.470000000000000000e+02,4.570000000000000000e+02,6.640000000000000000e+02,4.600000000000000000e+02,-7.000000000000000000e+01,-1.400000000000000000e+01,4.000000000000000000e+00
-1.000000000000000000e+00,8.000000000000000000e+00,1.600000000000000000e+01,7.030000000000000000e+02,4.560000000000000000e+02,6.760000000000000000e+02,4.560000000000000000e+02,1.090000000000000000e+02,0.000000000000000000e+00,4.000000000000000000e+00
-1.000000000000000000e+00,8.000000000000000000e+00,1.600000000000000000e+01,7.090000000000000000e+02,4.550000000000000000e+02,6.840000000000000000e+02,4.560000000000000000e+02,1.010000000000000000e+02,-4.000000000000000000e+00,4.000000000000000000e+00
-1.000000000000000000e+00,1.600000000000000000e+01,8.000000000000000000e+00,7.210000000000000000e+02,4.480000000000000000e+02,6.960000000000000000e+02,4.520000000000000000e+02,1.010000000000000000e+02,-1.900000000000000000e+01,4.000000000000000000e+00
-1.000000000000000000e+00,1.600000000000000000e+01,8.000000000000000000e+00,7.210000000000000000e+02,4.550000000000000000e+02,6.960000000000000000e+02,4.600000000000000000e+02,1.010000000000000000e+02,-2.300000000000000000e+01,4.000000000000000000e+00
-1.000000000000000000e+00,1.600000000000000000e+01,1.600000000000000000e+01,7.360000000000000000e+02,4.540000000000000000e+02,7.120000000000000000e+02,4.560000000000000000e+02,9.900000000000000000e+01,-1.000000000000000000e+01,4.000000000000000000e+00
-1.000000000000000000e+00,8.000000000000000000e+00,8.000000000000000000e+00,7.480000000000000000e+02,4.490000000000000000e+02,7.240000000000000000e+02,4.520000000000000000e+02,9.900000000000000000e+01,-1.300000000000000000e+01,4.000000000000000000e+00
-1.000000000000000000e+00,8.000000000000000000e+00,8.000000000000000000e+00,7.560000000000000000e+02,4.500000000000000000e+02,7.320000000000000000e+02,4.520000000000000000e+02,9.600000000000000000e+01,-1.000000000000000000e+01,4.000000000000000000e+00
-1.000000000000000000e+00,8.000000000000000000e+00,8.000000000000000000e+00,7.480000000000000000e+02,4.580000000000000000e+02,7.240000000000000000e+02,4.600000000000000000e+02,9.900000000000000000e+01,-1.000000000000000000e+01,4.000000000000000000e+00
-1.000000000000000000e+00,8.000000000000000000e+00,8.000000000000000000e+00,7.560000000000000000e+02,4.580000000000000000e+02,7.320000000000000000e+02,4.600000000000000000e+02,9.900000000000000000e+01,-1.000000000000000000e+01,4.000000000000000000e+00
-1.000000000000000000e+00,1.600000000000000000e+01,1.600000000000000000e+01,7.680000000000000000e+02,4.540000000000000000e+02,7.440000000000000000e+02,4.560000000000000000e+02,9.600000000000000000e+01,-1.100000000000000000e+01,4.000000000000000000e+00
-1.000000000000000000e+00,1.600000000000000000e+01,1.600000000000000000e+01,7.860000000000000000e+02,4.540000000000000000e+02,7.600000000000000000e+02,4.560000000000000000e+02,1.070000000000000000e+02,-8.000000000000000000e+00,4.000000000000000000e+00
-1.000000000000000000e+00,1.600000000000000000e+01,1.600000000000000000e+01,7.990000000000000000e+02,4.530000000000000000e+02,7.760000000000000000e+02,4.560000000000000000e+02,9.200000000000000000e+01,-1.200000000000000000e+01,4.000000000000000000e+00
-1.000000000000000000e+00,1.600000000000000000e+01,1.600000000000000000e+01,8.150000000000000000e+02,4.540000000000000000e+02,7.920000000000000000e+02,4.560000000000000000e+02,9.300000000000000000e+01,-1.100000000000000000e+01,4.000000000000000000e+00
-1.000000000000000000e+00,1.600000000000000000e+01,1.600000000000000000e+01,8.640000000000000000e+02,4.560000000000000000e+02,8.400000000000000000e+02,4.560000000000000000e+02,9.600000000000000000e+01,-2.000000000000000000e+00,4.000000000000000000e+00
-1.000000000000000000e+00,1.600000000000000000e+01,1.600000000000000000e+01,8.800000000000000000e+02,4.560000000000000000e+02,8.560000000000000000e+02,4.560000000000000000e+02,9.600000000000000000e+01,-2.000000000000000000e+00,4.000000000000000000e+00
-1.000000000000000000e+00,1.600000000000000000e+01,1.600000000000000000e+01,8.990000000000000000e+02,4.560000000000000000e+02,8.720000000000000000e+02,4.560000000000000000e+02,1.090000000000000000e+02,-2.000000000000000000e+00,4.000000000000000000e+00
-1.000000000000000000e+00,1.600000000000000000e+01,1.600000000000000000e+01,9.230000000000000000e+02,4.550000000000000000e+02,9.040000000000000000e+02,4.560000000000000000e+02,7.700000000000000000e+01,-7.000000000000000000e+00,4.000000000000000000e+00
-1.000000000000000000e+00,1.600000000000000000e+01,1.600000000000000000e+01,9.860000000000000000e+02,4.560000000000000000e+02,9.680000000000000000e+02,4.560000000000000000e+02,7.300000000000000000e+01,0.000000000000000000e+00,4.000000000000000000e+00
-1.000000000000000000e+00,1.600000000000000000e+01,1.600000000000000000e+01,1.002000000000000000e+03,4.550000000000000000e+02,9.840000000000000000e+02,4.560000000000000000e+02,7.300000000000000000e+01,-4.000000000000000000e+00,4.000000000000000000e+00
-1.000000000000000000e+00,1.600000000000000000e+01,1.600000000000000000e+01,1.018000000000000000e+03,4.550000000000000000e+02,1.000000000000000000e+03,4.560000000000000000e+02,7.200000000000000000e+01,-4.000000000000000000e+00,4.000000000000000000e+00
-1.000000000000000000e+00,1.600000000000000000e+01,1.600000000000000000e+01,1.033000000000000000e+03,4.550000000000000000e+02,1.016000000000000000e+03,4.560000000000000000e+02,7.000000000000000000e+01,-4.000000000000000000e+00,4.000000000000000000e+00
-1.000000000000000000e+00,1.600000000000000000e+01,1.600000000000000000e+01,1.049000000000000000e+03,4.550000000000000000e+02,1.032000000000000000e+03,4.560000000000000000e+02,7.000000000000000000e+01,-4.000000000000000000e+00,4.000000000000000000e+00
-1.000000000000000000e+00,1.600000000000000000e+01,1.600000000000000000e+01,1.065000000000000000e+03,4.550000000000000000e+02,1.048000000000000000e+03,4.560000000000000000e+02,7.000000000000000000e+01,-4.000000000000000000e+00,4.000000000000000000e+00
-1.000000000000000000e+00,1.600000000000000000e+01,1.600000000000000000e+01,1.081000000000000000e+03,4.550000000000000000e+02,1.064000000000000000e+03,4.560000000000000000e+02,7.000000000000000000e+01,-4.000000000000000000e+00,4.000000000000000000e+00
-1.000000000000000000e+00,1.600000000000000000e+01,1.600000000000000000e+01,1.097000000000000000e+03,4.550000000000000000e+02,1.080000000000000000e+03,4.560000000000000000e+02,7.000000000000000000e+01,-4.000000000000000000e+00,4.000000000000000000e+00
-1.000000000000000000e+00,1.600000000000000000e+01,1.600000000000000000e+01,1.113000000000000000e+03,4.550000000000000000e+02,1.096000000000000000e+03,4.560000000000000000e+02,7.000000000000000000e+01,-4.000000000000000000e+00,4.000000000000000000e+00
-1.000000000000000000e+00,1.600000000000000000e+01,1.600000000000000000e+01,1.129000000000000000e+03,4.560000000000000000e+02,1.112000000000000000e+03,4.560000000000000000e+02,7.000000000000000000e+01,-3.000000000000000000e+00,4.000000000000000000e+00
-1.000000000000000000e+00,1.600000000000000000e+01,1.600000000000000000e+01,1.160000000000000000e+03,4.550000000000000000e+02,1.144000000000000000e+03,4.560000000000000000e+02,6.400000000000000000e+01,-4.000000000000000000e+00,4.000000000000000000e+00
-1.000000000000000000e+00,1.600000000000000000e+01,1.600000000000000000e+01,1.192000000000000000e+03,4.570000000000000000e+02,1.176000000000000000e+03,4.560000000000000000e+02,6.400000000000000000e+01,4.000000000000000000e+00,4.000000000000000000e+00
-1.000000000000000000e+00,1.600000000000000000e+01,1.600000000000000000e+01,1.208000000000000000e+03,4.560000000000000000e+02,1.192000000000000000e+03,4.560000000000000000e+02,6.400000000000000000e+01,-1.000000000000000000e+00,4.000000000000000000e+00
-1.000000000000000000e+00,1.600000000000000000e+01,1.600000000000000000e+01,1.224000000000000000e+03,4.560000000000000000e+02,1.208000000000000000e+03,4.560000000000000000e+02,6.400000000000000000e+01,0.000000000000000000e+00,4.000000000000000000e+00
-1.000000000000000000e+00,1.600000000000000000e+01,1.600000000000000000e+01,1.240000000000000000e+03,4.560000000000000000e+02,1.224000000000000000e+03,4.560000000000000000e+02,6.700000000000000000e+01,0.000000000000000000e+00,4.000000000000000000e+00
-1.000000000000000000e+00,1.600000000000000000e+01,1.600000000000000000e+01,1.259000000000000000e+03,4.560000000000000000e+02,1.240000000000000000e+03,4.560000000000000000e+02,7.900000000000000000e+01,0.000000000000000000e+00,4.000000000000000000e+00
-1.000000000000000000e+00,1.600000000000000000e+01,1.600000000000000000e+01,1.275000000000000000e+03,4.560000000000000000e+02,1.256000000000000000e+03,4.560000000000000000e+02,7.900000000000000000e+01,0.000000000000000000e+00,4.000000000000000000e+00
-1.000000000000000000e+00,1.600000000000000000e+01,1.600000000000000000e+01,4.800000000000000000e+01,4.670000000000000000e+02,8.000000000000000000e+00,4.720000000000000000e+02,1.620000000000000000e+02,-2.000000000000000000e+01,4.000000000000000000e+00
-1.000000000000000000e+00,1.600000000000000000e+01,1.600000000000000000e+01,6.300000000000000000e+01,4.680000000000000000e+02,2.400000000000000000e+01,4.720000000000000000e+02,1.590000000000000000e+02,-1.900000000000000000e+01,4.000000000000000000e+00
-1.000000000000000000e+00,1.600000000000000000e+01,8.000000000000000000e+00,9.000000000000000000e+01,4.640000000000000000e+02,4.000000000000000000e+01,4.680000000000000000e+02,2.010000000000000000e+02,-1.600000000000000000e+01,4.000000000000000000e+00
-1.000000000000000000e+00,1.600000000000000000e+01,8.000000000000000000e+00,7.900000000000000000e+01,4.720000000000000000e+02,4.000000000000000000e+01,4.760000000000000000e+02,1.590000000000000000e+02,-1.900000000000000000e+01,4.000000000000000000e+00
-1.000000000000000000e+00,1.600000000000000000e+01,1.600000000000000000e+01,9.400000000000000000e+01,4.670000000000000000e+02,5.600000000000000000e+01,4.720000000000000000e+02,1.530000000000000000e+02,-2.100000000000000000e+01,4.000000000000000000e+00
-1.000000000000000000e+00,1.600000000000000000e+01,1.600000000000000000e+01,1.100000000000000000e+02,4.680000000000000000e+02,7.200000000000000000e+01,4.720000000000000000e+02,1.530000000000000000e+02,-1.900000000000000000e+01,4.000000000000000000e+00
-1.000000000000000000e+00,1.600000000000000000e+01,1.600000000000000000e+01,1.250000000000000000e+02,4.680000000000000000e+02,8.800000000000000000e+01,4.720000000000000000e+02,1.510000000000000000e+02,-1.900000000000000000e+01,4.000000000000000000e+00
-1.000000000000000000e+00,1.600000000000000000e+01,1.600000000000000000e+01,1.410000000000000000e+02,4.680000000000000000e+02,1.040000000000000000e+02,4.720000000000000000e+02,1.490000000000000000e+02,-1.900000000000000000e+01,4.000000000000000000e+00
-1.000000000000000000e+00,1.600000000000000000e+01,1.600000000000000000e+01,1.560000000000000000e+02,4.680000000000000000e+02,1.200000000000000000e+02,4.720000000000000000e+02,1.450000000000000000e+02,-1.900000000000000000e+01,4.000000000000000000e+00
-1.000000000000000000e+00,1.600000000000000000e+01,1.600000000000000000e+01,1.720000000000000000e+02,4.680000000000000000e+02,1.360000000000000000e+02,4.720000000000000000e+02,1.450000000000000000e+02,-1.900000000000000000e+01,4.000000000000000000e+00
-1.000000000000000000e+00,1.600000000000000000e+01,1.600000000000000000e+01,1.860000000000000000e+02,4.680000000000000000e+02,1.520000000000000000e+02,4.720000000000000000e+02,1.390000000000000000e+02,-1.900000000000000000e+01,4.000000000000000000e+00
-1.000000000000000000e+00,1.600000000000000000e+01,1.600000000000000000e+01,2.020000000000000000e+02,4.680000000000000000e+02,1.680000000000000000e+02,4.720000000000000000e+02,1.370000000000000000e+02,-1.900000000000000000e+01,4.000000000000000000e+00
-1.000000000000000000e+00,1.600000000000000000e+01,1.600000000000000000e+01,2.180000000000000000e+02,4.680000000000000000e+02,1.840000000000000000e+02,4.720000000000000000e+02,1.370000000000000000e+02,-1.800000000000000000e+01,4.000000000000000000e+00
-1.000000000000000000e+00,1.600000000000000000e+01,1.600000000000000000e+01,3.740000000000000000e+02,4.750000000000000000e+02,3.440000000000000000e+02,4.720000000000000000e+02,1.230000000000000000e+02,1.300000000000000000e+01,4.000000000000000000e+00
-1.000000000000000000e+00,1.600000000000000000e+01,1.600000000000000000e+01,3.900000000000000000e+02,4.690000000000000000e+02,3.600000000000000000e+02,4.720000000000000000e+02,1.230000000000000000e+02,-1.200000000000000000e+01,4.000000000000000000e+00
-1.000000000000000000e+00,1.600000000000000000e+01,1.600000000000000000e+01,3.930000000000000000e+02,4.770000000000000000e+02,3.920000000000000000e+02,4.720000000000000000e+02,5.000000000000000000e+00,2.200000000000000000e+01,4.000000000000000000e+00
-1.000000000000000000e+00,1.600000000000000000e+01,1.600000000000000000e+01,4.530000000000000000e+02,4.720000000000000000e+02,4.240000000000000000e+02,4.720000000000000000e+02,1.180000000000000000e+02,-3.000000000000000000e+00,4.000000000000000000e+00
-1.000000000000000000e+00,1.600000000000000000e+01,1.600000000000000000e+01,4.690000000000000000e+02,4.720000000000000000e+02,4.400000000000000000e+02,4.720000000000000000e+02,1.180000000000000000e+02,-3.000000000000000000e+00,4.000000000000000000e+00
-1.000000000000000000e+00,1.600000000000000000e+01,1.600000000000000000e+01,4.850000000000000000e+02,4.720000000000000000e+02,4.560000000000000000e+02,4.720000000000000000e+02,1.180000000000000000e+02,0.000000000000000000e+00,4.000000000000000000e+00
-1.000000000000000000e+00,1.600000000000000000e+01,1.600000000000000000e+01,5.010000000000000000e+02,4.720000000000000000e+02,4.720000000000000000e+02,4.720000000000000000e+02,1.190000000000000000e+02,0.000000000000000000e+00,4.000000000000000000e+00
-1.000000000000000000e+00,1.600000000000000000e+01,1.600000000000000000e+01,5.170000000000000000e+02,4.720000000000000000e+02,4.880000000000000000e+02,4.720000000000000000e+02,1.190000000000000000e+02,0.000000000000000000e+00,4.000000000000000000e+00
-1.000000000000000000e+00,1.600000000000000000e+01,1.600000000000000000e+01,5.330000000000000000e+02,4.720000000000000000e+02,5.040000000000000000e+02,4.720000000000000000e+02,1.190000000000000000e+02,0.000000000000000000e+00,4.000000000000000000e+00
-1.000000000000000000e+00,1.600000000000000000e+01,1.600000000000000000e+01,5.440000000000000000e+02,4.700000000000000000e+02,5.360000000000000000e+02,4.720000000000000000e+02,3.200000000000000000e+01,-8.000000000000000000e+00,4.000000000000000000e+00
-1.000000000000000000e+00,1.600000000000000000e+01,1.600000000000000000e+01,5.600000000000000000e+02,4.700000000000000000e+02,5.520000000000000000e+02,4.720000000000000000e+02,3.200000000000000000e+01,-8.000000000000000000e+00,4.000000000000000000e+00
-1.000000000000000000e+00,1.600000000000000000e+01,1.600000000000000000e+01,5.680000000000000000e+02,4.720000000000000000e+02,5.680000000000000000e+02,4.720000000000000000e+02,0.000000000000000000e+00,-3.000000000000000000e+00,4.000000000000000000e+00
-1.000000000000000000e+00,1.600000000000000000e+01,1.600000000000000000e+01,5.840000000000000000e+02,4.720000000000000000e+02,5.840000000000000000e+02,4.720000000000000000e+02,0.000000000000000000e+00,0.000000000000000000e+00,4.000000000000000000e+00
-1.000000000000000000e+00,1.600000000000000000e+01,1.600000000000000000e+01,6.540000000000000000e+02,4.870000000000000000e+02,6.640000000000000000e+02,4.720000000000000000e+02,-4.000000000000000000e+01,6.000000000000000000e+01,4.000000000000000000e+00
-1.000000000000000000e+00,1.600000000000000000e+01,1.600000000000000000e+01,7.210000000000000000e+02,4.690000000000000000e+02,6.960000000000000000e+02,4.720000000000000000e+02,1.020000000000000000e+02,-1.500000000000000000e+01,4.000000000000000000e+00
-1.000000000000000000e+00,1.600000000000000000e+01,1.600000000000000000e+01,7.360000000000000000e+02,4.690000000000000000e+02,7.120000000000000000e+02,4.720000000000000000e+02,9.900000000000000000e+01,-1.300000000000000000e+01,4.000000000000000000e+00
-1.000000000000000000e+00,1.600000000000000000e+01,1.600000000000000000e+01,7.520000000000000000e+02,4.700000000000000000e+02,7.280000000000000000e+02,4.720000000000000000e+02,9.900000000000000000e+01,-1.100000000000000000e+01,4.000000000000000000e+00
-1.000000000000000000e+00,1.600000000000000000e+01,8.000000000000000000e+00,7.680000000000000000e+02,4.660000000000000000e+02,7.440000000000000000e+02,4.680000000000000000e+02,9.600000000000000000e+01,-1.100000000000000000e+01,4.000000000000000000e+00
-1.000000000000000000e+00,1.600000000000000000e+01,8.000000000000000000e+00,7.680000000000000000e+02,4.740000000000000000e+02,7.440000000000000000e+02,4.760000000000000000e+02,9.900000000000000000e+01,-1.100000000000000000e+01,4.000000000000000000e+00
-1.000000000000000000e+00,8.000000000000000000e+00,1.600000000000000000e+01,7.800000000000000000e+02,4.700000000000000000e+02,7.560000000000000000e+02,4.720000000000000000e+02,9.900000000000000000e+01,-1.100000000000000000e+01,4.000000000000000000e+00
-1.000000000000000000e+00,8.000000000000000000e+00,1.600000000000000000e+01,8.150000000000000000e+02,4.700000000000000000e+02,7.640000000000000000e+02,4.720000000000000000e+02,2.040000000000000000e+02,-1.100000000000000000e+01,4.000000000000000000e+00
-1.000000000000000000e+00,1.600000000000000000e+01,1.600000000000000000e+01,8.150000000000000000e+02,4.700000000000000000e+02,7.920000000000000000e+02,4.720000000000000000e+02,9.300000000000000000e+01,-1.000000000000000000e+01,4.000000000000000000e+00
-1.000000000000000000e+00,1.600000000000000000e+01,1.600000000000000000e+01,8.310000000000000000e+02,4.690000000000000000e+02,8.080000000000000000e+02,4.720000000000000000e+02,9.300000000000000000e+01,-1.400000000000000000e+01,4.000000000000000000e+00
-1.000000000000000000e+00,1.600000000000000000e+01,1.600000000000000000e+01,8.560000000000000000e+02,4.720000000000000000e+02,8.400000000000000000e+02,4.720000000000000000e+02,6.500000000000000000e+01,-2.000000000000000000e+00,4.000000000000000000e+00
-1.000000000000000000e+00,1.600000000000000000e+01,1.600000000000000000e+01,8.800000000000000000e+02,4.720000000000000000e+02,8.560000000000000000e+02,4.720000000000000000e+02,9.600000000000000000e+01,-2.000000000000000000e+00,4.000000000000000000e+00
-1.000000000000000000e+00,1.600000000000000000e+01,1.600000000000000000e+01,8.960000000000000000e+02,4.720000000000000000e+02,8.720000000000000000e+02,4.720000000000000000e+02,9.600000000000000000e+01,-2.000000000000000000e+00,4.000000000000000000e+00
-1.000000000000000000e+00,1.600000000000000000e+01,1.600000000000000000e+01,9.170000000000000000e+02,4.720000000000000000e+02,8.880000000000000000e+02,4.720000000000000000e+02,1.160000000000000000e+02,-2.000000000000000000e+00,4.000000000000000000e+00
-1.000000000000000000e+00,1.600000000000000000e+01,1.600000000000000000e+01,9.230000000000000000e+02,4.720000000000000000e+02,9.040000000000000000e+02,4.720000000000000000e+02,7.700000000000000000e+01,-2.000000000000000000e+00,4.000000000000000000e+00
-1.000000000000000000e+00,1.600000000000000000e+01,1.600000000000000000e+01,9.390000000000000000e+02,4.720000000000000000e+02,9.200000000000000000e+02,4.720000000000000000e+02,7.700000000000000000e+01,-2.000000000000000000e+00,4.000000000000000000e+00
-1.000000000000000000e+00,1.600000000000000000e+01,1.600000000000000000e+01,9.550000000000000000e+02,4.690000000000000000e+02,9.360000000000000000e+02,4.720000000000000000e+02,7.700000000000000000e+01,-1.200000000000000000e+01,4.000000000000000000e+00
-1.000000000000000000e+00,1.600000000000000000e+01,1.600000000000000000e+01,9.860000000000000000e+02,4.720000000000000000e+02,9.680000000000000000e+02,4.720000000000000000e+02,7.300000000000000000e+01,0.000000000000000000e+00,4.000000000000000000e+00
-1.000000000000000000e+00,1.600000000000000000e+01,1.600000000000000000e+01,1.002000000000000000e+03,4.710000000000000000e+02,9.840000000000000000e+02,4.720000000000000000e+02,7.300000000000000000e+01,-4.000000000000000000e+00,4.000000000000000000e+00
-1.000000000000000000e+00,1.600000000000000000e+01,1.600000000000000000e+01,1.018000000000000000e+03,4.710000000000000000e+02,1.000000000000000000e+03,4.720000000000000000e+02,7.200000000000000000e+01,-4.000000000000000000e+00,4.000000000000000000e+00
-1.000000000000000000e+00,1.600000000000000000e+01,1.600000000000000000e+01,1.033000000000000000e+03,4.710000000000000000e+02,1.016000000000000000e+03,4.720000000000000000e+02,7.000000000000000000e+01,-7.000000000000000000e+00,4.000000000000000000e+00
-1.000000000000000000e+00,1.600000000000000000e+01,1.600000000000000000e+01,1.065000000000000000e+03,4.710000000000000000e+02,1.048000000000000000e+03,4.720000000000000000e+02,7.000000000000000000e+01,-4.000000000000000000e+00,4.000000000000000000e+00
-1.000000000000000000e+00,1.600000000000000000e+01,1.600000000000000000e+01,1.081000000000000000e+03,4.710000000000000000e+02,1.064000000000000000e+03,4.720000000000000000e+02,7.000000000000000000e+01,-4.000000000000000000e+00,4.000000000000000000e+00
-1.000000000000000000e+00,1.600000000000000000e+01,1.600000000000000000e+01,1.097000000000000000e+03,4.710000000000000000e+02,1.080000000000000000e+03,4.720000000000000000e+02,7.000000000000000000e+01,-4.000000000000000000e+00,4.000000000000000000e+00
-1.000000000000000000e+00,1.600000000000000000e+01,1.600000000000000000e+01,1.113000000000000000e+03,4.710000000000000000e+02,1.096000000000000000e+03,4.720000000000000000e+02,7.000000000000000000e+01,-4.000000000000000000e+00,4.000000000000000000e+00
-1.000000000000000000e+00,1.600000000000000000e+01,1.600000000000000000e+01,1.129000000000000000e+03,4.720000000000000000e+02,1.112000000000000000e+03,4.720000000000000000e+02,7.000000000000000000e+01,-3.000000000000000000e+00,4.000000000000000000e+00
-1.000000000000000000e+00,1.600000000000000000e+01,1.600000000000000000e+01,1.144000000000000000e+03,4.720000000000000000e+02,1.128000000000000000e+03,4.720000000000000000e+02,6.400000000000000000e+01,-3.000000000000000000e+00,4.000000000000000000e+00
-1.000000000000000000e+00,1.600000000000000000e+01,1.600000000000000000e+01,1.160000000000000000e+03,4.720000000000000000e+02,1.144000000000000000e+03,4.720000000000000000e+02,6.400000000000000000e+01,-3.000000000000000000e+00,4.000000000000000000e+00
-1.000000000000000000e+00,1.600000000000000000e+01,1.600000000000000000e+01,1.176000000000000000e+03,4.720000000000000000e+02,1.160000000000000000e+03,4.720000000000000000e+02,6.400000000000000000e+01,0.000000000000000000e+00,4.000000000000000000e+00
-1.000000000000000000e+00,1.600000000000000000e+01,1.600000000000000000e+01,1.208000000000000000e+03,4.720000000000000000e+02,1.192000000000000000e+03,4.720000000000000000e+02,6.400000000000000000e+01,0.000000000000000000e+00,4.000000000000000000e+00
-1.000000000000000000e+00,1.600000000000000000e+01,1.600000000000000000e+01,1.224000000000000000e+03,4.720000000000000000e+02,1.208000000000000000e+03,4.720000000000000000e+02,6.400000000000000000e+01,0.000000000000000000e+00,4.000000000000000000e+00
-1.000000000000000000e+00,1.600000000000000000e+01,1.600000000000000000e+01,1.240000000000000000e+03,4.720000000000000000e+02,1.224000000000000000e+03,4.720000000000000000e+02,6.700000000000000000e+01,0.000000000000000000e+00,4.000000000000000000e+00
-1.000000000000000000e+00,1.600000000000000000e+01,1.600000000000000000e+01,1.259000000000000000e+03,4.670000000000000000e+02,1.240000000000000000e+03,4.720000000000000000e+02,7.900000000000000000e+01,-2.000000000000000000e+01,4.000000000000000000e+00
-1.000000000000000000e+00,1.600000000000000000e+01,1.600000000000000000e+01,1.275000000000000000e+03,4.720000000000000000e+02,1.256000000000000000e+03,4.720000000000000000e+02,7.900000000000000000e+01,0.000000000000000000e+00,4.000000000000000000e+00
-1.000000000000000000e+00,1.600000000000000000e+01,1.600000000000000000e+01,1.291000000000000000e+03,4.720000000000000000e+02,1.272000000000000000e+03,4.720000000000000000e+02,7.900000000000000000e+01,0.000000000000000000e+00,4.000000000000000000e+00
-1.000000000000000000e+00,1.600000000000000000e+01,1.600000000000000000e+01,5.000000000000000000e+01,4.830000000000000000e+02,8.000000000000000000e+00,4.880000000000000000e+02,1.690000000000000000e+02,-2.100000000000000000e+01,4.000000000000000000e+00
-1.000000000000000000e+00,1.600000000000000000e+01,1.600000000000000000e+01,6.600000000000000000e+01,4.830000000000000000e+02,2.400000000000000000e+01,4.880000000000000000e+02,1.680000000000000000e+02,-2.100000000000000000e+01,4.000000000000000000e+00
-1.000000000000000000e+00,1.600000000000000000e+01,1.600000000000000000e+01,7.700000000000000000e+01,4.830000000000000000e+02,4.000000000000000000e+01,4.880000000000000000e+02,1.490000000000000000e+02,-2.300000000000000000e+01,4.000000000000000000e+00
-1.000000000000000000e+00,1.600000000000000000e+01,1.600000000000000000e+01,9.400000000000000000e+01,4.830000000000000000e+02,5.600000000000000000e+01,4.880000000000000000e+02,1.530000000000000000e+02,-2.100000000000000000e+01,4.000000000000000000e+00
-1.000000000000000000e+00,1.600000000000000000e+01,1.600000000000000000e+01,1.100000000000000000e+02,4.830000000000000000e+02,7.200000000000000000e+01,4.880000000000000000e+02,1.530000000000000000e+02,-2.100000000000000000e+01,4.000000000000000000e+00
-1.000000000000000000e+00,1.600000000000000000e+01,1.600000000000000000e+01,1.250000000000000000e+02,4.830000000000000000e+02,8.800000000000000000e+01,4.880000000000000000e+02,1.510000000000000000e+02,-2.100000000000000000e+01,4.000000000000000000e+00
-1.000000000000000000e+00,1.600000000000000000e+01,1.600000000000000000e+01,1.410000000000000000e+02,4.830000000000000000e+02,1.040000000000000000e+02,4.880000000000000000e+02,1.490000000000000000e+02,-2.100000000000000000e+01,4.000000000000000000e+00
-1.000000000000000000e+00,8.000000000000000000e+00,1.600000000000000000e+01,1.530000000000000000e+02,4.830000000000000000e+02,1.160000000000000000e+02,4.880000000000000000e+02,1.490000000000000000e+02,-2.000000000000000000e+01,4.000000000000000000e+00
-1.000000000000000000e+00,8.000000000000000000e+00,1.600000000000000000e+01,1.600000000000000000e+02,4.830000000000000000e+02,1.240000000000000000e+02,4.880000000000000000e+02,1.450000000000000000e+02,-2.100000000000000000e+01,4.000000000000000000e+00
-1.000000000000000000e+00,1.600000000000000000e+01,8.000000000000000000e+00,1.720000000000000000e+02,4.800000000000000000e+02,1.360000000000000000e+02,4.840000000000000000e+02,1.470000000000000000e+02,-1.900000000000000000e+01,4.000000000000000000e+00
-1.000000000000000000e+00,1.600000000000000000e+01,8.000000000000000000e+00,1.720000000000000000e+02,4.870000000000000000e+02,1.360000000000000000e+02,4.920000000000000000e+02,1.450000000000000000e+02,-2.100000000000000000e+01,4.000000000000000000e+00
-1.000000000000000000e+00,1.600000000000000000e+01,1.600000000000000000e+01,1.880000000000000000e+02,4.840000000000000000e+02,1.520000000000000000e+02,4.880000000000000000e+02,1.450000000000000000e+02,-1.900000000000000000e+01,4.000000000000000000e+00
-1.000000000000000000e+00,1.600000000000000000e+01,1.600000000000000000e+01,2.020000000000000000e+02,4.840000000000000000e+02,1.680000000000000000e+02,4.880000000000000000e+02,1.370000000000000000e+02,-1.900000000000000000e+01,4.000000000000000000e+00
-1.000000000000000000e+00,1.600000000000000000e+01,1.600000000000000000e+01,2.180000000000000000e+02,4.840000000000000000e+02,1.840000000000000000e+02,4.880000000000000000e+02,1.370000000000000000e+02,-1.900000000000000000e+01,4.000000000000000000e+00
-1.000000000000000000e+00,1.600000000000000000e+01,8.000000000000000000e+00,2.310000000000000000e+02,4.790000000000000000e+02,2.000000000000000000e+02,4.840000000000000000e+02,1.250000000000000000e+02,-2.000000000000000000e+01,4.000000000000000000e+00
-1.000000000000000000e+00,1.600000000000000000e+01,8.000000000000000000e+00,2.340000000000000000e+02,4.880000000000000000e+02,2.000000000000000000e+02,4.920000000000000000e+02,1.370000000000000000e+02,-1.900000000000000000e+01,4.000000000000000000e+00
-1.000000000000000000e+00,1.600000000000000000e+01,8.000000000000000000e+00,2.470000000000000000e+02,4.790000000000000000e+02,2.160000000000000000e+02,4.840000000000000000e+02,1.250000000000000000e+02,-2.000000000000000000e+01,4.000000000000000000e+00
-1.000000000000000000e+00,1.600000000000000000e+01,8.000000000000000000e+00,2.500000000000000000e+02,4.870000000000000000e+02,2.160000000000000000e+02,4.920000000000000000e+02,1.370000000000000000e+02,-2.000000000000000000e+01,4.000000000000000000e+00
-1.000000000000000000e+00,1.600000000000000000e+01,1.600000000000000000e+01,2.630000000000000000e+02,4.830000000000000000e+02,2.320000000000000000e+02,4.880000000000000000e+02,1.250000000000000000e+02,-2.000000000000000000e+01,4.000000000000000000e+00
-1.000000000000000000e+00,8.000000000000000000e+00,8.000000000000000000e+00,2.750000000000000000e+02,4.790000000000000000e+02,2.440000000000000000e+02,4.840000000000000000e+02,1.250000000000000000e+02,-2.000000000000000000e+01,4.000000000000000000e+00
-1.000000000000000000e+00,8.000000000000000000e+00,8.000000000000000000e+00,2.830000000000000000e+02,4.790000000000000000e+02,2.520000000000000000e+02,4.840000000000000000e+02,1.250000000000000000e+02,-2.000000000000000000e+01,4.000000000000000000e+00
-1.000000000000000000e+00,8.000000000000000000e+00,8.000000000000000000e+00,2.730000000000000000e+02,4.870000000000000000e+02,2.440000000000000000e+02,4.920000000000000000e+02,1.190000000000000000e+02,-2.000000000000000000e+01,4.000000000000000000e+00
-1.000000000000000000e+00,8.000000000000000000e+00,8.000000000000000000e+00,2.830000000000000000e+02,4.870000000000000000e+02,2.520000000000000000e+02,4.920000000000000000e+02,1.250000000000000000e+02,-2.000000000000000000e+01,4.000000000000000000e+00
-1.000000000000000000e+00,1.600000000000000000e+01,1.600000000000000000e+01,2.950000000000000000e+02,4.830000000000000000e+02,2.640000000000000000e+02,4.880000000000000000e+02,1.250000000000000000e+02,-2.000000000000000000e+01,4.000000000000000000e+00
-1.000000000000000000e+00,1.600000000000000000e+01,1.600000000000000000e+01,4.160000000000000000e+02,4.780000000000000000e+02,2.800000000000000000e+02,4.880000000000000000e+02,5.460000000000000000e+02,-4.000000000000000000e+01,4.000000000000000000e+00
-1.000000000000000000e+00,1.600000000000000000e+01,1.600000000000000000e+01,4.320000000000000000e+02,4.790000000000000000e+02,2.960000000000000000e+02,4.880000000000000000e+02,5.460000000000000000e+02,-3.900000000000000000e+01,4.000000000000000000e+00
-1.000000000000000000e+00,1.600000000000000000e+01,1.600000000000000000e+01,4.330000000000000000e+02,4.880000000000000000e+02,3.920000000000000000e+02,4.880000000000000000e+02,1.640000000000000000e+02,0.000000000000000000e+00,4.000000000000000000e+00
-1.000000000000000000e+00,1.600000000000000000e+01,1.600000000000000000e+01,4.530000000000000000e+02,4.880000000000000000e+02,4.240000000000000000e+02,4.880000000000000000e+02,1.180000000000000000e+02,-3.000000000000000000e+00,4.000000000000000000e+00
-1.000000000000000000e+00,1.600000000000000000e+01,1.600000000000000000e+01,5.010000000000000000e+02,4.880000000000000000e+02,4.720000000000000000e+02,4.880000000000000000e+02,1.190000000000000000e+02,0.000000000000000000e+00,4.000000000000000000e+00
-1.000000000000000000e+00,1.600000000000000000e+01,1.600000000000000000e+01,5.170000000000000000e+02,4.880000000000000000e+02,4.880000000000000000e+02,4.880000000000000000e+02,1.190000000000000000e+02,0.000000000000000000e+00,4.000000000000000000e+00
-1.000000000000000000e+00,1.600000000000000000e+01,1.600000000000000000e+01,5.330000000000000000e+02,4.880000000000000000e+02,5.040000000000000000e+02,4.880000000000000000e+02,1.190000000000000000e+02,0.000000000000000000e+00,4.000000000000000000e+00
-1.000000000000000000e+00,1.600000000000000000e+01,1.600000000000000000e+01,5.280000000000000000e+02,4.880000000000000000e+02,5.200000000000000000e+02,4.880000000000000000e+02,3.200000000000000000e+01,0.000000000000000000e+00,4.000000000000000000e+00
-1.000000000000000000e+00,1.600000000000000000e+01,1.600000000000000000e+01,5.440000000000000000e+02,4.860000000000000000e+02,5.360000000000000000e+02,4.880000000000000000e+02,3.200000000000000000e+01,-8.000000000000000000e+00,4.000000000000000000e+00
-1.000000000000000000e+00,1.600000000000000000e+01,1.600000000000000000e+01,5.600000000000000000e+02,4.860000000000000000e+02,5.520000000000000000e+02,4.880000000000000000e+02,3.200000000000000000e+01,-8.000000000000000000e+00,4.000000000000000000e+00
-1.000000000000000000e+00,1.600000000000000000e+01,1.600000000000000000e+01,5.680000000000000000e+02,4.880000000000000000e+02,5.680000000000000000e+02,4.880000000000000000e+02,0.000000000000000000e+00,-3.000000000000000000e+00,4.000000000000000000e+00
-1.000000000000000000e+00,1.600000000000000000e+01,1.600000000000000000e+01,5.840000000000000000e+02,4.880000000000000000e+02,5.840000000000000000e+02,4.880000000000000000e+02,0.000000000000000000e+00,0.000000000000000000e+00,4.000000000000000000e+00
-1.000000000000000000e+00,1.600000000000000000e+01,1.600000000000000000e+01,6.160000000000000000e+02,5.020000000000000000e+02,6.160000000000000000e+02,4.880000000000000000e+02,0.000000000000000000e+00,5.600000000000000000e+01,4.000000000000000000e+00
-1.000000000000000000e+00,1.600000000000000000e+01,1.600000000000000000e+01,6.250000000000000000e+02,4.940000000000000000e+02,6.320000000000000000e+02,4.880000000000000000e+02,-2.900000000000000000e+01,2.600000000000000000e+01,4.000000000000000000e+00
-1.000000000000000000e+00,8.000000000000000000e+00,1.600000000000000000e+01,6.370000000000000000e+02,4.940000000000000000e+02,6.440000000000000000e+02,4.880000000000000000e+02,-2.900000000000000000e+01,2.700000000000000000e+01,4.000000000000000000e+00
-1.000000000000000000e+00,8.000000000000000000e+00,1.600000000000000000e+01,6.420000000000000000e+02,5.030000000000000000e+02,6.520000000000000000e+02,4.880000000000000000e+02,-4.300000000000000000e+01,6.000000000000000000e+01,4.000000000000000000e+00
-1.000000000000000000e+00,1.600000000000000000e+01,8.000000000000000000e+00,6.540000000000000000e+02,4.990000000000000000e+02,6.640000000000000000e+02,4.840000000000000000e+02,-4.000000000000000000e+01,6.000000000000000000e+01,4.000000000000000000e+00
-1.000000000000000000e+00,1.600000000000000000e+01,8.000000000000000000e+00,6.560000000000000000e+02,5.100000000000000000e+02,6.640000000000000000e+02,4.920000000000000000e+02,-3.300000000000000000e+01,7.300000000000000000e+01,4.000000000000000000e+00
-1.000000000000000000e+00,1.600000000000000000e+01,1.600000000000000000e+01,7.050000000000000000e+02,4.850000000000000000e+02,6.800000000000000000e+02,4.880000000000000000e+02,1.010000000000000000e+02,-1.400000000000000000e+01,4.000000000000000000e+00
-1.000000000000000000e+00,1.600000000000000000e+01,1.600000000000000000e+01,7.210000000000000000e+02,4.850000000000000000e+02,6.960000000000000000e+02,4.880000000000000000e+02,1.020000000000000000e+02,-1.500000000000000000e+01,4.000000000000000000e+00
-1.000000000000000000e+00,1.600000000000000000e+01,1.600000000000000000e+01,7.680000000000000000e+02,4.860000000000000000e+02,7.440000000000000000e+02,4.880000000000000000e+02,9.900000000000000000e+01,-1.100000000000000000e+01,4.000000000000000000e+00
-1.000000000000000000e+00,1.600000000000000000e+01,1.600000000000000000e+01,8.150000000000000000e+02,4.860000000000000000e+02,7.920000000000000000e+02,4.880000000000000000e+02,9.300000000000000000e+01,-1.000000000000000000e+01,4.000000000000000000e+00
-1.000000000000000000e+00,1.600000000000000000e+01,8.000000000000000000e+00,8.310000000000000000e+02,4.810000000000000000e+02,8.080000000000000000e+02,4.840000000000000000e+02,9.300000000000000000e+01,-1.300000000000000000e+01,4.000000000000000000e+00
-1.000000000000000000e+00,1.600000000000000000e+01,8.000000000000000000e+00,8.310000000000000000e+02,4.900000000000000000e+02,8.080000000000000000e+02,4.920000000000000000e+02,9.300000000000000000e+01,-1.000000000000000000e+01,4.000000000000000000e+00
-1.000000000000000000e+00,1.600000000000000000e+01,1.600000000000000000e+01,8.450000000000000000e+02,4.830000000000000000e+02,8.240000000000000000e+02,4.880000000000000000e+02,8.500000000000000000e+01,-2.300000000000000000e+01,4.000000000000000000e+00
-1.000000000000000000e+00,1.600000000000000000e+01,1.600000000000000000e+01,8.560000000000000000e+02,4.750000000000000000e+02,8.400000000000000000e+02,4.880000000000000000e+02,6.500000000000000000e+01,-5.200000000000000000e+01,4.000000000000000000e+00
-1.000000000000000000e+00,1.600000000000000000e+01,1.600000000000000000e+01,8.870000000000000000e+02,5.030000000000000000e+02,8.560000000000000000e+02,4.880000000000000000e+02,1.270000000000000000e+02,6.200000000000000000e+01,4.000000000000000000e+00
-1.000000000000000000e+00,1.600000000000000000e+01,1.600000000000000000e+01,8.950000000000000000e+02,4.880000000000000000e+02,8.720000000000000000e+02,4.880000000000000000e+02,9.500000000000000000e+01,-3.000000000000000000e+00,4.000000000000000000e+00
-1.000000000000000000e+00,1.600000000000000000e+01,8.000000000000000000e+00,9.130000000000000000e+02,4.840000000000000000e+02,8.880000000000000000e+02,4.840000000000000000e+02,1.030000000000000000e+02,-2.000000000000000000e+00,4.000000000000000000e+00
-1.000000000000000000e+00,1.600000000000000000e+01,8.000000000000000000e+00,9.130000000000000000e+02,4.920000000000000000e+02,8.880000000000000000e+02,4.920000000000000000e+02,1.000000000000000000e+02,-3.000000000000000000e+00,4.000000000000000000e+00
-1.000000000000000000e+00,1.600000000000000000e+01,8.000000000000000000e+00,9.230000000000000000e+02,4.840000000000000000e+02,9.040000000000000000e+02,4.840000000000000000e+02,7.700000000000000000e+01,-2.000000000000000000e+00,4.000000000000000000e+00
-1.000000000000000000e+00,1.600000000000000000e+01,8.000000000000000000e+00,9.290000000000000000e+02,4.920000000000000000e+02,9.040000000000000000e+02,4.920000000000000000e+02,1.000000000000000000e+02,-2.000000000000000000e+00,4.000000000000000000e+00
-1.000000000000000000e+00,1.600000000000000000e+01,1.600000000000000000e+01,1.025000000000000000e+03,4.870000000000000000e+02,1.000000000000000000e+03,4.880000000000000000e+02,1.000000000000000000e+02,-4.000000000000000000e+00,4.000000000000000000e+00
-1.000000000000000000e+00,1.600000000000000000e+01,1.600000000000000000e+01,1.033000000000000000e+03,4.840000000000000000e+02,1.016000000000000000e+03,4.880000000000000000e+02,7.000000000000000000e+01,-1.600000000000000000e+01,4.000000000000000000e+00
-1.000000000000000000e+00,1.600000000000000000e+01,1.600000000000000000e+01,1.081000000000000000e+03,4.870000000000000000e+02,1.064000000000000000e+03,4.880000000000000000e+02,7.000000000000000000e+01,-4.000000000000000000e+00,4.000000000000000000e+00
-1.000000000000000000e+00,1.600000000000000000e+01,1.600000000000000000e+01,1.097000000000000000e+03,4.870000000000000000e+02,1.080000000000000000e+03,4.880000000000000000e+02,7.000000000000000000e+01,-4.000000000000000000e+00,4.000000000000000000e+00
-1.000000000000000000e+00,1.600000000000000000e+01,1.600000000000000000e+01,1.113000000000000000e+03,4.870000000000000000e+02,1.096000000000000000e+03,4.880000000000000000e+02,7.000000000000000000e+01,-4.000000000000000000e+00,4.000000000000000000e+00
-1.000000000000000000e+00,1.600000000000000000e+01,1.600000000000000000e+01,1.129000000000000000e+03,4.880000000000000000e+02,1.112000000000000000e+03,4.880000000000000000e+02,7.000000000000000000e+01,0.000000000000000000e+00,4.000000000000000000e+00
-1.000000000000000000e+00,1.600000000000000000e+01,1.600000000000000000e+01,1.176000000000000000e+03,4.880000000000000000e+02,1.160000000000000000e+03,4.880000000000000000e+02,6.400000000000000000e+01,0.000000000000000000e+00,4.000000000000000000e+00
-1.000000000000000000e+00,1.600000000000000000e+01,1.600000000000000000e+01,1.192000000000000000e+03,4.880000000000000000e+02,1.176000000000000000e+03,4.880000000000000000e+02,6.400000000000000000e+01,0.000000000000000000e+00,4.000000000000000000e+00
-1.000000000000000000e+00,1.600000000000000000e+01,1.600000000000000000e+01,4.900000000000000000e+01,4.980000000000000000e+02,8.000000000000000000e+00,5.040000000000000000e+02,1.650000000000000000e+02,-2.400000000000000000e+01,4.000000000000000000e+00
-1.000000000000000000e+00,1.600000000000000000e+01,1.600000000000000000e+01,6.500000000000000000e+01,4.990000000000000000e+02,2.400000000000000000e+01,5.040000000000000000e+02,1.650000000000000000e+02,-2.300000000000000000e+01,4.000000000000000000e+00
-1.000000000000000000e+00,1.600000000000000000e+01,1.600000000000000000e+01,9.400000000000000000e+01,4.990000000000000000e+02,5.600000000000000000e+01,5.040000000000000000e+02,1.530000000000000000e+02,-2.100000000000000000e+01,4.000000000000000000e+00
-1.000000000000000000e+00,1.600000000000000000e+01,8.000000000000000000e+00,1.100000000000000000e+02,4.950000000000000000e+02,7.200000000000000000e+01,5.000000000000000000e+02,1.530000000000000000e+02,-2.100000000000000000e+01,4.000000000000000000e+00
-1.000000000000000000e+00,1.600000000000000000e+01,8.000000000000000000e+00,1.100000000000000000e+02,4.940000000000000000e+02,7.200000000000000000e+01,5.080000000000000000e+02,1.530000000000000000e+02,-5.900000000000000000e+01,4.000000000000000000e+00
-1.000000000000000000e+00,1.600000000000000000e+01,1.600000000000000000e+01,1.410000000000000000e+02,4.990000000000000000e+02,1.040000000000000000e+02,5.040000000000000000e+02,1.490000000000000000e+02,-2.000000000000000000e+01,4.000000000000000000e+00
-1.000000000000000000e+00,1.600000000000000000e+01,8.000000000000000000e+00,1.560000000000000000e+02,4.950000000000000000e+02,1.200000000000000000e+02,5.000000000000000000e+02,1.470000000000000000e+02,-2.300000000000000000e+01,4.000000000000000000e+00
-1.000000000000000000e+00,1.600000000000000000e+01,8.000000000000000000e+00,1.570000000000000000e+02,5.030000000000000000e+02,1.200000000000000000e+02,5.080000000000000000e+02,1.490000000000000000e+02,-2.000000000000000000e+01,4.000000000000000000e+00
-1.000000000000000000e+00,1.600000000000000000e+01,1.600000000000000000e+01,1.720000000000000000e+02,4.990000000000000000e+02,1.360000000000000000e+02,5.040000000000000000e+02,1.450000000000000000e+02,-2.100000000000000000e+01,4.000000000000000000e+00
-1.000000000000000000e+00,1.600000000000000000e+01,1.600000000000000000e+01,1.880000000000000000e+02,4.990000000000000000e+02,1.520000000000000000e+02,5.040000000000000000e+02,1.450000000000000000e+02,-2.000000000000000000e+01,4.000000000000000000e+00
-1.000000000000000000e+00,1.600000000000000000e+01,1.600000000000000000e+01,2.050000000000000000e+02,5.000000000000000000e+02,1.680000000000000000e+02,5.040000000000000000e+02,1.480000000000000000e+02,-1.900000000000000000e+01,4.000000000000000000e+00
-1.000000000000000000e+00,1.600000000000000000e+01,1.600000000000000000e+01,2.210000000000000000e+02,5.000000000000000000e+02,1.840000000000000000e+02,5.040000000000000000e+02,1.490000000000000000e+02,-1.900000000000000000e+01,4.000000000000000000e+00
-1.000000000000000000e+00,1.600000000000000000e+01,8.000000000000000000e+00,2.340000000000000000e+02,4.950000000000000000e+02,2.000000000000000000e+02,5.000000000000000000e+02,1.370000000000000000e+02,-2.000000000000000000e+01,4.000000000000000000e+00
-1.000000000000000000e+00,1.600000000000000000e+01,8.000000000000000000e+00,2.370000000000000000e+02,5.040000000000000000e+02,2.000000000000000000e+02,5.080000000000000000e+02,1.490000000000000000e+02,-1.900000000000000000e+01,4.000000000000000000e+00
-1.000000000000000000e+00,1.600000000000000000e+01,1.600000000000000000e+01,2.500000000000000000e+02,4.990000000000000000e+02,2.160000000000000000e+02,5.040000000000000000e+02,1.370000000000000000e+02,-2.000000000000000000e+01,4.000000000000000000e+00
-1.000000000000000000e+00,1.600000000000000000e+01,1.600000000000000000e+01,2.660000000000000000e+02,4.990000000000000000e+02,2.320000000000000000e+02,5.040000000000000000e+02,1.390000000000000000e+02,-2.000000000000000000e+01,4.000000000000000000e+00
-1.000000000000000000e+00,1.600000000000000000e+01,1.600000000000000000e+01,2.820000000000000000e+02,4.990000000000000000e+02,2.480000000000000000e+02,5.040000000000000000e+02,1.360000000000000000e+02,-2.000000000000000000e+01,4.000000000000000000e+00
-1.000000000000000000e+00,1.600000000000000000e+01,1.600000000000000000e+01,2.970000000000000000e+02,4.990000000000000000e+02,2.640000000000000000e+02,5.040000000000000000e+02,1.330000000000000000e+02,-2.100000000000000000e+01,4.000000000000000000e+00
-1.000000000000000000e+00,1.600000000000000000e+01,1.600000000000000000e+01,3.130000000000000000e+02,5.000000000000000000e+02,2.800000000000000000e+02,5.040000000000000000e+02,1.330000000000000000e+02,-1.900000000000000000e+01,4.000000000000000000e+00
-1.000000000000000000e+00,1.600000000000000000e+01,1.600000000000000000e+01,3.280000000000000000e+02,5.000000000000000000e+02,2.960000000000000000e+02,5.040000000000000000e+02,1.300000000000000000e+02,-1.800000000000000000e+01,4.000000000000000000e+00
-1.000000000000000000e+00,1.600000000000000000e+01,1.600000000000000000e+01,3.440000000000000000e+02,5.000000000000000000e+02,3.120000000000000000e+02,5.040000000000000000e+02,1.300000000000000000e+02,-1.700000000000000000e+01,4.000000000000000000e+00
-1.000000000000000000e+00,8.000000000000000000e+00,8.000000000000000000e+00,3.560000000000000000e+02,4.960000000000000000e+02,3.240000000000000000e+02,5.000000000000000000e+02,1.300000000000000000e+02,-1.700000000000000000e+01,4.000000000000000000e+00
-1.000000000000000000e+00,8.000000000000000000e+00,8.000000000000000000e+00,3.640000000000000000e+02,4.960000000000000000e+02,3.320000000000000000e+02,5.000000000000000000e+02,1.300000000000000000e+02,-1.600000000000000000e+01,4.000000000000000000e+00
-1.000000000000000000e+00,8.000000000000000000e+00,8.000000000000000000e+00,3.570000000000000000e+02,5.040000000000000000e+02,3.240000000000000000e+02,5.080000000000000000e+02,1.350000000000000000e+02,-1.700000000000000000e+01,4.000000000000000000e+00
-1.000000000000000000e+00,8.000000000000000000e+00,8.000000000000000000e+00,3.640000000000000000e+02,5.040000000000000000e+02,3.320000000000000000e+02,5.080000000000000000e+02,1.300000000000000000e+02,-1.700000000000000000e+01,4.000000000000000000e+00
-1.000000000000000000e+00,1.600000000000000000e+01,1.600000000000000000e+01,3.750000000000000000e+02,5.000000000000000000e+02,3.440000000000000000e+02,5.040000000000000000e+02,1.270000000000000000e+02,-1.700000000000000000e+01,4.000000000000000000e+00
-1.000000000000000000e+00,1.600000000000000000e+01,1.600000000000000000e+01,3.910000000000000000e+02,5.000000000000000000e+02,3.600000000000000000e+02,5.040000000000000000e+02,1.270000000000000000e+02,-1.700000000000000000e+01,4.000000000000000000e+00
-1.000000000000000000e+00,1.600000000000000000e+01,1.600000000000000000e+01,4.070000000000000000e+02,5.000000000000000000e+02,3.760000000000000000e+02,5.040000000000000000e+02,1.270000000000000000e+02,-1.700000000000000000e+01,4.000000000000000000e+00
-1.000000000000000000e+00,1.600000000000000000e+01,1.600000000000000000e+01,4.240000000000000000e+02,5.000000000000000000e+02,3.920000000000000000e+02,5.040000000000000000e+02,1.300000000000000000e+02,-1.600000000000000000e+01,4.000000000000000000e+00
-1.000000000000000000e+00,1.600000000000000000e+01,1.600000000000000000e+01,4.410000000000000000e+02,5.000000000000000000e+02,4.080000000000000000e+02,5.040000000000000000e+02,1.320000000000000000e+02,-1.600000000000000000e+01,4.000000000000000000e+00
-1.000000000000000000e+00,1.600000000000000000e+01,1.600000000000000000e+01,4.520000000000000000e+02,5.000000000000000000e+02,4.240000000000000000e+02,5.040000000000000000e+02,1.150000000000000000e+02,-1.700000000000000000e+01,4.000000000000000000e+00
-1.000000000000000000e+00,1.600000000000000000e+01,1.600000000000000000e+01,5.170000000000000000e+02,5.040000000000000000e+02,4.880000000000000000e+02,5.040000000000000000e+02,1.190000000000000000e+02,0.000000000000000000e+00,4.000000000000000000e+00
-1.000000000000000000e+00,1.600000000000000000e+01,1.600000000000000000e+01,5.520000000000000000e+02,5.040000000000000000e+02,5.520000000000000000e+02,5.040000000000000000e+02,0.000000000000000000e+00,-3.000000000000000000e+00,4.000000000000000000e+00
-1.000000000000000000e+00,1.600000000000000000e+01,1.600000000000000000e+01,5.680000000000000000e+02,5.030000000000000000e+02,5.680000000000000000e+02,5.040000000000000000e+02,0.000000000000000000e+00,-5.000000000000000000e+00,4.000000000000000000e+00
-1.000000000000000000e+00,1.600000000000000000e+01,1.600000000000000000e+01,5.840000000000000000e+02,5.040000000000000000e+02,5.840000000000000000e+02,5.040000000000000000e+02,0.000000000000000000e+00,0.000000000000000000e+00,4.000000000000000000e+00
-1.000000000000000000e+00,1.600000000000000000e+01,1.600000000000000000e+01,6.250000000000000000e+02,5.120000000000000000e+02,6.320000000000000000e+02,5.040000000000000000e+02,-3.100000000000000000e+01,3.500000000000000000e+01,4.000000000000000000e+00
-1.000000000000000000e+00,1.600000000000000000e+01,1.600000000000000000e+01,6.740000000000000000e+02,5.090000000000000000e+02,6.640000000000000000e+02,5.040000000000000000e+02,4.300000000000000000e+01,2.200000000000000000e+01,4.000000000000000000e+00
-1.000000000000000000e+00,1.600000000000000000e+01,1.600000000000000000e+01,7.050000000000000000e+02,5.060000000000000000e+02,6.800000000000000000e+02,5.040000000000000000e+02,1.010000000000000000e+02,8.000000000000000000e+00,4.000000000000000000e+00
-1.000000000000000000e+00,1.600000000000000000e+01,1.600000000000000000e+01,7.210000000000000000e+02,5.040000000000000000e+02,6.960000000000000000e+02,5.040000000000000000e+02,1.010000000000000000e+02,0.000000000000000000e+00,4.000000000000000000e+00
-1.000000000000000000e+00,1.600000000000000000e+01,1.600000000000000000e+01,7.370000000000000000e+02,5.040000000000000000e+02,7.120000000000000000e+02,5.040000000000000000e+02,1.010000000000000000e+02,0.000000000000000000e+00,4.000000000000000000e+00
-1.000000000000000000e+00,1.600000000000000000e+01,1.600000000000000000e+01,7.520000000000000000e+02,5.040000000000000000e+02,7.280000000000000000e+02,5.040000000000000000e+02,9.900000000000000000e+01,0.000000000000000000e+00,4.000000000000000000e+00
-1.000000000000000000e+00,1.600000000000000000e+01,1.600000000000000000e+01,7.670000000000000000e+02,5.040000000000000000e+02,7.440000000000000000e+02,5.040000000000000000e+02,9.500000000000000000e+01,0.000000000000000000e+00,4.000000000000000000e+00
-1.000000000000000000e+00,1.600000000000000000e+01,1.600000000000000000e+01,7.970000000000000000e+02,5.020000000000000000e+02,7.760000000000000000e+02,5.040000000000000000e+02,8.700000000000000000e+01,-1.000000000000000000e+01,4.000000000000000000e+00
-1.000000000000000000e+00,1.600000000000000000e+01,1.600000000000000000e+01,8.160000000000000000e+02,4.990000000000000000e+02,7.920000000000000000e+02,5.040000000000000000e+02,9.600000000000000000e+01,-2.000000000000000000e+01,4.000000000000000000e+00
-1.000000000000000000e+00,1.600000000000000000e+01,1.600000000000000000e+01,8.310000000000000000e+02,5.020000000000000000e+02,8.080000000000000000e+02,5.040000000000000000e+02,9.300000000000000000e+01,-9.000000000000000000e+00,4.000000000000000000e+00
-1.000000000000000000e+00,8.000000000000000000e+00,8.000000000000000000e+00,8.410000000000000000e+02,4.960000000000000000e+02,8.200000000000000000e+02,5.000000000000000000e+02,8.500000000000000000e+01,-1.800000000000000000e+01,4.000000000000000000e+00
-1.000000000000000000e+00,8.000000000000000000e+00,8.000000000000000000e+00,8.490000000000000000e+02,4.950000000000000000e+02,8.280000000000000000e+02,5.000000000000000000e+02,8.500000000000000000e+01,-2.300000000000000000e+01,4.000000000000000000e+00
-1.000000000000000000e+00,8.000000000000000000e+00,8.000000000000000000e+00,8.410000000000000000e+02,5.040000000000000000e+02,8.200000000000000000e+02,5.080000000000000000e+02,8.500000000000000000e+01,-1.800000000000000000e+01,4.000000000000000000e+00
-1.000000000000000000e+00,8.000000000000000000e+00,8.000000000000000000e+00,8.490000000000000000e+02,5.030000000000000000e+02,8.280000000000000000e+02,5.080000000000000000e+02,8.500000000000000000e+01,-2.300000000000000000e+01,4.000000000000000000e+00
-1.000000000000000000e+00,1.600000000000000000e+01,1.600000000000000000e+01,8.610000000000000000e+02,4.990000000000000000e+02,8.400000000000000000e+02,5.040000000000000000e+02,8.500000000000000000e+01,-2.300000000000000000e+01,4.000000000000000000e+00
-1.000000000000000000e+00,1.600000000000000000e+01,1.600000000000000000e+01,8.950000000000000000e+02,5.040000000000000000e+02,8.720000000000000000e+02,5.040000000000000000e+02,9.500000000000000000e+01,-3.000000000000000000e+00,4.000000000000000000e+00
-1.000000000000000000e+00,1.600000000000000000e+01,8.000000000000000000e+00,9.120000000000000000e+02,5.000000000000000000e+02,8.880000000000000000e+02,5.000000000000000000e+02,9.800000000000000000e+01,-3.000000000000000000e+00,4.000000000000000000e+00
-1.000000000000000000e+00,1.600000000000000000e+01,8.000000000000000000e+00,9.110000000000000000e+02,5.080000000000000000e+02,8.880000000000000000e+02,5.080000000000000000e+02,9.500000000000000000e+01,-3.000000000000000000e+00,4.000000000000000000e+00
-1.000000000000000000e+00,1.600000000000000000e+01,1.600000000000000000e+01,9.280000000000000000e+02,5.030000000000000000e+02,9.040000000000000000e+02,5.040000000000000000e+02,9.800000000000000000e+01,-6.000000000000000000e+00,4.000000000000000000e+00
-1.000000000000000000e+00,1.600000000000000000e+01,1.600000000000000000e+01,9.520000000000000000e+02,5.040000000000000000e+02,9.520000000000000000e+02,5.040000000000000000e+02,0.000000000000000000e+00,0.000000000000000000e+00,4.000000000000000000e+00
-1.000000000000000000e+00,1.600000000000000000e+01,8.000000000000000000e+00,9.680000000000000000e+02,5.000000000000000000e+02,9.680000000000000000e+02,5.000000000000000000e+02,0.000000000000000000e+00,0.000000000000000000e+00,4.000000000000000000e+00
-1.000000000000000000e+00,1.600000000000000000e+01,8.000000000000000000e+00,9.680000000000000000e+02,5.160000000000000000e+02,9.680000000000000000e+02,5.080000000000000000e+02,0.000000000000000000e+00,3.200000000000000000e+01,4.000000000000000000e+00
-1.000000000000000000e+00,1.600000000000000000e+01,1.600000000000000000e+01,1.129000000000000000e+03,5.040000000000000000e+02,1.112000000000000000e+03,5.040000000000000000e+02,7.000000000000000000e+01,0.000000000000000000e+00,4.000000000000000000e+00
-1.000000000000000000e+00,1.600000000000000000e+01,1.600000000000000000e+01,1.145000000000000000e+03,5.040000000000000000e+02,1.128000000000000000e+03,5.040000000000000000e+02,7.000000000000000000e+01,0.000000000000000000e+00,4.000000000000000000e+00
-1.000000000000000000e+00,1.600000000000000000e+01,1.600000000000000000e+01,1.160000000000000000e+03,5.040000000000000000e+02,1.144000000000000000e+03,5.040000000000000000e+02,6.400000000000000000e+01,0.000000000000000000e+00,4.000000000000000000e+00
-1.000000000000000000e+00,1.600000000000000000e+01,1.600000000000000000e+01,1.176000000000000000e+03,5.030000000000000000e+02,1.160000000000000000e+03,5.040000000000000000e+02,6.400000000000000000e+01,-7.000000000000000000e+00,4.000000000000000000e+00
-1.000000000000000000e+00,1.600000000000000000e+01,1.600000000000000000e+01,1.192000000000000000e+03,5.040000000000000000e+02,1.176000000000000000e+03,5.040000000000000000e+02,6.400000000000000000e+01,0.000000000000000000e+00,4.000000000000000000e+00
-1.000000000000000000e+00,1.600000000000000000e+01,1.600000000000000000e+01,1.208000000000000000e+03,5.040000000000000000e+02,1.192000000000000000e+03,5.040000000000000000e+02,6.400000000000000000e+01,0.000000000000000000e+00,4.000000000000000000e+00
-1.000000000000000000e+00,1.600000000000000000e+01,1.600000000000000000e+01,1.224000000000000000e+03,5.040000000000000000e+02,1.208000000000000000e+03,5.040000000000000000e+02,6.400000000000000000e+01,0.000000000000000000e+00,4.000000000000000000e+00
-1.000000000000000000e+00,1.600000000000000000e+01,1.600000000000000000e+01,1.272000000000000000e+03,5.040000000000000000e+02,1.272000000000000000e+03,5.040000000000000000e+02,0.000000000000000000e+00,0.000000000000000000e+00,4.000000000000000000e+00
-1.000000000000000000e+00,1.600000000000000000e+01,1.600000000000000000e+01,9.500000000000000000e+01,5.200000000000000000e+02,5.600000000000000000e+01,5.200000000000000000e+02,1.560000000000000000e+02,-1.000000000000000000e+00,4.000000000000000000e+00
-1.000000000000000000e+00,1.600000000000000000e+01,1.600000000000000000e+01,1.670000000000000000e+02,5.200000000000000000e+02,7.200000000000000000e+01,5.200000000000000000e+02,3.800000000000000000e+02,0.000000000000000000e+00,4.000000000000000000e+00
-1.000000000000000000e+00,1.600000000000000000e+01,8.000000000000000000e+00,1.570000000000000000e+02,5.110000000000000000e+02,1.200000000000000000e+02,5.160000000000000000e+02,1.490000000000000000e+02,-2.000000000000000000e+01,4.000000000000000000e+00
-1.000000000000000000e+00,1.600000000000000000e+01,8.000000000000000000e+00,1.570000000000000000e+02,5.240000000000000000e+02,1.200000000000000000e+02,5.240000000000000000e+02,1.490000000000000000e+02,0.000000000000000000e+00,4.000000000000000000e+00
-1.000000000000000000e+00,1.600000000000000000e+01,1.600000000000000000e+01,1.790000000000000000e+02,5.200000000000000000e+02,1.360000000000000000e+02,5.200000000000000000e+02,1.720000000000000000e+02,0.000000000000000000e+00,4.000000000000000000e+00
-1.000000000000000000e+00,1.600000000000000000e+01,8.000000000000000000e+00,1.890000000000000000e+02,5.110000000000000000e+02,1.520000000000000000e+02,5.160000000000000000e+02,1.510000000000000000e+02,-2.000000000000000000e+01,4.000000000000000000e+00
-1.000000000000000000e+00,1.600000000000000000e+01,8.000000000000000000e+00,1.980000000000000000e+02,5.240000000000000000e+02,1.520000000000000000e+02,5.240000000000000000e+02,1.860000000000000000e+02,0.000000000000000000e+00,4.000000000000000000e+00
-1.000000000000000000e+00,1.600000000000000000e+01,1.600000000000000000e+01,2.110000000000000000e+02,5.200000000000000000e+02,1.680000000000000000e+02,5.200000000000000000e+02,1.730000000000000000e+02,0.000000000000000000e+00,4.000000000000000000e+00
-1.000000000000000000e+00,1.600000000000000000e+01,8.000000000000000000e+00,2.210000000000000000e+02,5.120000000000000000e+02,1.840000000000000000e+02,5.160000000000000000e+02,1.490000000000000000e+02,-1.900000000000000000e+01,4.000000000000000000e+00
-1.000000000000000000e+00,1.600000000000000000e+01,8.000000000000000000e+00,1.910000000000000000e+02,5.240000000000000000e+02,1.840000000000000000e+02,5.240000000000000000e+02,3.000000000000000000e+01,-1.000000000000000000e+00,4.000000000000000000e+00
-1.000000000000000000e+00,1.600000000000000000e+01,8.000000000000000000e+00,2.660000000000000000e+02,5.110000000000000000e+02,2.320000000000000000e+02,5.160000000000000000e+02,1.390000000000000000e+02,-2.000000000000000000e+01,4.000000000000000000e+00
-1.000000000000000000e+00,1.600000000000000000e+01,8.000000000000000000e+00,2.320000000000000000e+02,5.240000000000000000e+02,2.320000000000000000e+02,5.240000000000000000e+02,0.000000000000000000e+00,0.000000000000000000e+00,4.000000000000000000e+00
-1.000000000000000000e+00,1.600000000000000000e+01,8.000000000000000000e+00,2.970000000000000000e+02,5.110000000000000000e+02,2.640000000000000000e+02,5.160000000000000000e+02,1.330000000000000000e+02,-2.000000000000000000e+01,4.000000000000000000e+00
-1.000000000000000000e+00,1.600000000000000000e+01,8.000000000000000000e+00,2.970000000000000000e+02,5.240000000000000000e+02,2.640000000000000000e+02,5.240000000000000000e+02,1.330000000000000000e+02,0.000000000000000000e+00,4.000000000000000000e+00
-1.000000000000000000e+00,1.600000000000000000e+01,8.000000000000000000e+00,3.130000000000000000e+02,5.120000000000000000e+02,2.800000000000000000e+02,5.160000000000000000e+02,1.330000000000000000e+02,-1.900000000000000000e+01,4.000000000000000000e+00
-1.000000000000000000e+00,1.600000000000000000e+01,8.000000000000000000e+00,3.110000000000000000e+02,5.240000000000000000e+02,2.800000000000000000e+02,5.240000000000000000e+02,1.270000000000000000e+02,0.000000000000000000e+00,4.000000000000000000e+00
-1.000000000000000000e+00,1.600000000000000000e+01,8.000000000000000000e+00,3.290000000000000000e+02,5.120000000000000000e+02,2.960000000000000000e+02,5.160000000000000000e+02,1.330000000000000000e+02,-1.900000000000000000e+01,4.000000000000000000e+00
-1.000000000000000000e+00,1.600000000000000000e+01,8.000000000000000000e+00,3.100000000000000000e+02,5.240000000000000000e+02,2.960000000000000000e+02,5.240000000000000000e+02,5.600000000000000000e+01,0.000000000000000000e+00,4.000000000000000000e+00
-1.000000000000000000e+00,1.600000000000000000e+01,8.000000000000000000e+00,3.450000000000000000e+02,5.120000000000000000e+02,3.120000000000000000e+02,5.160000000000000000e+02,1.330000000000000000e+02,-1.700000000000000000e+01,4.000000000000000000e+00
-1.000000000000000000e+00,1.600000000000000000e+01,8.000000000000000000e+00,3.110000000000000000e+02,5.240000000000000000e+02,3.120000000000000000e+02,5.240000000000000000e+02,-7.000000000000000000e+00,0.000000000000000000e+00,4.000000000000000000e+00
-1.000000000000000000e+00,1.600000000000000000e+01,1.600000000000000000e+01,3.610000000000000000e+02,5.160000000000000000e+02,3.280000000000000000e+02,5.200000000000000000e+02,1.330000000000000000e+02,-1.700000000000000000e+01,4.000000000000000000e+00
-1.000000000000000000e+00,1.600000000000000000e+01,1.600000000000000000e+01,3.760000000000000000e+02,5.160000000000000000e+02,3.440000000000000000e+02,5.200000000000000000e+02,1.310000000000000000e+02,-1.700000000000000000e+01,4.000000000000000000e+00
-1.000000000000000000e+00,1.600000000000000000e+01,1.600000000000000000e+01,3.930000000000000000e+02,5.160000000000000000e+02,3.600000000000000000e+02,5.200000000000000000e+02,1.330000000000000000e+02,-1.600000000000000000e+01,4.000000000000000000e+00
-1.000000000000000000e+00,1.600000000000000000e+01,1.600000000000000000e+01,4.090000000000000000e+02,5.160000000000000000e+02,3.760000000000000000e+02,5.200000000000000000e+02,1.330000000000000000e+02,-1.600000000000000000e+01,4.000000000000000000e+00
-1.000000000000000000e+00,1.600000000000000000e+01,1.600000000000000000e+01,4.250000000000000000e+02,5.160000000000000000e+02,3.920000000000000000e+02,5.200000000000000000e+02,1.320000000000000000e+02,-1.600000000000000000e+01,4.000000000000000000e+00
-1.000000000000000000e+00,1.600000000000000000e+01,1.600000000000000000e+01,4.430000000000000000e+02,5.170000000000000000e+02,4.080000000000000000e+02,5.200000000000000000e+02,1.430000000000000000e+02,-1.500000000000000000e+01,4.000000000000000000e+00
-1.000000000000000000e+00,1.600000000000000000e+01,1.600000000000000000e+01,4.580000000000000000e+02,5.160000000000000000e+02,4.240000000000000000e+02,5.200000000000000000e+02,1.370000000000000000e+02,-1.600000000000000000e+01,4.000000000000000000e+00
-1.000000000000000000e+00,1.600000000000000000e+01,1.600000000000000000e+01,4.730000000000000000e+02,5.160000000000000000e+02,4.400000000000000000e+02,5.200000000000000000e+02,1.340000000000000000e+02,-1.600000000000000000e+01,4.000000000000000000e+00
-1.000000000000000000e+00,1.600000000000000000e+01,1.600000000000000000e+01,4.890000000000000000e+02,5.170000000000000000e+02,4.560000000000000000e+02,5.200000000000000000e+02,1.340000000000000000e+02,-1.500000000000000000e+01,4.000000000000000000e+00
-1.000000000000000000e+00,1.600000000000000000e+01,1.600000000000000000e+01,5.030000000000000000e+02,5.170000000000000000e+02,4.720000000000000000e+02,5.200000000000000000e+02,1.250000000000000000e+02,-1.500000000000000000e+01,4.000000000000000000e+00
-1.000000000000000000e+00,1.600000000000000000e+01,1.600000000000000000e+01,5.170000000000000000e+02,5.160000000000000000e+02,4.880000000000000000e+02,5.200000000000000000e+02,1.170000000000000000e+02,-1.600000000000000000e+01,4.000000000000000000e+00
-1.000000000000000000e+00,1.600000000000000000e+01,1.600000000000000000e+01,5.330000000000000000e+02,5.160000000000000000e+02,5.040000000000000000e+02,5.200000000000000000e+02,1.170000000000000000e+02,-1.600000000000000000e+01,4.000000000000000000e+00
-1.000000000000000000e+00,1.600000000000000000e+01,1.600000000000000000e+01,5.470000000000000000e+02,5.160000000000000000e+02,5.200000000000000000e+02,5.200000000000000000e+02,1.090000000000000000e+02,-1.600000000000000000e+01,4.000000000000000000e+00
-1.000000000000000000e+00,1.600000000000000000e+01,1.600000000000000000e+01,5.600000000000000000e+02,5.160000000000000000e+02,5.360000000000000000e+02,5.200000000000000000e+02,9.800000000000000000e+01,-1.800000000000000000e+01,4.000000000000000000e+00
-1.000000000000000000e+00,1.600000000000000000e+01,1.600000000000000000e+01,5.760000000000000000e+02,5.160000000000000000e+02,5.520000000000000000e+02,5.200000000000000000e+02,9.700000000000000000e+01,-1.800000000000000000e+01,4.000000000000000000e+00
-1.000000000000000000e+00,1.600000000000000000e+01,1.600000000000000000e+01,7.050000000000000000e+02,5.200000000000000000e+02,6.800000000000000000e+02,5.200000000000000000e+02,1.010000000000000000e+02,0.000000000000000000e+00,4.000000000000000000e+00
-1.000000000000000000e+00,1.600000000000000000e+01,1.600000000000000000e+01,7.210000000000000000e+02,5.200000000000000000e+02,6.960000000000000000e+02,5.200000000000000000e+02,1.010000000000000000e+02,0.000000000000000000e+00,4.000000000000000000e+00
-1.000000000000000000e+00,1.600000000000000000e+01,1.600000000000000000e+01,7.370000000000000000e+02,5.200000000000000000e+02,7.120000000000000000e+02,5.200000000000000000e+02,1.030000000000000000e+02,0.000000000000000000e+00,4.000000000000000000e+00
-1.000000000000000000e+00,1.600000000000000000e+01,1.600000000000000000e+01,7.670000000000000000e+02,5.200000000000000000e+02,7.440000000000000000e+02,5.200000000000000000e+02,9.300000000000000000e+01,0.000000000000000000e+00,4.000000000000000000e+00
-1.000000000000000000e+00,1.600000000000000000e+01,1.600000000000000000e+01,7.840000000000000000e+02,5.220000000000000000e+02,7.600000000000000000e+02,5.200000000000000000e+02,9.800000000000000000e+01,8.000000000000000000e+00,4.000000000000000000e+00
-1.000000000000000000e+00,1.600000000000000000e+01,1.600000000000000000e+01,7.980000000000000000e+02,5.180000000000000000e+02,7.760000000000000000e+02,5.200000000000000000e+02,8.900000000000000000e+01,-1.000000000000000000e+01,4.000000000000000000e+00
-1.000000000000000000e+00,1.600000000000000000e+01,1.600000000000000000e+01,8.160000000000000000e+02,5.180000000000000000e+02,7.920000000000000000e+02,5.200000000000000000e+02,9.600000000000000000e+01,-1.100000000000000000e+01,4.000000000000000000e+00
-1.000000000000000000e+00,1.600000000000000000e+01,1.600000000000000000e+01,8.310000000000000000e+02,5.180000000000000000e+02,8.080000000000000000e+02,5.200000000000000000e+02,9.300000000000000000e+01,-1.100000000000000000e+01,4.000000000000000000e+00
-1.000000000000000000e+00,1.600000000000000000e+01,1.600000000000000000e+01,8.610000000000000000e+02,5.150000000000000000e+02,8.400000000000000000e+02,5.200000000000000000e+02,8.500000000000000000e+01,-2.300000000000000000e+01,4.000000000000000000e+00
-1.000000000000000000e+00,1.600000000000000000e+01,1.600000000000000000e+01,8.790000000000000000e+02,5.170000000000000000e+02,8.560000000000000000e+02,5.200000000000000000e+02,9.500000000000000000e+01,-1.400000000000000000e+01,4.000000000000000000e+00
-1.000000000000000000e+00,1.600000000000000000e+01,1.600000000000000000e+01,8.950000000000000000e+02,5.200000000000000000e+02,8.720000000000000000e+02,5.200000000000000000e+02,9.500000000000000000e+01,-3.000000000000000000e+00,4.000000000000000000e+00
-1.000000000000000000e+00,1.600000000000000000e+01,1.600000000000000000e+01,9.110000000000000000e+02,5.200000000000000000e+02,8.880000000000000000e+02,5.200000000000000000e+02,9.500000000000000000e+01,-3.000000000000000000e+00,4.000000000000000000e+00
-1.000000000000000000e+00,1.600000000000000000e+01,1.600000000000000000e+01,9.280000000000000000e+02,5.200000000000000000e+02,9.040000000000000000e+02,5.200000000000000000e+02,9.800000000000000000e+01,-3.000000000000000000e+00,4.000000000000000000e+00
-1.000000000000000000e+00,1.600000000000000000e+01,8.000000000000000000e+00,9.500000000000000000e+02,5.160000000000000000e+02,9.200000000000000000e+02,5.160000000000000000e+02,1.210000000000000000e+02,-3.000000000000000000e+00,4.000000000000000000e+00
-1.000000000000000000e+00,1.600000000000000000e+01,8.000000000000000000e+00,9.440000000000000000e+02,5.240000000000000000e+02,9.200000000000000000e+02,5.240000000000000000e+02,9.800000000000000000e+01,-3.000000000000000000e+00,4.000000000000000000e+00
-1.000000000000000000e+00,1.600000000000000000e+01,1.600000000000000000e+01,1.144000000000000000e+03,5.200000000000000000e+02,1.128000000000000000e+03,5.200000000000000000e+02,6.400000000000000000e+01,0.000000000000000000e+00,4.000000000000000000e+00
-1.000000000000000000e+00,1.600000000000000000e+01,1.600000000000000000e+01,1.160000000000000000e+03,5.200000000000000000e+02,1.144000000000000000e+03,5.200000000000000000e+02,6.400000000000000000e+01,0.000000000000000000e+00,4.000000000000000000e+00
-1.000000000000000000e+00,1.600000000000000000e+01,1.600000000000000000e+01,1.192000000000000000e+03,5.200000000000000000e+02,1.176000000000000000e+03,5.200000000000000000e+02,6.400000000000000000e+01,0.000000000000000000e+00,4.000000000000000000e+00
-1.000000000000000000e+00,1.600000000000000000e+01,1.600000000000000000e+01,1.208000000000000000e+03,5.200000000000000000e+02,1.192000000000000000e+03,5.200000000000000000e+02,6.400000000000000000e+01,0.000000000000000000e+00,4.000000000000000000e+00
-1.000000000000000000e+00,1.600000000000000000e+01,1.600000000000000000e+01,1.224000000000000000e+03,5.170000000000000000e+02,1.208000000000000000e+03,5.200000000000000000e+02,6.400000000000000000e+01,-1.200000000000000000e+01,4.000000000000000000e+00
-1.000000000000000000e+00,1.600000000000000000e+01,1.600000000000000000e+01,1.271000000000000000e+03,5.200000000000000000e+02,1.240000000000000000e+03,5.200000000000000000e+02,1.260000000000000000e+02,0.000000000000000000e+00,4.000000000000000000e+00
-1.000000000000000000e+00,1.600000000000000000e+01,1.600000000000000000e+01,1.272000000000000000e+03,5.200000000000000000e+02,1.256000000000000000e+03,5.200000000000000000e+02,6.400000000000000000e+01,-1.000000000000000000e+00,4.000000000000000000e+00
-1.000000000000000000e+00,1.600000000000000000e+01,1.600000000000000000e+01,8.700000000000000000e+01,5.360000000000000000e+02,7.200000000000000000e+01,5.360000000000000000e+02,6.100000000000000000e+01,0.000000000000000000e+00,4.000000000000000000e+00
-1.000000000000000000e+00,1.600000000000000000e+01,1.600000000000000000e+01,8.800000000000000000e+01,5.360000000000000000e+02,8.800000000000000000e+01,5.360000000000000000e+02,0.000000000000000000e+00,0.000000000000000000e+00,4.000000000000000000e+00
-1.000000000000000000e+00,1.600000000000000000e+01,1.600000000000000000e+01,1.040000000000000000e+02,5.360000000000000000e+02,1.040000000000000000e+02,5.360000000000000000e+02,0.000000000000000000e+00,0.000000000000000000e+00,4.000000000000000000e+00
-1.000000000000000000e+00,1.600000000000000000e+01,1.600000000000000000e+01,1.200000000000000000e+02,5.360000000000000000e+02,1.200000000000000000e+02,5.360000000000000000e+02,0.000000000000000000e+00,0.000000000000000000e+00,4.000000000000000000e+00
-1.000000000000000000e+00,1.600000000000000000e+01,1.600000000000000000e+01,1.390000000000000000e+02,5.360000000000000000e+02,1.360000000000000000e+02,5.360000000000000000e+02,1.300000000000000000e+01,0.000000000000000000e+00,4.000000000000000000e+00
-1.000000000000000000e+00,1.600000000000000000e+01,8.000000000000000000e+00,1.960000000000000000e+02,5.320000000000000000e+02,1.520000000000000000e+02,5.320000000000000000e+02,1.760000000000000000e+02,0.000000000000000000e+00,4.000000000000000000e+00
-1.000000000000000000e+00,1.600000000000000000e+01,8.000000000000000000e+00,1.520000000000000000e+02,5.400000000000000000e+02,1.520000000000000000e+02,5.400000000000000000e+02,0.000000000000000000e+00,0.000000000000000000e+00,4.000000000000000000e+00
-1.000000000000000000e+00,1.600000000000000000e+01,8.000000000000000000e+00,2.110000000000000000e+02,5.320000000000000000e+02,1.680000000000000000e+02,5.320000000000000000e+02,1.730000000000000000e+02,0.000000000000000000e+00,4.000000000000000000e+00
-1.000000000000000000e+00,1.600000000000000000e+01,8.000000000000000000e+00,1.680000000000000000e+02,5.400000000000000000e+02,1.680000000000000000e+02,5.400000000000000000e+02,0.000000000000000000e+00,0.000000000000000000e+00,4.000000000000000000e+00
-1.000000000000000000e+00,1.600000000000000000e+01,8.000000000000000000e+00,2.160000000000000000e+02,5.320000000000000000e+02,1.840000000000000000e+02,5.320000000000000000e+02,1.310000000000000000e+02,0.000000000000000000e+00,4.000000000000000000e+00
-1.000000000000000000e+00,1.600000000000000000e+01,8.000000000000000000e+00,1.840000000000000000e+02,5.400000000000000000e+02,1.840000000000000000e+02,5.400000000000000000e+02,3.000000000000000000e+00,0.000000000000000000e+00,4.000000000000000000e+00
-1.000000000000000000e+00,1.600000000000000000e+01,1.600000000000000000e+01,2.160000000000000000e+02,5.360000000000000000e+02,2.160000000000000000e+02,5.360000000000000000e+02,-3.000000000000000000e+00,0.000000000000000000e+00,4.000000000000000000e+00
-1.000000000000000000e+00,1.600000000000000000e+01,1.600000000000000000e+01,2.320000000000000000e+02,5.360000000000000000e+02,2.320000000000000000e+02,5.360000000000000000e+02,1.000000000000000000e+00,1.000000000000000000e+00,4.000000000000000000e+00
-1.000000000000000000e+00,1.600000000000000000e+01,1.600000000000000000e+01,2.480000000000000000e+02,5.360000000000000000e+02,2.480000000000000000e+02,5.360000000000000000e+02,0.000000000000000000e+00,0.000000000000000000e+00,4.000000000000000000e+00
-1.000000000000000000e+00,1.600000000000000000e+01,1.600000000000000000e+01,2.640000000000000000e+02,5.360000000000000000e+02,2.640000000000000000e+02,5.360000000000000000e+02,0.000000000000000000e+00,0.000000000000000000e+00,4.000000000000000000e+00
-1.000000000000000000e+00,1.600000000000000000e+01,1.600000000000000000e+01,2.800000000000000000e+02,5.360000000000000000e+02,2.800000000000000000e+02,5.360000000000000000e+02,0.000000000000000000e+00,0.000000000000000000e+00,4.000000000000000000e+00
-1.000000000000000000e+00,1.600000000000000000e+01,1.600000000000000000e+01,2.960000000000000000e+02,5.360000000000000000e+02,2.960000000000000000e+02,5.360000000000000000e+02,0.000000000000000000e+00,0.000000000000000000e+00,4.000000000000000000e+00
-1.000000000000000000e+00,1.600000000000000000e+01,1.600000000000000000e+01,3.120000000000000000e+02,5.360000000000000000e+02,3.120000000000000000e+02,5.360000000000000000e+02,0.000000000000000000e+00,0.000000000000000000e+00,4.000000000000000000e+00
-1.000000000000000000e+00,1.600000000000000000e+01,1.600000000000000000e+01,3.280000000000000000e+02,5.360000000000000000e+02,3.280000000000000000e+02,5.360000000000000000e+02,0.000000000000000000e+00,0.000000000000000000e+00,4.000000000000000000e+00
-1.000000000000000000e+00,1.600000000000000000e+01,1.600000000000000000e+01,3.760000000000000000e+02,5.320000000000000000e+02,3.440000000000000000e+02,5.360000000000000000e+02,1.310000000000000000e+02,-1.600000000000000000e+01,4.000000000000000000e+00
-1.000000000000000000e+00,1.600000000000000000e+01,1.600000000000000000e+01,3.930000000000000000e+02,5.320000000000000000e+02,3.600000000000000000e+02,5.360000000000000000e+02,1.350000000000000000e+02,-1.700000000000000000e+01,4.000000000000000000e+00
-1.000000000000000000e+00,1.600000000000000000e+01,1.600000000000000000e+01,4.090000000000000000e+02,5.320000000000000000e+02,3.760000000000000000e+02,5.360000000000000000e+02,1.330000000000000000e+02,-1.600000000000000000e+01,4.000000000000000000e+00
-1.000000000000000000e+00,1.600000000000000000e+01,1.600000000000000000e+01,4.250000000000000000e+02,5.320000000000000000e+02,3.920000000000000000e+02,5.360000000000000000e+02,1.330000000000000000e+02,-1.600000000000000000e+01,4.000000000000000000e+00
-1.000000000000000000e+00,1.600000000000000000e+01,1.600000000000000000e+01,4.420000000000000000e+02,5.320000000000000000e+02,4.080000000000000000e+02,5.360000000000000000e+02,1.370000000000000000e+02,-1.600000000000000000e+01,4.000000000000000000e+00
-1.000000000000000000e+00,1.600000000000000000e+01,1.600000000000000000e+01,4.580000000000000000e+02,5.320000000000000000e+02,4.240000000000000000e+02,5.360000000000000000e+02,1.370000000000000000e+02,-1.600000000000000000e+01,4.000000000000000000e+00
-1.000000000000000000e+00,1.600000000000000000e+01,8.000000000000000000e+00,4.730000000000000000e+02,5.280000000000000000e+02,4.400000000000000000e+02,5.320000000000000000e+02,1.340000000000000000e+02,-1.700000000000000000e+01,4.000000000000000000e+00
-1.000000000000000000e+00,1.600000000000000000e+01,8.000000000000000000e+00,4.740000000000000000e+02,5.360000000000000000e+02,4.400000000000000000e+02,5.400000000000000000e+02,1.370000000000000000e+02,-1.600000000000000000e+01,4.000000000000000000e+00
-1.000000000000000000e+00,1.600000000000000000e+01,1.600000000000000000e+01,4.910000000000000000e+02,5.320000000000000000e+02,4.560000000000000000e+02,5.360000000000000000e+02,1.430000000000000000e+02,-1.600000000000000000e+01,4.000000000000000000e+00
-1.000000000000000000e+00,1.600000000000000000e+01,1.600000000000000000e+01,5.030000000000000000e+02,5.320000000000000000e+02,4.720000000000000000e+02,5.360000000000000000e+02,1.250000000000000000e+02,-1.700000000000000000e+01,4.000000000000000000e+00
-1.000000000000000000e+00,1.600000000000000000e+01,1.600000000000000000e+01,5.180000000000000000e+02,5.320000000000000000e+02,4.880000000000000000e+02,5.360000000000000000e+02,1.200000000000000000e+02,-1.700000000000000000e+01,4.000000000000000000e+00
-1.000000000000000000e+00,1.600000000000000000e+01,8.000000000000000000e+00,5.330000000000000000e+02,5.280000000000000000e+02,5.040000000000000000e+02,5.320000000000000000e+02,1.170000000000000000e+02,-1.600000000000000000e+01,4.000000000000000000e+00
-1.000000000000000000e+00,1.600000000000000000e+01,8.000000000000000000e+00,5.330000000000000000e+02,5.360000000000000000e+02,5.040000000000000000e+02,5.400000000000000000e+02,1.180000000000000000e+02,-1.800000000000000000e+01,4.000000000000000000e+00
-1.000000000000000000e+00,1.600000000000000000e+01,1.600000000000000000e+01,5.480000000000000000e+02,5.320000000000000000e+02,5.200000000000000000e+02,5.360000000000000000e+02,1.140000000000000000e+02,-1.700000000000000000e+01,4.000000000000000000e+00
-1.000000000000000000e+00,1.600000000000000000e+01,1.600000000000000000e+01,5.620000000000000000e+02,5.310000000000000000e+02,5.360000000000000000e+02,5.360000000000000000e+02,1.040000000000000000e+02,-2.000000000000000000e+01,4.000000000000000000e+00
-1.000000000000000000e+00,1.600000000000000000e+01,1.600000000000000000e+01,5.790000000000000000e+02,5.320000000000000000e+02,5.520000000000000000e+02,5.360000000000000000e+02,1.110000000000000000e+02,-1.700000000000000000e+01,4.000000000000000000e+00
-1.000000000000000000e+00,1.600000000000000000e+01,1.600000000000000000e+01,5.960000000000000000e+02,5.320000000000000000e+02,5.680000000000000000e+02,5.360000000000000000e+02,1.150000000000000000e+02,-1.600000000000000000e+01,4.000000000000000000e+00
-1.000000000000000000e+00,1.600000000000000000e+01,1.600000000000000000e+01,6.430000000000000000e+02,5.300000000000000000e+02,5.840000000000000000e+02,5.360000000000000000e+02,2.390000000000000000e+02,-2.700000000000000000e+01,4.000000000000000000e+00
-1.000000000000000000e+00,1.600000000000000000e+01,1.600000000000000000e+01,6.410000000000000000e+02,5.340000000000000000e+02,6.000000000000000000e+02,5.360000000000000000e+02,1.650000000000000000e+02,-1.000000000000000000e+01,4.000000000000000000e+00
-1.000000000000000000e+00,8.000000000000000000e+00,1.600000000000000000e+01,6.730000000000000000e+02,5.320000000000000000e+02,6.440000000000000000e+02,5.360000000000000000e+02,1.160000000000000000e+02,-1.600000000000000000e+01,4.000000000000000000e+00
-1.000000000000000000e+00,8.000000000000000000e+00,1.600000000000000000e+01,6.760000000000000000e+02,5.310000000000000000e+02,6.520000000000000000e+02,5.360000000000000000e+02,9.600000000000000000e+01,-2.000000000000000000e+01,4.000000000000000000e+00
-1.000000000000000000e+00,1.600000000000000000e+01,1.600000000000000000e+01,7.050000000000000000e+02,5.320000000000000000e+02,6.800000000000000000e+02,5.360000000000000000e+02,1.010000000000000000e+02,-1.700000000000000000e+01,4.000000000000000000e+00
-1.000000000000000000e+00,1.600000000000000000e+01,1.600000000000000000e+01,7.210000000000000000e+02,5.360000000000000000e+02,6.960000000000000000e+02,5.360000000000000000e+02,1.010000000000000000e+02,0.000000000000000000e+00,4.000000000000000000e+00
-1.000000000000000000e+00,1.600000000000000000e+01,1.600000000000000000e+01,7.360000000000000000e+02,5.360000000000000000e+02,7.120000000000000000e+02,5.360000000000000000e+02,9.900000000000000000e+01,0.000000000000000000e+00,4.000000000000000000e+00
-1.000000000000000000e+00,1.600000000000000000e+01,1.600000000000000000e+01,7.510000000000000000e+02,5.360000000000000000e+02,7.280000000000000000e+02,5.360000000000000000e+02,9.300000000000000000e+01,0.000000000000000000e+00,4.000000000000000000e+00
-1.000000000000000000e+00,1.600000000000000000e+01,1.600000000000000000e+01,7.670000000000000000e+02,5.360000000000000000e+02,7.440000000000000000e+02,5.360000000000000000e+02,9.300000000000000000e+01,0.000000000000000000e+00,4.000000000000000000e+00
-1.000000000000000000e+00,1.600000000000000000e+01,1.600000000000000000e+01,7.830000000000000000e+02,5.320000000000000000e+02,7.600000000000000000e+02,5.360000000000000000e+02,9.300000000000000000e+01,-1.700000000000000000e+01,4.000000000000000000e+00
-1.000000000000000000e+00,1.600000000000000000e+01,8.000000000000000000e+00,7.990000000000000000e+02,5.290000000000000000e+02,7.760000000000000000e+02,5.320000000000000000e+02,9.300000000000000000e+01,-1.500000000000000000e+01,4.000000000000000000e+00
-1.000000000000000000e+00,1.600000000000000000e+01,8.000000000000000000e+00,7.990000000000000000e+02,5.360000000000000000e+02,7.760000000000000000e+02,5.400000000000000000e+02,9.400000000000000000e+01,-1.700000000000000000e+01,4.000000000000000000e+00
-1.000000000000000000e+00,1.600000000000000000e+01,1.600000000000000000e+01,8.150000000000000000e+02,5.340000000000000000e+02,7.920000000000000000e+02,5.360000000000000000e+02,9.300000000000000000e+01,-1.100000000000000000e+01,4.000000000000000000e+00
-1.000000000000000000e+00,1.600000000000000000e+01,1.600000000000000000e+01,8.310000000000000000e+02,5.340000000000000000e+02,8.080000000000000000e+02,5.360000000000000000e+02,9.300000000000000000e+01,-1.100000000000000000e+01,4.000000000000000000e+00
-1.000000000000000000e+00,1.600000000000000000e+01,1.600000000000000000e+01,8.450000000000000000e+02,5.340000000000000000e+02,8.240000000000000000e+02,5.360000000000000000e+02,8.500000000000000000e+01,-1.100000000000000000e+01,4.000000000000000000e+00
-1.000000000000000000e+00,1.600000000000000000e+01,1.600000000000000000e+01,8.610000000000000000e+02,5.330000000000000000e+02,8.400000000000000000e+02,5.360000000000000000e+02,8.500000000000000000e+01,-1.400000000000000000e+01,4.000000000000000000e+00
-1.000000000000000000e+00,1.600000000000000000e+01,1.600000000000000000e+01,8.780000000000000000e+02,5.320000000000000000e+02,8.560000000000000000e+02,5.360000000000000000e+02,8.900000000000000000e+01,-1.900000000000000000e+01,4.000000000000000000e+00
-1.000000000000000000e+00,1.600000000000000000e+01,1.600000000000000000e+01,8.950000000000000000e+02,5.320000000000000000e+02,8.720000000000000000e+02,5.360000000000000000e+02,9.500000000000000000e+01,-1.700000000000000000e+01,4.000000000000000000e+00
-1.000000000000000000e+00,1.600000000000000000e+01,1.600000000000000000e+01,9.110000000000000000e+02,5.360000000000000000e+02,8.880000000000000000e+02,5.360000000000000000e+02,9.500000000000000000e+01,-3.000000000000000000e+00,4.000000000000000000e+00
-1.000000000000000000e+00,1.600000000000000000e+01,1.600000000000000000e+01,9.080000000000000000e+02,5.360000000000000000e+02,9.040000000000000000e+02,5.360000000000000000e+02,1.800000000000000000e+01,-3.000000000000000000e+00,4.000000000000000000e+00
-1.000000000000000000e+00,1.600000000000000000e+01,1.600000000000000000e+01,9.470000000000000000e+02,5.390000000000000000e+02,9.200000000000000000e+02,5.360000000000000000e+02,1.080000000000000000e+02,1.300000000000000000e+01,4.000000000000000000e+00
-1.000000000000000000e+00,1.600000000000000000e+01,1.600000000000000000e+01,9.630000000000000000e+02,5.360000000000000000e+02,9.360000000000000000e+02,5.360000000000000000e+02,1.080000000000000000e+02,3.000000000000000000e+00,4.000000000000000000e+00
-1.000000000000000000e+00,1.600000000000000000e+01,1.600000000000000000e+01,9.840000000000000000e+02,5.360000000000000000e+02,9.520000000000000000e+02,5.360000000000000000e+02,1.280000000000000000e+02,-1.000000000000000000e+00,4.000000000000000000e+00
-1.000000000000000000e+00,1.600000000000000000e+01,1.600000000000000000e+01,9.840000000000000000e+02,5.360000000000000000e+02,9.840000000000000000e+02,5.360000000000000000e+02,0.000000000000000000e+00,0.000000000000000000e+00,4.000000000000000000e+00
-1.000000000000000000e+00,1.600000000000000000e+01,1.600000000000000000e+01,1.000000000000000000e+03,5.360000000000000000e+02,1.000000000000000000e+03,5.360000000000000000e+02,0.000000000000000000e+00,0.000000000000000000e+00,4.000000000000000000e+00
-1.000000000000000000e+00,1.600000000000000000e+01,1.600000000000000000e+01,1.021000000000000000e+03,5.360000000000000000e+02,1.016000000000000000e+03,5.360000000000000000e+02,2.200000000000000000e+01,0.000000000000000000e+00,4.000000000000000000e+00
-1.000000000000000000e+00,1.600000000000000000e+01,1.600000000000000000e+01,1.037000000000000000e+03,5.360000000000000000e+02,1.032000000000000000e+03,5.360000000000000000e+02,2.200000000000000000e+01,0.000000000000000000e+00,4.000000000000000000e+00
-1.000000000000000000e+00,1.600000000000000000e+01,1.600000000000000000e+01,1.039000000000000000e+03,5.340000000000000000e+02,1.048000000000000000e+03,5.360000000000000000e+02,-3.600000000000000000e+01,-1.000000000000000000e+01,4.000000000000000000e+00
-1.000000000000000000e+00,1.600000000000000000e+01,1.600000000000000000e+01,1.047000000000000000e+03,5.350000000000000000e+02,1.064000000000000000e+03,5.360000000000000000e+02,-6.800000000000000000e+01,-4.000000000000000000e+00,4.000000000000000000e+00
-1.000000000000000000e+00,1.600000000000000000e+01,1.600000000000000000e+01,1.063000000000000000e+03,5.350000000000000000e+02,1.080000000000000000e+03,5.360000000000000000e+02,-6.800000000000000000e+01,-4.000000000000000000e+00,4.000000000000000000e+00
-1.000000000000000000e+00,1.600000000000000000e+01,1.600000000000000000e+01,1.079000000000000000e+03,5.350000000000000000e+02,1.096000000000000000e+03,5.360000000000000000e+02,-6.800000000000000000e+01,-4.000000000000000000e+00,4.000000000000000000e+00
-1.000000000000000000e+00,1.600000000000000000e+01,1.600000000000000000e+01,1.112000000000000000e+03,5.360000000000000000e+02,1.112000000000000000e+03,5.360000000000000000e+02,0.000000000000000000e+00,0.000000000000000000e+00,4.000000000000000000e+00
-1.000000000000000000e+00,1.600000000000000000e+01,1.600000000000000000e+01,1.144000000000000000e+03,5.360000000000000000e+02,1.128000000000000000e+03,5.360000000000000000e+02,6.400000000000000000e+01,0.000000000000000000e+00,4.000000000000000000e+00
-1.000000000000000000e+00,1.600000000000000000e+01,1.600000000000000000e+01,1.160000000000000000e+03,5.390000000000000000e+02,1.144000000000000000e+03,5.360000000000000000e+02,6.400000000000000000e+01,1.200000000000000000e+01,4.000000000000000000e+00
-1.000000000000000000e+00,1.600000000000000000e+01,1.600000000000000000e+01,1.208000000000000000e+03,5.360000000000000000e+02,1.192000000000000000e+03,5.360000000000000000e+02,6.400000000000000000e+01,0.000000000000000000e+00,4.000000000000000000e+00
-1.000000000000000000e+00,1.600000000000000000e+01,1.600000000000000000e+01,1.224000000000000000e+03,5.330000000000000000e+02,1.208000000000000000e+03,5.360000000000000000e+02,6.400000000000000000e+01,-1.200000000000000000e+01,4.000000000000000000e+00
-1.000000000000000000e+00,1.600000000000000000e+01,1.600000000000000000e+01,1.240000000000000000e+03,5.360000000000000000e+02,1.224000000000000000e+03,5.360000000000000000e+02,6.400000000000000000e+01,0.000000000000000000e+00,4.000000000000000000e+00
-1.000000000000000000e+00,1.600000000000000000e+01,8.000000000000000000e+00,1.271000000000000000e+03,5.320000000000000000e+02,1.240000000000000000e+03,5.320000000000000000e+02,1.260000000000000000e+02,0.000000000000000000e+00,4.000000000000000000e+00
-1.000000000000000000e+00,1.600000000000000000e+01,8.000000000000000000e+00,1.256000000000000000e+03,5.400000000000000000e+02,1.240000000000000000e+03,5.400000000000000000e+02,6.400000000000000000e+01,0.000000000000000000e+00,4.000000000000000000e+00
-1.000000000000000000e+00,1.600000000000000000e+01,8.000000000000000000e+00,1.272000000000000000e+03,5.320000000000000000e+02,1.256000000000000000e+03,5.320000000000000000e+02,6.400000000000000000e+01,-1.000000000000000000e+00,4.000000000000000000e+00
-1.000000000000000000e+00,1.600000000000000000e+01,8.000000000000000000e+00,1.272000000000000000e+03,5.370000000000000000e+02,1.256000000000000000e+03,5.400000000000000000e+02,6.400000000000000000e+01,-1.200000000000000000e+01,4.000000000000000000e+00
-1.000000000000000000e+00,1.600000000000000000e+01,1.600000000000000000e+01,1.288000000000000000e+03,5.310000000000000000e+02,1.272000000000000000e+03,5.360000000000000000e+02,6.400000000000000000e+01,-2.100000000000000000e+01,4.000000000000000000e+00
-1.000000000000000000e+00,1.600000000000000000e+01,1.600000000000000000e+01,1.000000000000000000e+01,5.520000000000000000e+02,8.000000000000000000e+00,5.520000000000000000e+02,1.000000000000000000e+01,-1.000000000000000000e+00,4.000000000000000000e+00
-1.000000000000000000e+00,1.600000000000000000e+01,1.600000000000000000e+01,1.040000000000000000e+02,5.520000000000000000e+02,1.040000000000000000e+02,5.520000000000000000e+02,0.000000000000000000e+00,0.000000000000000000e+00,4.000000000000000000e+00
-1.000000000000000000e+00,1.600000000000000000e+01,1.600000000000000000e+01,1.200000000000000000e+02,5.520000000000000000e+02,1.200000000000000000e+02,5.520000000000000000e+02,0.000000000000000000e+00,0.000000000000000000e+00,4.000000000000000000e+00
-1.000000000000000000e+00,1.600000000000000000e+01,1.600000000000000000e+01,1.360000000000000000e+02,5.520000000000000000e+02,1.360000000000000000e+02,5.520000000000000000e+02,0.000000000000000000e+00,0.000000000000000000e+00,4.000000000000000000e+00
-1.000000000000000000e+00,1.600000000000000000e+01,1.600000000000000000e+01,1.520000000000000000e+02,5.520000000000000000e+02,1.520000000000000000e+02,5.520000000000000000e+02,0.000000000000000000e+00,0.000000000000000000e+00,4.000000000000000000e+00
-1.000000000000000000e+00,8.000000000000000000e+00,8.000000000000000000e+00,1.650000000000000000e+02,5.460000000000000000e+02,1.640000000000000000e+02,5.480000000000000000e+02,5.000000000000000000e+00,-9.000000000000000000e+00,4.000000000000000000e+00
-1.000000000000000000e+00,8.000000000000000000e+00,8.000000000000000000e+00,1.730000000000000000e+02,5.470000000000000000e+02,1.720000000000000000e+02,5.480000000000000000e+02,6.000000000000000000e+00,-5.000000000000000000e+00,4.000000000000000000e+00
-1.000000000000000000e+00,8.000000000000000000e+00,8.000000000000000000e+00,1.650000000000000000e+02,5.520000000000000000e+02,1.640000000000000000e+02,5.560000000000000000e+02,5.000000000000000000e+00,-1.700000000000000000e+01,4.000000000000000000e+00
-1.000000000000000000e+00,8.000000000000000000e+00,8.000000000000000000e+00,1.730000000000000000e+02,5.530000000000000000e+02,1.720000000000000000e+02,5.560000000000000000e+02,7.000000000000000000e+00,-1.200000000000000000e+01,4.000000000000000000e+00
-1.000000000000000000e+00,8.000000000000000000e+00,8.000000000000000000e+00,1.800000000000000000e+02,5.480000000000000000e+02,1.800000000000000000e+02,5.480000000000000000e+02,-1.000000000000000000e+00,-3.000000000000000000e+00,4.000000000000000000e+00
-1.000000000000000000e+00,8.000000000000000000e+00,8.000000000000000000e+00,1.870000000000000000e+02,5.450000000000000000e+02,1.880000000000000000e+02,5.480000000000000000e+02,-4.000000000000000000e+00,-1.400000000000000000e+01,4.000000000000000000e+00
-1.000000000000000000e+00,8.000000000000000000e+00,8.000000000000000000e+00,1.800000000000000000e+02,5.530000000000000000e+02,1.800000000000000000e+02,5.560000000000000000e+02,-2.000000000000000000e+00,-1.200000000000000000e+01,4.000000000000000000e+00
-1.000000000000000000e+00,8.000000000000000000e+00,8.000000000000000000e+00,1.850000000000000000e+02,5.540000000000000000e+02,1.880000000000000000e+02,5.560000000000000000e+02,-1.300000000000000000e+01,-1.100000000000000000e+01,4.000000000000000000e+00
-1.000000000000000000e+00,1.600000000000000000e+01,1.600000000000000000e+01,2.320000000000000000e+02,5.520000000000000000e+02,2.320000000000000000e+02,5.520000000000000000e+02,0.000000000000000000e+00,0.000000000000000000e+00,4.000000000000000000e+00
-1.000000000000000000e+00,1.600000000000000000e+01,1.600000000000000000e+01,2.480000000000000000e+02,5.520000000000000000e+02,2.480000000000000000e+02,5.520000000000000000e+02,0.000000000000000000e+00,0.000000000000000000e+00,4.000000000000000000e+00
-1.000000000000000000e+00,1.600000000000000000e+01,1.600000000000000000e+01,2.640000000000000000e+02,5.520000000000000000e+02,2.640000000000000000e+02,5.520000000000000000e+02,0.000000000000000000e+00,0.000000000000000000e+00,4.000000000000000000e+00
-1.000000000000000000e+00,1.600000000000000000e+01,1.600000000000000000e+01,2.800000000000000000e+02,5.520000000000000000e+02,2.800000000000000000e+02,5.520000000000000000e+02,0.000000000000000000e+00,0.000000000000000000e+00,4.000000000000000000e+00
-1.000000000000000000e+00,1.600000000000000000e+01,1.600000000000000000e+01,2.960000000000000000e+02,5.520000000000000000e+02,2.960000000000000000e+02,5.520000000000000000e+02,0.000000000000000000e+00,0.000000000000000000e+00,4.000000000000000000e+00
-1.000000000000000000e+00,1.600000000000000000e+01,1.600000000000000000e+01,3.120000000000000000e+02,5.520000000000000000e+02,3.120000000000000000e+02,5.520000000000000000e+02,0.000000000000000000e+00,0.000000000000000000e+00,4.000000000000000000e+00
-1.000000000000000000e+00,1.600000000000000000e+01,1.600000000000000000e+01,3.280000000000000000e+02,5.520000000000000000e+02,3.280000000000000000e+02,5.520000000000000000e+02,0.000000000000000000e+00,0.000000000000000000e+00,4.000000000000000000e+00
-1.000000000000000000e+00,1.600000000000000000e+01,1.600000000000000000e+01,4.090000000000000000e+02,5.480000000000000000e+02,3.760000000000000000e+02,5.520000000000000000e+02,1.330000000000000000e+02,-1.600000000000000000e+01,4.000000000000000000e+00
-1.000000000000000000e+00,1.600000000000000000e+01,1.600000000000000000e+01,4.870000000000000000e+02,5.520000000000000000e+02,4.720000000000000000e+02,5.520000000000000000e+02,6.100000000000000000e+01,1.000000000000000000e+00,4.000000000000000000e+00
-1.000000000000000000e+00,1.600000000000000000e+01,1.600000000000000000e+01,5.170000000000000000e+02,5.480000000000000000e+02,4.880000000000000000e+02,5.520000000000000000e+02,1.180000000000000000e+02,-1.700000000000000000e+01,4.000000000000000000e+00
-1.000000000000000000e+00,1.600000000000000000e+01,1.600000000000000000e+01,5.300000000000000000e+02,5.470000000000000000e+02,5.040000000000000000e+02,5.520000000000000000e+02,1.070000000000000000e+02,-2.000000000000000000e+01,4.000000000000000000e+00
-1.000000000000000000e+00,1.600000000000000000e+01,1.600000000000000000e+01,5.470000000000000000e+02,5.470000000000000000e+02,5.200000000000000000e+02,5.520000000000000000e+02,1.110000000000000000e+02,-2.000000000000000000e+01,4.000000000000000000e+00
-1.000000000000000000e+00,1.600000000000000000e+01,1.600000000000000000e+01,5.620000000000000000e+02,5.470000000000000000e+02,5.360000000000000000e+02,5.520000000000000000e+02,1.060000000000000000e+02,-2.000000000000000000e+01,4.000000000000000000e+00
-1.000000000000000000e+00,1.600000000000000000e+01,1.600000000000000000e+01,5.780000000000000000e+02,5.470000000000000000e+02,5.520000000000000000e+02,5.520000000000000000e+02,1.060000000000000000e+02,-2.000000000000000000e+01,4.000000000000000000e+00
-1.000000000000000000e+00,1.600000000000000000e+01,1.600000000000000000e+01,5.940000000000000000e+02,5.480000000000000000e+02,5.680000000000000000e+02,5.520000000000000000e+02,1.060000000000000000e+02,-1.900000000000000000e+01,4.000000000000000000e+00
-1.000000000000000000e+00,1.600000000000000000e+01,1.600000000000000000e+01,6.100000000000000000e+02,5.470000000000000000e+02,5.840000000000000000e+02,5.520000000000000000e+02,1.050000000000000000e+02,-2.000000000000000000e+01,4.000000000000000000e+00
-1.000000000000000000e+00,1.600000000000000000e+01,1.600000000000000000e+01,6.260000000000000000e+02,5.470000000000000000e+02,6.000000000000000000e+02,5.520000000000000000e+02,1.050000000000000000e+02,-2.000000000000000000e+01,4.000000000000000000e+00
-1.000000000000000000e+00,1.600000000000000000e+01,1.600000000000000000e+01,6.420000000000000000e+02,5.470000000000000000e+02,6.160000000000000000e+02,5.520000000000000000e+02,1.040000000000000000e+02,-2.000000000000000000e+01,4.000000000000000000e+00
-1.000000000000000000e+00,8.000000000000000000e+00,8.000000000000000000e+00,6.540000000000000000e+02,5.430000000000000000e+02,6.280000000000000000e+02,5.480000000000000000e+02,1.040000000000000000e+02,-2.000000000000000000e+01,4.000000000000000000e+00
-1.000000000000000000e+00,8.000000000000000000e+00,8.000000000000000000e+00,6.620000000000000000e+02,5.440000000000000000e+02,6.360000000000000000e+02,5.480000000000000000e+02,1.040000000000000000e+02,-1.600000000000000000e+01,4.000000000000000000e+00
-1.000000000000000000e+00,8.000000000000000000e+00,8.000000000000000000e+00,6.520000000000000000e+02,5.510000000000000000e+02,6.280000000000000000e+02,5.560000000000000000e+02,9.600000000000000000e+01,-2.000000000000000000e+01,4.000000000000000000e+00
-1.000000000000000000e+00,8.000000000000000000e+00,8.000000000000000000e+00,6.570000000000000000e+02,5.510000000000000000e+02,6.360000000000000000e+02,5.560000000000000000e+02,8.500000000000000000e+01,-2.000000000000000000e+01,4.000000000000000000e+00
-1.000000000000000000e+00,8.000000000000000000e+00,1.600000000000000000e+01,6.700000000000000000e+02,5.480000000000000000e+02,6.440000000000000000e+02,5.520000000000000000e+02,1.040000000000000000e+02,-1.700000000000000000e+01,4.000000000000000000e+00
-1.000000000000000000e+00,8.000000000000000000e+00,1.600000000000000000e+01,6.760000000000000000e+02,5.480000000000000000e+02,6.520000000000000000e+02,5.520000000000000000e+02,9.600000000000000000e+01,-1.800000000000000000e+01,4.000000000000000000e+00
-1.000000000000000000e+00,1.600000000000000000e+01,1.600000000000000000e+01,6.880000000000000000e+02,5.470000000000000000e+02,6.640000000000000000e+02,5.520000000000000000e+02,9.900000000000000000e+01,-2.000000000000000000e+01,4.000000000000000000e+00
-1.000000000000000000e+00,1.600000000000000000e+01,1.600000000000000000e+01,7.050000000000000000e+02,5.480000000000000000e+02,6.800000000000000000e+02,5.520000000000000000e+02,1.000000000000000000e+02,-1.700000000000000000e+01,4.000000000000000000e+00
-1.000000000000000000e+00,1.600000000000000000e+01,1.600000000000000000e+01,7.210000000000000000e+02,5.520000000000000000e+02,6.960000000000000000e+02,5.520000000000000000e+02,1.000000000000000000e+02,0.000000000000000000e+00,4.000000000000000000e+00
-1.000000000000000000e+00,1.600000000000000000e+01,1.600000000000000000e+01,7.360000000000000000e+02,5.520000000000000000e+02,7.120000000000000000e+02,5.520000000000000000e+02,9.900000000000000000e+01,0.000000000000000000e+00,4.000000000000000000e+00
-1.000000000000000000e+00,1.600000000000000000e+01,1.600000000000000000e+01,7.530000000000000000e+02,5.520000000000000000e+02,7.280000000000000000e+02,5.520000000000000000e+02,1.000000000000000000e+02,0.000000000000000000e+00,4.000000000000000000e+00
-1.000000000000000000e+00,1.600000000000000000e+01,1.600000000000000000e+01,7.680000000000000000e+02,5.520000000000000000e+02,7.440000000000000000e+02,5.520000000000000000e+02,9.600000000000000000e+01,0.000000000000000000e+00,4.000000000000000000e+00
-1.000000000000000000e+00,8.000000000000000000e+00,1.600000000000000000e+01,7.790000000000000000e+02,5.520000000000000000e+02,7.560000000000000000e+02,5.520000000000000000e+02,9.200000000000000000e+01,0.000000000000000000e+00,4.000000000000000000e+00
-1.000000000000000000e+00,8.000000000000000000e+00,1.600000000000000000e+01,7.860000000000000000e+02,5.470000000000000000e+02,7.640000000000000000e+02,5.520000000000000000e+02,8.800000000000000000e+01,-2.000000000000000000e+01,4.000000000000000000e+00
-1.000000000000000000e+00,1.600000000000000000e+01,1.600000000000000000e+01,8.000000000000000000e+02,5.480000000000000000e+02,7.760000000000000000e+02,5.520000000000000000e+02,9.700000000000000000e+01,-1.900000000000000000e+01,4.000000000000000000e+00
-1.000000000000000000e+00,1.600000000000000000e+01,1.600000000000000000e+01,8.140000000000000000e+02,5.500000000000000000e+02,7.920000000000000000e+02,5.520000000000000000e+02,8.800000000000000000e+01,-1.100000000000000000e+01,4.000000000000000000e+00
-1.000000000000000000e+00,1.600000000000000000e+01,1.600000000000000000e+01,8.310000000000000000e+02,5.500000000000000000e+02,8.080000000000000000e+02,5.520000000000000000e+02,9.200000000000000000e+01,-1.100000000000000000e+01,4.000000000000000000e+00
-1.000000000000000000e+00,1.600000000000000000e+01,1.600000000000000000e+01,8.480000000000000000e+02,5.530000000000000000e+02,8.240000000000000000e+02,5.520000000000000000e+02,9.600000000000000000e+01,4.000000000000000000e+00,4.000000000000000000e+00
-1.000000000000000000e+00,1.600000000000000000e+01,1.600000000000000000e+01,8.770000000000000000e+02,5.480000000000000000e+02,8.560000000000000000e+02,5.520000000000000000e+02,8.700000000000000000e+01,-1.700000000000000000e+01,4.000000000000000000e+00
-1.000000000000000000e+00,1.600000000000000000e+01,1.600000000000000000e+01,8.940000000000000000e+02,5.480000000000000000e+02,8.720000000000000000e+02,5.520000000000000000e+02,9.100000000000000000e+01,-1.700000000000000000e+01,4.000000000000000000e+00
-1.000000000000000000e+00,1.600000000000000000e+01,1.600000000000000000e+01,9.100000000000000000e+02,5.480000000000000000e+02,8.880000000000000000e+02,5.520000000000000000e+02,9.100000000000000000e+01,-1.700000000000000000e+01,4.000000000000000000e+00
-1.000000000000000000e+00,1.600000000000000000e+01,1.600000000000000000e+01,9.520000000000000000e+02,5.520000000000000000e+02,9.040000000000000000e+02,5.520000000000000000e+02,1.920000000000000000e+02,-3.000000000000000000e+00,4.000000000000000000e+00
-1.000000000000000000e+00,1.600000000000000000e+01,1.600000000000000000e+01,9.420000000000000000e+02,5.520000000000000000e+02,9.200000000000000000e+02,5.520000000000000000e+02,8.800000000000000000e+01,3.000000000000000000e+00,4.000000000000000000e+00
-1.000000000000000000e+00,1.600000000000000000e+01,8.000000000000000000e+00,9.630000000000000000e+02,5.480000000000000000e+02,9.360000000000000000e+02,5.480000000000000000e+02,1.080000000000000000e+02,3.000000000000000000e+00,4.000000000000000000e+00
-1.000000000000000000e+00,1.600000000000000000e+01,8.000000000000000000e+00,9.610000000000000000e+02,5.560000000000000000e+02,9.360000000000000000e+02,5.560000000000000000e+02,1.010000000000000000e+02,3.000000000000000000e+00,4.000000000000000000e+00
-1.000000000000000000e+00,1.600000000000000000e+01,1.600000000000000000e+01,9.790000000000000000e+02,5.520000000000000000e+02,9.520000000000000000e+02,5.520000000000000000e+02,1.080000000000000000e+02,3.000000000000000000e+00,4.000000000000000000e+00
-1.000000000000000000e+00,1.600000000000000000e+01,1.600000000000000000e+01,9.960000000000000000e+02,5.520000000000000000e+02,9.840000000000000000e+02,5.520000000000000000e+02,5.000000000000000000e+01,0.000000000000000000e+00,4.000000000000000000e+00
-1.000000000000000000e+00,1.600000000000000000e+01,8.000000000000000000e+00,1.000000000000000000e+03,5.480000000000000000e+02,1.000000000000000000e+03,5.480000000000000000e+02,0.000000000000000000e+00,0.000000000000000000e+00,4.000000000000000000e+00
-1.000000000000000000e+00,1.600000000000000000e+01,8.000000000000000000e+00,1.012000000000000000e+03,5.560000000000000000e+02,1.000000000000000000e+03,5.560000000000000000e+02,5.000000000000000000e+01,0.000000000000000000e+00,4.000000000000000000e+00
-1.000000000000000000e+00,1.600000000000000000e+01,1.600000000000000000e+01,1.021000000000000000e+03,5.520000000000000000e+02,1.016000000000000000e+03,5.520000000000000000e+02,2.200000000000000000e+01,0.000000000000000000e+00,4.000000000000000000e+00
-1.000000000000000000e+00,1.600000000000000000e+01,1.600000000000000000e+01,1.037000000000000000e+03,5.500000000000000000e+02,1.032000000000000000e+03,5.520000000000000000e+02,2.200000000000000000e+01,-9.000000000000000000e+00,4.000000000000000000e+00
-1.000000000000000000e+00,1.600000000000000000e+01,1.600000000000000000e+01,1.039000000000000000e+03,5.480000000000000000e+02,1.048000000000000000e+03,5.520000000000000000e+02,-3.600000000000000000e+01,-1.600000000000000000e+01,4.000000000000000000e+00
-1.000000000000000000e+00,1.600000000000000000e+01,1.600000000000000000e+01,1.047000000000000000e+03,5.510000000000000000e+02,1.064000000000000000e+03,5.520000000000000000e+02,-6.800000000000000000e+01,-4.000000000000000000e+00,4.000000000000000000e+00
-1.000000000000000000e+00,1.600000000000000000e+01,1.600000000000000000e+01,1.080000000000000000e+03,5.510000000000000000e+02,1.080000000000000000e+03,5.520000000000000000e+02,1.000000000000000000e+00,-4.000000000000000000e+00,4.000000000000000000e+00
-1.000000000000000000e+00,1.600000000000000000e+01,1.600000000000000000e+01,1.096000000000000000e+03,5.520000000000000000e+02,1.096000000000000000e+03,5.520000000000000000e+02,0.000000000000000000e+00,0.000000000000000000e+00,4.000000000000000000e+00
-1.000000000000000000e+00,1.600000000000000000e+01,1.600000000000000000e+01,1.112000000000000000e+03,5.520000000000000000e+02,1.112000000000000000e+03,5.520000000000000000e+02,0.000000000000000000e+00,0.000000000000000000e+00,4.000000000000000000e+00
-1.000000000000000000e+00,1.600000000000000000e+01,8.000000000000000000e+00,1.144000000000000000e+03,5.480000000000000000e+02,1.128000000000000000e+03,5.480000000000000000e+02,6.400000000000000000e+01,0.000000000000000000e+00,4.000000000000000000e+00
-1.000000000000000000e+00,1.600000000000000000e+01,8.000000000000000000e+00,1.128000000000000000e+03,5.560000000000000000e+02,1.128000000000000000e+03,5.560000000000000000e+02,0.000000000000000000e+00,0.000000000000000000e+00,4.000000000000000000e+00
-1.000000000000000000e+00,1.600000000000000000e+01,1.600000000000000000e+01,1.146000000000000000e+03,5.520000000000000000e+02,1.144000000000000000e+03,5.520000000000000000e+02,8.000000000000000000e+00,0.000000000000000000e+00,4.000000000000000000e+00
-1.000000000000000000e+00,1.600000000000000000e+01,1.600000000000000000e+01,1.162000000000000000e+03,5.520000000000000000e+02,1.160000000000000000e+03,5.520000000000000000e+02,8.000000000000000000e+00,0.000000000000000000e+00,4.000000000000000000e+00
-1.000000000000000000e+00,1.600000000000000000e+01,1.600000000000000000e+01,1.178000000000000000e+03,5.520000000000000000e+02,1.176000000000000000e+03,5.520000000000000000e+02,8.000000000000000000e+00,0.000000000000000000e+00,4.000000000000000000e+00
-1.000000000000000000e+00,1.600000000000000000e+01,8.000000000000000000e+00,1.208000000000000000e+03,5.480000000000000000e+02,1.192000000000000000e+03,5.480000000000000000e+02,6.400000000000000000e+01,0.000000000000000000e+00,4.000000000000000000e+00
-1.000000000000000000e+00,1.600000000000000000e+01,8.000000000000000000e+00,1.194000000000000000e+03,5.560000000000000000e+02,1.192000000000000000e+03,5.560000000000000000e+02,8.000000000000000000e+00,0.000000000000000000e+00,4.000000000000000000e+00
-1.000000000000000000e+00,1.600000000000000000e+01,1.600000000000000000e+01,1.224000000000000000e+03,5.520000000000000000e+02,1.208000000000000000e+03,5.520000000000000000e+02,6.400000000000000000e+01,0.000000000000000000e+00,4.000000000000000000e+00
-1.000000000000000000e+00,1.600000000000000000e+01,1.600000000000000000e+01,1.240000000000000000e+03,5.520000000000000000e+02,1.224000000000000000e+03,5.520000000000000000e+02,6.400000000000000000e+01,0.000000000000000000e+00,4.000000000000000000e+00
-1.000000000000000000e+00,1.600000000000000000e+01,1.600000000000000000e+01,1.256000000000000000e+03,5.520000000000000000e+02,1.240000000000000000e+03,5.520000000000000000e+02,6.400000000000000000e+01,0.000000000000000000e+00,4.000000000000000000e+00
-1.000000000000000000e+00,1.600000000000000000e+01,1.600000000000000000e+01,1.272000000000000000e+03,5.490000000000000000e+02,1.256000000000000000e+03,5.520000000000000000e+02,6.400000000000000000e+01,-1.200000000000000000e+01,4.000000000000000000e+00
-1.000000000000000000e+00,1.600000000000000000e+01,1.600000000000000000e+01,1.288000000000000000e+03,5.490000000000000000e+02,1.272000000000000000e+03,5.520000000000000000e+02,6.400000000000000000e+01,-1.200000000000000000e+01,4.000000000000000000e+00
-1.000000000000000000e+00,1.600000000000000000e+01,1.600000000000000000e+01,1.040000000000000000e+02,5.680000000000000000e+02,1.040000000000000000e+02,5.680000000000000000e+02,0.000000000000000000e+00,0.000000000000000000e+00,4.000000000000000000e+00
-1.000000000000000000e+00,1.600000000000000000e+01,1.600000000000000000e+01,1.200000000000000000e+02,5.680000000000000000e+02,1.200000000000000000e+02,5.680000000000000000e+02,0.000000000000000000e+00,0.000000000000000000e+00,4.000000000000000000e+00
-1.000000000000000000e+00,1.600000000000000000e+01,1.600000000000000000e+01,1.360000000000000000e+02,5.680000000000000000e+02,1.360000000000000000e+02,5.680000000000000000e+02,0.000000000000000000e+00,0.000000000000000000e+00,4.000000000000000000e+00
-1.000000000000000000e+00,1.600000000000000000e+01,1.600000000000000000e+01,1.520000000000000000e+02,5.680000000000000000e+02,1.520000000000000000e+02,5.680000000000000000e+02,0.000000000000000000e+00,0.000000000000000000e+00,4.000000000000000000e+00
-1.000000000000000000e+00,8.000000000000000000e+00,8.000000000000000000e+00,1.650000000000000000e+02,5.630000000000000000e+02,1.640000000000000000e+02,5.640000000000000000e+02,5.000000000000000000e+00,-4.000000000000000000e+00,4.000000000000000000e+00
-1.000000000000000000e+00,8.000000000000000000e+00,8.000000000000000000e+00,1.760000000000000000e+02,5.640000000000000000e+02,1.720000000000000000e+02,5.640000000000000000e+02,1.700000000000000000e+01,3.000000000000000000e+00,4.000000000000000000e+00
-1.000000000000000000e+00,8.000000000000000000e+00,8.000000000000000000e+00,1.640000000000000000e+02,5.730000000000000000e+02,1.640000000000000000e+02,5.720000000000000000e+02,3.000000000000000000e+00,6.000000000000000000e+00,4.000000000000000000e+00
-1.000000000000000000e+00,8.000000000000000000e+00,8.000000000000000000e+00,1.730000000000000000e+02,5.720000000000000000e+02,1.720000000000000000e+02,5.720000000000000000e+02,5.000000000000000000e+00,0.000000000000000000e+00,4.000000000000000000e+00
-1.000000000000000000e+00,1.600000000000000000e+01,8.000000000000000000e+00,1.840000000000000000e+02,5.660000000000000000e+02,1.840000000000000000e+02,5.640000000000000000e+02,3.000000000000000000e+00,9.000000000000000000e+00,4.000000000000000000e+00
-1.000000000000000000e+00,1.600000000000000000e+01,8.000000000000000000e+00,1.870000000000000000e+02,5.720000000000000000e+02,1.840000000000000000e+02,5.720000000000000000e+02,1.200000000000000000e+01,0.000000000000000000e+00,4.000000000000000000e+00
-1.000000000000000000e+00,1.600000000000000000e+01,1.600000000000000000e+01,2.070000000000000000e+02,5.450000000000000000e+02,2.000000000000000000e+02,5.680000000000000000e+02,2.900000000000000000e+01,-9.500000000000000000e+01,4.000000000000000000e+00
-1.000000000000000000e+00,1.600000000000000000e+01,1.600000000000000000e+01,2.320000000000000000e+02,5.680000000000000000e+02,2.320000000000000000e+02,5.680000000000000000e+02,0.000000000000000000e+00,0.000000000000000000e+00,4.000000000000000000e+00
-1.000000000000000000e+00,1.600000000000000000e+01,1.600000000000000000e+01,2.480000000000000000e+02,5.680000000000000000e+02,2.480000000000000000e+02,5.680000000000000000e+02,0.000000000000000000e+00,0.000000000000000000e+00,4.000000000000000000e+00
-1.000000000000000000e+00,1.600000000000000000e+01,1.600000000000000000e+01,2.640000000000000000e+02,5.680000000000000000e+02,2.640000000000000000e+02,5.680000000000000000e+02,0.000000000000000000e+00,0.000000000000000000e+00,4.000000000000000000e+00
-1.000000000000000000e+00,1.600000000000000000e+01,1.600000000000000000e+01,2.800000000000000000e+02,5.680000000000000000e+02,2.800000000000000000e+02,5.680000000000000000e+02,0.000000000000000000e+00,0.000000000000000000e+00,4.000000000000000000e+00
-1.000000000000000000e+00,1.600000000000000000e+01,1.600000000000000000e+01,2.960000000000000000e+02,5.680000000000000000e+02,2.960000000000000000e+02,5.680000000000000000e+02,0.000000000000000000e+00,0.000000000000000000e+00,4.000000000000000000e+00
-1.000000000000000000e+00,1.600000000000000000e+01,1.600000000000000000e+01,3.120000000000000000e+02,5.680000000000000000e+02,3.120000000000000000e+02,5.680000000000000000e+02,0.000000000000000000e+00,0.000000000000000000e+00,4.000000000000000000e+00
-1.000000000000000000e+00,1.600000000000000000e+01,1.600000000000000000e+01,3.280000000000000000e+02,5.680000000000000000e+02,3.280000000000000000e+02,5.680000000000000000e+02,0.000000000000000000e+00,0.000000000000000000e+00,4.000000000000000000e+00
-1.000000000000000000e+00,1.600000000000000000e+01,1.600000000000000000e+01,3.440000000000000000e+02,5.680000000000000000e+02,3.440000000000000000e+02,5.680000000000000000e+02,0.000000000000000000e+00,0.000000000000000000e+00,4.000000000000000000e+00
-1.000000000000000000e+00,1.600000000000000000e+01,1.600000000000000000e+01,3.920000000000000000e+02,5.680000000000000000e+02,3.920000000000000000e+02,5.680000000000000000e+02,0.000000000000000000e+00,0.000000000000000000e+00,4.000000000000000000e+00
-1.000000000000000000e+00,1.600000000000000000e+01,1.600000000000000000e+01,4.080000000000000000e+02,5.680000000000000000e+02,4.080000000000000000e+02,5.680000000000000000e+02,0.000000000000000000e+00,0.000000000000000000e+00,4.000000000000000000e+00
-1.000000000000000000e+00,1.600000000000000000e+01,1.600000000000000000e+01,4.240000000000000000e+02,5.680000000000000000e+02,4.240000000000000000e+02,5.680000000000000000e+02,0.000000000000000000e+00,0.000000000000000000e+00,4.000000000000000000e+00
-1.000000000000000000e+00,1.600000000000000000e+01,1.600000000000000000e+01,4.400000000000000000e+02,5.680000000000000000e+02,4.400000000000000000e+02,5.680000000000000000e+02,0.000000000000000000e+00,0.000000000000000000e+00,4.000000000000000000e+00
-1.000000000000000000e+00,1.600000000000000000e+01,1.600000000000000000e+01,4.560000000000000000e+02,5.680000000000000000e+02,4.560000000000000000e+02,5.680000000000000000e+02,0.000000000000000000e+00,0.000000000000000000e+00,4.000000000000000000e+00
-1.000000000000000000e+00,1.600000000000000000e+01,1.600000000000000000e+01,5.300000000000000000e+02,5.630000000000000000e+02,5.040000000000000000e+02,5.680000000000000000e+02,1.070000000000000000e+02,-2.000000000000000000e+01,4.000000000000000000e+00
-1.000000000000000000e+00,1.600000000000000000e+01,1.600000000000000000e+01,5.460000000000000000e+02,5.630000000000000000e+02,5.200000000000000000e+02,5.680000000000000000e+02,1.070000000000000000e+02,-2.000000000000000000e+01,4.000000000000000000e+00
-1.000000000000000000e+00,1.600000000000000000e+01,1.600000000000000000e+01,5.620000000000000000e+02,5.630000000000000000e+02,5.360000000000000000e+02,5.680000000000000000e+02,1.060000000000000000e+02,-2.000000000000000000e+01,4.000000000000000000e+00
-1.000000000000000000e+00,1.600000000000000000e+01,1.600000000000000000e+01,5.780000000000000000e+02,5.630000000000000000e+02,5.520000000000000000e+02,5.680000000000000000e+02,1.060000000000000000e+02,-2.000000000000000000e+01,4.000000000000000000e+00
-1.000000000000000000e+00,1.600000000000000000e+01,1.600000000000000000e+01,7.020000000000000000e+02,5.590000000000000000e+02,6.160000000000000000e+02,5.680000000000000000e+02,3.450000000000000000e+02,-3.600000000000000000e+01,4.000000000000000000e+00
-1.000000000000000000e+00,1.600000000000000000e+01,1.600000000000000000e+01,6.580000000000000000e+02,5.630000000000000000e+02,6.320000000000000000e+02,5.680000000000000000e+02,1.040000000000000000e+02,-2.100000000000000000e+01,4.000000000000000000e+00
-1.000000000000000000e+00,1.600000000000000000e+01,1.600000000000000000e+01,6.740000000000000000e+02,5.630000000000000000e+02,6.480000000000000000e+02,5.680000000000000000e+02,1.040000000000000000e+02,-2.000000000000000000e+01,4.000000000000000000e+00
-1.000000000000000000e+00,1.600000000000000000e+01,1.600000000000000000e+01,6.890000000000000000e+02,5.630000000000000000e+02,6.640000000000000000e+02,5.680000000000000000e+02,1.000000000000000000e+02,-2.000000000000000000e+01,4.000000000000000000e+00
-1.000000000000000000e+00,1.600000000000000000e+01,1.600000000000000000e+01,7.050000000000000000e+02,5.640000000000000000e+02,6.800000000000000000e+02,5.680000000000000000e+02,1.000000000000000000e+02,-1.700000000000000000e+01,4.000000000000000000e+00
-1.000000000000000000e+00,1.600000000000000000e+01,1.600000000000000000e+01,7.210000000000000000e+02,5.680000000000000000e+02,6.960000000000000000e+02,5.680000000000000000e+02,1.000000000000000000e+02,0.000000000000000000e+00,4.000000000000000000e+00
-1.000000000000000000e+00,1.600000000000000000e+01,1.600000000000000000e+01,7.370000000000000000e+02,5.680000000000000000e+02,7.120000000000000000e+02,5.680000000000000000e+02,1.000000000000000000e+02,0.000000000000000000e+00,4.000000000000000000e+00
-1.000000000000000000e+00,1.600000000000000000e+01,1.600000000000000000e+01,7.530000000000000000e+02,5.680000000000000000e+02,7.280000000000000000e+02,5.680000000000000000e+02,1.000000000000000000e+02,0.000000000000000000e+00,4.000000000000000000e+00
-1.000000000000000000e+00,1.600000000000000000e+01,1.600000000000000000e+01,7.680000000000000000e+02,5.680000000000000000e+02,7.440000000000000000e+02,5.680000000000000000e+02,9.600000000000000000e+01,0.000000000000000000e+00,4.000000000000000000e+00
-1.000000000000000000e+00,1.600000000000000000e+01,1.600000000000000000e+01,7.820000000000000000e+02,5.630000000000000000e+02,7.600000000000000000e+02,5.680000000000000000e+02,8.800000000000000000e+01,-2.000000000000000000e+01,4.000000000000000000e+00
-1.000000000000000000e+00,1.600000000000000000e+01,1.600000000000000000e+01,8.000000000000000000e+02,5.640000000000000000e+02,7.760000000000000000e+02,5.680000000000000000e+02,9.800000000000000000e+01,-1.900000000000000000e+01,4.000000000000000000e+00
-1.000000000000000000e+00,1.600000000000000000e+01,1.600000000000000000e+01,8.310000000000000000e+02,5.680000000000000000e+02,8.080000000000000000e+02,5.680000000000000000e+02,9.300000000000000000e+01,0.000000000000000000e+00,4.000000000000000000e+00
-1.000000000000000000e+00,1.600000000000000000e+01,1.600000000000000000e+01,8.470000000000000000e+02,5.680000000000000000e+02,8.240000000000000000e+02,5.680000000000000000e+02,9.300000000000000000e+01,0.000000000000000000e+00,4.000000000000000000e+00
-1.000000000000000000e+00,1.600000000000000000e+01,1.600000000000000000e+01,8.610000000000000000e+02,5.680000000000000000e+02,8.400000000000000000e+02,5.680000000000000000e+02,8.700000000000000000e+01,0.000000000000000000e+00,4.000000000000000000e+00
-1.000000000000000000e+00,1.600000000000000000e+01,1.600000000000000000e+01,8.940000000000000000e+02,5.670000000000000000e+02,8.720000000000000000e+02,5.680000000000000000e+02,9.100000000000000000e+01,-6.000000000000000000e+00,4.000000000000000000e+00
-1.000000000000000000e+00,1.600000000000000000e+01,1.600000000000000000e+01,9.100000000000000000e+02,5.640000000000000000e+02,8.880000000000000000e+02,5.680000000000000000e+02,8.900000000000000000e+01,-1.700000000000000000e+01,4.000000000000000000e+00
-1.000000000000000000e+00,1.600000000000000000e+01,8.000000000000000000e+00,9.260000000000000000e+02,5.640000000000000000e+02,9.040000000000000000e+02,5.640000000000000000e+02,8.900000000000000000e+01,-3.000000000000000000e+00,4.000000000000000000e+00
-1.000000000000000000e+00,1.600000000000000000e+01,8.000000000000000000e+00,9.260000000000000000e+02,5.640000000000000000e+02,9.040000000000000000e+02,5.720000000000000000e+02,8.900000000000000000e+01,-3.500000000000000000e+01,4.000000000000000000e+00
-1.000000000000000000e+00,1.600000000000000000e+01,1.600000000000000000e+01,9.590000000000000000e+02,5.680000000000000000e+02,9.360000000000000000e+02,5.680000000000000000e+02,9.300000000000000000e+01,3.000000000000000000e+00,4.000000000000000000e+00
-1.000000000000000000e+00,1.600000000000000000e+01,1.600000000000000000e+01,9.770000000000000000e+02,5.680000000000000000e+02,9.520000000000000000e+02,5.680000000000000000e+02,1.020000000000000000e+02,3.000000000000000000e+00,4.000000000000000000e+00
-1.000000000000000000e+00,1.600000000000000000e+01,1.600000000000000000e+01,9.870000000000000000e+02,5.620000000000000000e+02,9.680000000000000000e+02,5.680000000000000000e+02,7.900000000000000000e+01,-2.700000000000000000e+01,4.000000000000000000e+00
-1.000000000000000000e+00,1.600000000000000000e+01,1.600000000000000000e+01,1.037000000000000000e+03,5.660000000000000000e+02,1.032000000000000000e+03,5.680000000000000000e+02,2.200000000000000000e+01,-9.000000000000000000e+00,4.000000000000000000e+00
-1.000000000000000000e+00,1.600000000000000000e+01,1.600000000000000000e+01,1.048000000000000000e+03,5.680000000000000000e+02,1.048000000000000000e+03,5.680000000000000000e+02,0.000000000000000000e+00,0.000000000000000000e+00,4.000000000000000000e+00
-1.000000000000000000e+00,1.600000000000000000e+01,1.600000000000000000e+01,1.064000000000000000e+03,5.730000000000000000e+02,1.064000000000000000e+03,5.680000000000000000e+02,0.000000000000000000e+00,2.000000000000000000e+01,4.000000000000000000e+00
-1.000000000000000000e+00,1.600000000000000000e+01,1.600000000000000000e+01,1.080000000000000000e+03,5.680000000000000000e+02,1.080000000000000000e+03,5.680000000000000000e+02,0.000000000000000000e+00,0.000000000000000000e+00,4.000000000000000000e+00
-1.000000000000000000e+00,1.600000000000000000e+01,8.000000000000000000e+00,1.096000000000000000e+03,5.640000000000000000e+02,1.096000000000000000e+03,5.640000000000000000e+02,0.000000000000000000e+00,0.000000000000000000e+00,4.000000000000000000e+00
-1.000000000000000000e+00,1.600000000000000000e+01,8.000000000000000000e+00,1.096000000000000000e+03,5.640000000000000000e+02,1.096000000000000000e+03,5.720000000000000000e+02,0.000000000000000000e+00,-3.200000000000000000e+01,4.000000000000000000e+00
-1.000000000000000000e+00,1.600000000000000000e+01,1.600000000000000000e+01,1.112000000000000000e+03,5.680000000000000000e+02,1.112000000000000000e+03,5.680000000000000000e+02,0.000000000000000000e+00,0.000000000000000000e+00,4.000000000000000000e+00
-1.000000000000000000e+00,1.600000000000000000e+01,1.600000000000000000e+01,1.128000000000000000e+03,5.680000000000000000e+02,1.128000000000000000e+03,5.680000000000000000e+02,0.000000000000000000e+00,0.000000000000000000e+00,4.000000000000000000e+00
-1.000000000000000000e+00,1.600000000000000000e+01,1.600000000000000000e+01,1.146000000000000000e+03,5.680000000000000000e+02,1.144000000000000000e+03,5.680000000000000000e+02,8.000000000000000000e+00,0.000000000000000000e+00,4.000000000000000000e+00
-1.000000000000000000e+00,1.600000000000000000e+01,1.600000000000000000e+01,1.162000000000000000e+03,5.610000000000000000e+02,1.160000000000000000e+03,5.680000000000000000e+02,8.000000000000000000e+00,-3.000000000000000000e+01,4.000000000000000000e+00
-1.000000000000000000e+00,1.600000000000000000e+01,1.600000000000000000e+01,1.194000000000000000e+03,5.680000000000000000e+02,1.192000000000000000e+03,5.680000000000000000e+02,8.000000000000000000e+00,0.000000000000000000e+00,4.000000000000000000e+00
-1.000000000000000000e+00,1.600000000000000000e+01,1.600000000000000000e+01,1.224000000000000000e+03,5.680000000000000000e+02,1.208000000000000000e+03,5.680000000000000000e+02,6.400000000000000000e+01,0.000000000000000000e+00,4.000000000000000000e+00
-1.000000000000000000e+00,1.600000000000000000e+01,1.600000000000000000e+01,1.240000000000000000e+03,5.680000000000000000e+02,1.224000000000000000e+03,5.680000000000000000e+02,6.400000000000000000e+01,0.000000000000000000e+00,4.000000000000000000e+00
-1.000000000000000000e+00,1.600000000000000000e+01,1.600000000000000000e+01,1.256000000000000000e+03,5.680000000000000000e+02,1.240000000000000000e+03,5.680000000000000000e+02,6.400000000000000000e+01,0.000000000000000000e+00,4.000000000000000000e+00
-1.000000000000000000e+00,1.600000000000000000e+01,1.600000000000000000e+01,1.272000000000000000e+03,5.680000000000000000e+02,1.256000000000000000e+03,5.680000000000000000e+02,6.400000000000000000e+01,0.000000000000000000e+00,4.000000000000000000e+00
-1.000000000000000000e+00,1.600000000000000000e+01,1.600000000000000000e+01,1.288000000000000000e+03,5.680000000000000000e+02,1.272000000000000000e+03,5.680000000000000000e+02,6.400000000000000000e+01,0.000000000000000000e+00,4.000000000000000000e+00
-1.000000000000000000e+00,1.600000000000000000e+01,1.600000000000000000e+01,5.500000000000000000e+01,5.840000000000000000e+02,5.600000000000000000e+01,5.840000000000000000e+02,-5.000000000000000000e+00,0.000000000000000000e+00,4.000000000000000000e+00
-1.000000000000000000e+00,1.600000000000000000e+01,1.600000000000000000e+01,1.070000000000000000e+02,5.840000000000000000e+02,7.200000000000000000e+01,5.840000000000000000e+02,1.430000000000000000e+02,0.000000000000000000e+00,4.000000000000000000e+00
-1.000000000000000000e+00,1.600000000000000000e+01,1.600000000000000000e+01,1.040000000000000000e+02,5.840000000000000000e+02,1.040000000000000000e+02,5.840000000000000000e+02,0.000000000000000000e+00,0.000000000000000000e+00,4.000000000000000000e+00
-1.000000000000000000e+00,1.600000000000000000e+01,1.600000000000000000e+01,1.200000000000000000e+02,5.840000000000000000e+02,1.200000000000000000e+02,5.840000000000000000e+02,0.000000000000000000e+00,0.000000000000000000e+00,4.000000000000000000e+00
-1.000000000000000000e+00,1.600000000000000000e+01,1.600000000000000000e+01,1.360000000000000000e+02,5.840000000000000000e+02,1.360000000000000000e+02,5.840000000000000000e+02,0.000000000000000000e+00,0.000000000000000000e+00,4.000000000000000000e+00
-1.000000000000000000e+00,1.600000000000000000e+01,1.600000000000000000e+01,1.520000000000000000e+02,5.840000000000000000e+02,1.520000000000000000e+02,5.840000000000000000e+02,0.000000000000000000e+00,0.000000000000000000e+00,4.000000000000000000e+00
-1.000000000000000000e+00,1.600000000000000000e+01,1.600000000000000000e+01,1.680000000000000000e+02,5.840000000000000000e+02,1.680000000000000000e+02,5.840000000000000000e+02,3.000000000000000000e+00,0.000000000000000000e+00,4.000000000000000000e+00
-1.000000000000000000e+00,1.600000000000000000e+01,1.600000000000000000e+01,1.870000000000000000e+02,5.840000000000000000e+02,1.840000000000000000e+02,5.840000000000000000e+02,1.200000000000000000e+01,0.000000000000000000e+00,4.000000000000000000e+00
-1.000000000000000000e+00,1.600000000000000000e+01,1.600000000000000000e+01,2.030000000000000000e+02,5.840000000000000000e+02,2.000000000000000000e+02,5.840000000000000000e+02,1.200000000000000000e+01,0.000000000000000000e+00,4.000000000000000000e+00
-1.000000000000000000e+00,1.600000000000000000e+01,1.600000000000000000e+01,2.320000000000000000e+02,5.840000000000000000e+02,2.320000000000000000e+02,5.840000000000000000e+02,0.000000000000000000e+00,0.000000000000000000e+00,4.000000000000000000e+00
-1.000000000000000000e+00,1.600000000000000000e+01,1.600000000000000000e+01,2.480000000000000000e+02,5.840000000000000000e+02,2.480000000000000000e+02,5.840000000000000000e+02,0.000000000000000000e+00,0.000000000000000000e+00,4.000000000000000000e+00
-1.000000000000000000e+00,1.600000000000000000e+01,1.600000000000000000e+01,2.640000000000000000e+02,5.840000000000000000e+02,2.640000000000000000e+02,5.840000000000000000e+02,0.000000000000000000e+00,0.000000000000000000e+00,4.000000000000000000e+00
-1.000000000000000000e+00,1.600000000000000000e+01,1.600000000000000000e+01,2.800000000000000000e+02,5.840000000000000000e+02,2.800000000000000000e+02,5.840000000000000000e+02,0.000000000000000000e+00,0.000000000000000000e+00,4.000000000000000000e+00
-1.000000000000000000e+00,1.600000000000000000e+01,1.600000000000000000e+01,2.960000000000000000e+02,5.840000000000000000e+02,2.960000000000000000e+02,5.840000000000000000e+02,0.000000000000000000e+00,0.000000000000000000e+00,4.000000000000000000e+00
-1.000000000000000000e+00,1.600000000000000000e+01,1.600000000000000000e+01,3.120000000000000000e+02,5.840000000000000000e+02,3.120000000000000000e+02,5.840000000000000000e+02,0.000000000000000000e+00,0.000000000000000000e+00,4.000000000000000000e+00
-1.000000000000000000e+00,1.600000000000000000e+01,1.600000000000000000e+01,3.440000000000000000e+02,5.840000000000000000e+02,3.440000000000000000e+02,5.840000000000000000e+02,0.000000000000000000e+00,0.000000000000000000e+00,4.000000000000000000e+00
-1.000000000000000000e+00,1.600000000000000000e+01,1.600000000000000000e+01,3.600000000000000000e+02,5.840000000000000000e+02,3.600000000000000000e+02,5.840000000000000000e+02,0.000000000000000000e+00,0.000000000000000000e+00,4.000000000000000000e+00
-1.000000000000000000e+00,1.600000000000000000e+01,1.600000000000000000e+01,3.760000000000000000e+02,5.870000000000000000e+02,3.760000000000000000e+02,5.840000000000000000e+02,0.000000000000000000e+00,1.200000000000000000e+01,4.000000000000000000e+00
-1.000000000000000000e+00,1.600000000000000000e+01,1.600000000000000000e+01,3.950000000000000000e+02,5.870000000000000000e+02,3.920000000000000000e+02,5.840000000000000000e+02,1.300000000000000000e+01,1.400000000000000000e+01,4.000000000000000000e+00
-1.000000000000000000e+00,1.600000000000000000e+01,1.600000000000000000e+01,4.080000000000000000e+02,5.880000000000000000e+02,4.080000000000000000e+02,5.840000000000000000e+02,0.000000000000000000e+00,1.900000000000000000e+01,4.000000000000000000e+00
-1.000000000000000000e+00,1.600000000000000000e+01,1.600000000000000000e+01,4.240000000000000000e+02,5.840000000000000000e+02,4.240000000000000000e+02,5.840000000000000000e+02,0.000000000000000000e+00,0.000000000000000000e+00,4.000000000000000000e+00
-1.000000000000000000e+00,1.600000000000000000e+01,1.600000000000000000e+01,4.400000000000000000e+02,5.910000000000000000e+02,4.400000000000000000e+02,5.840000000000000000e+02,0.000000000000000000e+00,2.800000000000000000e+01,4.000000000000000000e+00
-1.000000000000000000e+00,1.600000000000000000e+01,1.600000000000000000e+01,4.560000000000000000e+02,5.940000000000000000e+02,4.560000000000000000e+02,5.840000000000000000e+02,0.000000000000000000e+00,4.000000000000000000e+01,4.000000000000000000e+00
-1.000000000000000000e+00,1.600000000000000000e+01,1.600000000000000000e+01,4.720000000000000000e+02,5.900000000000000000e+02,4.720000000000000000e+02,5.840000000000000000e+02,0.000000000000000000e+00,2.400000000000000000e+01,4.000000000000000000e+00
-1.000000000000000000e+00,1.600000000000000000e+01,1.600000000000000000e+01,5.620000000000000000e+02,5.880000000000000000e+02,5.360000000000000000e+02,5.840000000000000000e+02,1.060000000000000000e+02,1.600000000000000000e+01,4.000000000000000000e+00
-1.000000000000000000e+00,1.600000000000000000e+01,1.600000000000000000e+01,5.780000000000000000e+02,5.890000000000000000e+02,5.520000000000000000e+02,5.840000000000000000e+02,1.060000000000000000e+02,2.300000000000000000e+01,4.000000000000000000e+00
-1.000000000000000000e+00,1.600000000000000000e+01,1.600000000000000000e+01,5.840000000000000000e+02,5.840000000000000000e+02,5.840000000000000000e+02,5.840000000000000000e+02,0.000000000000000000e+00,0.000000000000000000e+00,4.000000000000000000e+00
-1.000000000000000000e+00,1.600000000000000000e+01,1.600000000000000000e+01,7.010000000000000000e+02,5.770000000000000000e+02,6.160000000000000000e+02,5.840000000000000000e+02,3.430000000000000000e+02,-2.900000000000000000e+01,4.000000000000000000e+00
-1.000000000000000000e+00,8.000000000000000000e+00,8.000000000000000000e+00,7.130000000000000000e+02,5.740000000000000000e+02,6.280000000000000000e+02,5.800000000000000000e+02,3.430000000000000000e+02,-2.700000000000000000e+01,4.000000000000000000e+00
-1.000000000000000000e+00,8.000000000000000000e+00,8.000000000000000000e+00,6.620000000000000000e+02,5.750000000000000000e+02,6.360000000000000000e+02,5.800000000000000000e+02,1.040000000000000000e+02,-2.100000000000000000e+01,4.000000000000000000e+00
-1.000000000000000000e+00,8.000000000000000000e+00,8.000000000000000000e+00,7.130000000000000000e+02,5.820000000000000000e+02,6.280000000000000000e+02,5.880000000000000000e+02,3.430000000000000000e+02,-2.700000000000000000e+01,4.000000000000000000e+00
-1.000000000000000000e+00,8.000000000000000000e+00,8.000000000000000000e+00,6.620000000000000000e+02,5.830000000000000000e+02,6.360000000000000000e+02,5.880000000000000000e+02,1.040000000000000000e+02,-2.100000000000000000e+01,4.000000000000000000e+00
-1.000000000000000000e+00,1.600000000000000000e+01,1.600000000000000000e+01,7.600000000000000000e+02,5.720000000000000000e+02,6.480000000000000000e+02,5.840000000000000000e+02,4.480000000000000000e+02,-5.100000000000000000e+01,4.000000000000000000e+00
-1.000000000000000000e+00,1.600000000000000000e+01,1.600000000000000000e+01,7.750000000000000000e+02,5.800000000000000000e+02,6.640000000000000000e+02,5.840000000000000000e+02,4.440000000000000000e+02,-1.600000000000000000e+01,4.000000000000000000e+00
-1.000000000000000000e+00,1.600000000000000000e+01,1.600000000000000000e+01,7.050000000000000000e+02,5.800000000000000000e+02,6.800000000000000000e+02,5.840000000000000000e+02,1.000000000000000000e+02,-1.600000000000000000e+01,4.000000000000000000e+00
-1.000000000000000000e+00,1.600000000000000000e+01,1.600000000000000000e+01,7.210000000000000000e+02,5.840000000000000000e+02,6.960000000000000000e+02,5.840000000000000000e+02,1.000000000000000000e+02,0.000000000000000000e+00,4.000000000000000000e+00
-1.000000000000000000e+00,1.600000000000000000e+01,1.600000000000000000e+01,7.370000000000000000e+02,5.840000000000000000e+02,7.120000000000000000e+02,5.840000000000000000e+02,1.000000000000000000e+02,0.000000000000000000e+00,4.000000000000000000e+00
-1.000000000000000000e+00,1.600000000000000000e+01,1.600000000000000000e+01,7.530000000000000000e+02,5.840000000000000000e+02,7.280000000000000000e+02,5.840000000000000000e+02,1.000000000000000000e+02,0.000000000000000000e+00,4.000000000000000000e+00
-1.000000000000000000e+00,1.600000000000000000e+01,1.600000000000000000e+01,7.680000000000000000e+02,5.840000000000000000e+02,7.440000000000000000e+02,5.840000000000000000e+02,9.600000000000000000e+01,0.000000000000000000e+00,4.000000000000000000e+00
-1.000000000000000000e+00,1.600000000000000000e+01,1.600000000000000000e+01,7.830000000000000000e+02,5.800000000000000000e+02,7.600000000000000000e+02,5.840000000000000000e+02,9.200000000000000000e+01,-1.900000000000000000e+01,4.000000000000000000e+00
-1.000000000000000000e+00,1.600000000000000000e+01,1.600000000000000000e+01,8.010000000000000000e+02,5.800000000000000000e+02,7.760000000000000000e+02,5.840000000000000000e+02,1.000000000000000000e+02,-1.600000000000000000e+01,4.000000000000000000e+00
-1.000000000000000000e+00,1.600000000000000000e+01,1.600000000000000000e+01,8.150000000000000000e+02,5.840000000000000000e+02,7.920000000000000000e+02,5.840000000000000000e+02,9.300000000000000000e+01,0.000000000000000000e+00,4.000000000000000000e+00
-1.000000000000000000e+00,1.600000000000000000e+01,1.600000000000000000e+01,8.310000000000000000e+02,5.840000000000000000e+02,8.080000000000000000e+02,5.840000000000000000e+02,9.300000000000000000e+01,0.000000000000000000e+00,4.000000000000000000e+00
-1.000000000000000000e+00,1.600000000000000000e+01,1.600000000000000000e+01,8.470000000000000000e+02,5.840000000000000000e+02,8.240000000000000000e+02,5.840000000000000000e+02,9.300000000000000000e+01,0.000000000000000000e+00,4.000000000000000000e+00
-1.000000000000000000e+00,1.600000000000000000e+01,1.600000000000000000e+01,8.610000000000000000e+02,5.840000000000000000e+02,8.400000000000000000e+02,5.840000000000000000e+02,8.700000000000000000e+01,0.000000000000000000e+00,4.000000000000000000e+00
-1.000000000000000000e+00,1.600000000000000000e+01,1.600000000000000000e+01,8.770000000000000000e+02,5.840000000000000000e+02,8.560000000000000000e+02,5.840000000000000000e+02,8.700000000000000000e+01,0.000000000000000000e+00,4.000000000000000000e+00
-1.000000000000000000e+00,1.600000000000000000e+01,1.600000000000000000e+01,9.020000000000000000e+02,5.720000000000000000e+02,8.880000000000000000e+02,5.840000000000000000e+02,5.800000000000000000e+01,-4.900000000000000000e+01,4.000000000000000000e+00
-1.000000000000000000e+00,1.600000000000000000e+01,1.600000000000000000e+01,9.290000000000000000e+02,5.840000000000000000e+02,9.040000000000000000e+02,5.840000000000000000e+02,1.010000000000000000e+02,-3.000000000000000000e+00,4.000000000000000000e+00
-1.000000000000000000e+00,1.600000000000000000e+01,1.600000000000000000e+01,9.430000000000000000e+02,5.680000000000000000e+02,9.200000000000000000e+02,5.840000000000000000e+02,9.300000000000000000e+01,-6.400000000000000000e+01,4.000000000000000000e+00
-1.000000000000000000e+00,1.600000000000000000e+01,1.600000000000000000e+01,9.590000000000000000e+02,5.840000000000000000e+02,9.360000000000000000e+02,5.840000000000000000e+02,9.300000000000000000e+01,3.000000000000000000e+00,4.000000000000000000e+00
-1.000000000000000000e+00,1.600000000000000000e+01,1.600000000000000000e+01,9.760000000000000000e+02,5.840000000000000000e+02,9.520000000000000000e+02,5.840000000000000000e+02,9.800000000000000000e+01,3.000000000000000000e+00,4.000000000000000000e+00
-1.000000000000000000e+00,1.600000000000000000e+01,1.600000000000000000e+01,9.930000000000000000e+02,5.840000000000000000e+02,9.680000000000000000e+02,5.840000000000000000e+02,1.000000000000000000e+02,0.000000000000000000e+00,4.000000000000000000e+00
-1.000000000000000000e+00,1.600000000000000000e+01,1.600000000000000000e+01,1.009000000000000000e+03,5.840000000000000000e+02,9.840000000000000000e+02,5.840000000000000000e+02,1.000000000000000000e+02,0.000000000000000000e+00,4.000000000000000000e+00
-1.000000000000000000e+00,1.600000000000000000e+01,1.600000000000000000e+01,1.025000000000000000e+03,5.840000000000000000e+02,1.000000000000000000e+03,5.840000000000000000e+02,1.000000000000000000e+02,0.000000000000000000e+00,4.000000000000000000e+00
-1.000000000000000000e+00,1.600000000000000000e+01,1.600000000000000000e+01,1.021000000000000000e+03,5.840000000000000000e+02,1.016000000000000000e+03,5.840000000000000000e+02,2.200000000000000000e+01,0.000000000000000000e+00,4.000000000000000000e+00
-1.000000000000000000e+00,1.600000000000000000e+01,1.600000000000000000e+01,1.037000000000000000e+03,5.740000000000000000e+02,1.032000000000000000e+03,5.840000000000000000e+02,2.200000000000000000e+01,-4.000000000000000000e+01,4.000000000000000000e+00
-1.000000000000000000e+00,1.600000000000000000e+01,1.600000000000000000e+01,1.048000000000000000e+03,5.840000000000000000e+02,1.048000000000000000e+03,5.840000000000000000e+02,0.000000000000000000e+00,0.000000000000000000e+00,4.000000000000000000e+00
-1.000000000000000000e+00,1.600000000000000000e+01,1.600000000000000000e+01,1.064000000000000000e+03,5.840000000000000000e+02,1.064000000000000000e+03,5.840000000000000000e+02,0.000000000000000000e+00,0.000000000000000000e+00,4.000000000000000000e+00
-1.000000000000000000e+00,1.600000000000000000e+01,1.600000000000000000e+01,1.080000000000000000e+03,5.840000000000000000e+02,1.080000000000000000e+03,5.840000000000000000e+02,0.000000000000000000e+00,0.000000000000000000e+00,4.000000000000000000e+00
-1.000000000000000000e+00,1.600000000000000000e+01,1.600000000000000000e+01,1.096000000000000000e+03,5.840000000000000000e+02,1.096000000000000000e+03,5.840000000000000000e+02,0.000000000000000000e+00,0.000000000000000000e+00,4.000000000000000000e+00
-1.000000000000000000e+00,1.600000000000000000e+01,1.600000000000000000e+01,1.112000000000000000e+03,5.840000000000000000e+02,1.112000000000000000e+03,5.840000000000000000e+02,0.000000000000000000e+00,0.000000000000000000e+00,4.000000000000000000e+00
-1.000000000000000000e+00,1.600000000000000000e+01,1.600000000000000000e+01,1.128000000000000000e+03,5.840000000000000000e+02,1.128000000000000000e+03,5.840000000000000000e+02,0.000000000000000000e+00,0.000000000000000000e+00,4.000000000000000000e+00
-1.000000000000000000e+00,1.600000000000000000e+01,1.600000000000000000e+01,1.144000000000000000e+03,5.840000000000000000e+02,1.144000000000000000e+03,5.840000000000000000e+02,0.000000000000000000e+00,0.000000000000000000e+00,4.000000000000000000e+00
-1.000000000000000000e+00,1.600000000000000000e+01,1.600000000000000000e+01,1.160000000000000000e+03,5.840000000000000000e+02,1.160000000000000000e+03,5.840000000000000000e+02,0.000000000000000000e+00,0.000000000000000000e+00,4.000000000000000000e+00
-1.000000000000000000e+00,1.600000000000000000e+01,1.600000000000000000e+01,1.176000000000000000e+03,5.840000000000000000e+02,1.176000000000000000e+03,5.840000000000000000e+02,0.000000000000000000e+00,0.000000000000000000e+00,4.000000000000000000e+00
-1.000000000000000000e+00,1.600000000000000000e+01,1.600000000000000000e+01,1.224000000000000000e+03,5.840000000000000000e+02,1.208000000000000000e+03,5.840000000000000000e+02,6.400000000000000000e+01,0.000000000000000000e+00,4.000000000000000000e+00
-1.000000000000000000e+00,1.600000000000000000e+01,1.600000000000000000e+01,1.240000000000000000e+03,5.840000000000000000e+02,1.224000000000000000e+03,5.840000000000000000e+02,6.400000000000000000e+01,0.000000000000000000e+00,4.000000000000000000e+00
-1.000000000000000000e+00,1.600000000000000000e+01,1.600000000000000000e+01,1.256000000000000000e+03,5.840000000000000000e+02,1.240000000000000000e+03,5.840000000000000000e+02,6.400000000000000000e+01,0.000000000000000000e+00,4.000000000000000000e+00
-1.000000000000000000e+00,1.600000000000000000e+01,1.600000000000000000e+01,1.272000000000000000e+03,5.840000000000000000e+02,1.256000000000000000e+03,5.840000000000000000e+02,6.400000000000000000e+01,0.000000000000000000e+00,4.000000000000000000e+00
-1.000000000000000000e+00,1.600000000000000000e+01,1.600000000000000000e+01,1.288000000000000000e+03,5.840000000000000000e+02,1.272000000000000000e+03,5.840000000000000000e+02,6.400000000000000000e+01,0.000000000000000000e+00,4.000000000000000000e+00
-1.000000000000000000e+00,8.000000000000000000e+00,1.600000000000000000e+01,5.200000000000000000e+01,5.990000000000000000e+02,5.200000000000000000e+01,6.000000000000000000e+02,3.000000000000000000e+00,-5.000000000000000000e+00,4.000000000000000000e+00
-1.000000000000000000e+00,8.000000000000000000e+00,1.600000000000000000e+01,6.000000000000000000e+01,6.000000000000000000e+02,6.000000000000000000e+01,6.000000000000000000e+02,0.000000000000000000e+00,0.000000000000000000e+00,4.000000000000000000e+00
-1.000000000000000000e+00,1.600000000000000000e+01,1.600000000000000000e+01,7.200000000000000000e+01,6.000000000000000000e+02,7.200000000000000000e+01,6.000000000000000000e+02,0.000000000000000000e+00,0.000000000000000000e+00,4.000000000000000000e+00
-1.000000000000000000e+00,1.600000000000000000e+01,1.600000000000000000e+01,8.800000000000000000e+01,6.000000000000000000e+02,8.800000000000000000e+01,6.000000000000000000e+02,0.000000000000000000e+00,0.000000000000000000e+00,4.000000000000000000e+00
-1.000000000000000000e+00,1.600000000000000000e+01,1.600000000000000000e+01,1.040000000000000000e+02,6.000000000000000000e+02,1.040000000000000000e+02,6.000000000000000000e+02,0.000000000000000000e+00,0.000000000000000000e+00,4.000000000000000000e+00
-1.000000000000000000e+00,1.600000000000000000e+01,1.600000000000000000e+01,1.200000000000000000e+02,6.000000000000000000e+02,1.200000000000000000e+02,6.000000000000000000e+02,0.000000000000000000e+00,0.000000000000000000e+00,4.000000000000000000e+00
-1.000000000000000000e+00,1.600000000000000000e+01,1.600000000000000000e+01,1.360000000000000000e+02,6.000000000000000000e+02,1.360000000000000000e+02,6.000000000000000000e+02,0.000000000000000000e+00,0.000000000000000000e+00,4.000000000000000000e+00
-1.000000000000000000e+00,1.600000000000000000e+01,1.600000000000000000e+01,1.520000000000000000e+02,6.000000000000000000e+02,1.520000000000000000e+02,6.000000000000000000e+02,0.000000000000000000e+00,0.000000000000000000e+00,4.000000000000000000e+00
-1.000000000000000000e+00,1.600000000000000000e+01,1.600000000000000000e+01,1.680000000000000000e+02,6.000000000000000000e+02,1.680000000000000000e+02,6.000000000000000000e+02,3.000000000000000000e+00,0.000000000000000000e+00,4.000000000000000000e+00
-1.000000000000000000e+00,1.600000000000000000e+01,1.600000000000000000e+01,1.870000000000000000e+02,6.000000000000000000e+02,1.840000000000000000e+02,6.000000000000000000e+02,1.200000000000000000e+01,0.000000000000000000e+00,4.000000000000000000e+00
-1.000000000000000000e+00,1.600000000000000000e+01,1.600000000000000000e+01,2.030000000000000000e+02,6.000000000000000000e+02,2.000000000000000000e+02,6.000000000000000000e+02,1.200000000000000000e+01,0.000000000000000000e+00,4.000000000000000000e+00
-1.000000000000000000e+00,1.600000000000000000e+01,1.600000000000000000e+01,2.160000000000000000e+02,6.000000000000000000e+02,2.160000000000000000e+02,6.000000000000000000e+02,0.000000000000000000e+00,0.000000000000000000e+00,4.000000000000000000e+00
-1.000000000000000000e+00,1.600000000000000000e+01,1.600000000000000000e+01,2.320000000000000000e+02,6.000000000000000000e+02,2.320000000000000000e+02,6.000000000000000000e+02,0.000000000000000000e+00,0.000000000000000000e+00,4.000000000000000000e+00
-1.000000000000000000e+00,1.600000000000000000e+01,1.600000000000000000e+01,2.480000000000000000e+02,6.000000000000000000e+02,2.480000000000000000e+02,6.000000000000000000e+02,0.000000000000000000e+00,0.000000000000000000e+00,4.000000000000000000e+00
-1.000000000000000000e+00,1.600000000000000000e+01,1.600000000000000000e+01,4.560000000000000000e+02,6.060000000000000000e+02,4.560000000000000000e+02,6.000000000000000000e+02,0.000000000000000000e+00,2.400000000000000000e+01,4.000000000000000000e+00
-1.000000000000000000e+00,1.600000000000000000e+01,1.600000000000000000e+01,4.720000000000000000e+02,6.060000000000000000e+02,4.720000000000000000e+02,6.000000000000000000e+02,0.000000000000000000e+00,2.400000000000000000e+01,4.000000000000000000e+00
-1.000000000000000000e+00,1.600000000000000000e+01,1.600000000000000000e+01,4.880000000000000000e+02,6.060000000000000000e+02,4.880000000000000000e+02,6.000000000000000000e+02,0.000000000000000000e+00,2.400000000000000000e+01,4.000000000000000000e+00
-1.000000000000000000e+00,1.600000000000000000e+01,1.600000000000000000e+01,5.680000000000000000e+02,6.000000000000000000e+02,5.680000000000000000e+02,6.000000000000000000e+02,0.000000000000000000e+00,0.000000000000000000e+00,4.000000000000000000e+00
-1.000000000000000000e+00,1.600000000000000000e+01,1.600000000000000000e+01,5.840000000000000000e+02,6.000000000000000000e+02,5.840000000000000000e+02,6.000000000000000000e+02,0.000000000000000000e+00,0.000000000000000000e+00,4.000000000000000000e+00
-1.000000000000000000e+00,1.600000000000000000e+01,1.600000000000000000e+01,6.150000000000000000e+02,5.940000000000000000e+02,6.160000000000000000e+02,6.000000000000000000e+02,-6.000000000000000000e+00,-2.700000000000000000e+01,4.000000000000000000e+00
-1.000000000000000000e+00,1.600000000000000000e+01,1.600000000000000000e+01,6.890000000000000000e+02,6.000000000000000000e+02,6.640000000000000000e+02,6.000000000000000000e+02,1.000000000000000000e+02,-1.000000000000000000e+00,4.000000000000000000e+00
-1.000000000000000000e+00,1.600000000000000000e+01,1.600000000000000000e+01,7.050000000000000000e+02,6.000000000000000000e+02,6.800000000000000000e+02,6.000000000000000000e+02,1.000000000000000000e+02,-1.000000000000000000e+00,4.000000000000000000e+00
-1.000000000000000000e+00,1.600000000000000000e+01,1.600000000000000000e+01,7.210000000000000000e+02,5.940000000000000000e+02,6.960000000000000000e+02,6.000000000000000000e+02,1.000000000000000000e+02,-2.400000000000000000e+01,4.000000000000000000e+00
-1.000000000000000000e+00,1.600000000000000000e+01,1.600000000000000000e+01,7.360000000000000000e+02,5.950000000000000000e+02,7.120000000000000000e+02,6.000000000000000000e+02,9.600000000000000000e+01,-2.000000000000000000e+01,4.000000000000000000e+00
-1.000000000000000000e+00,1.600000000000000000e+01,1.600000000000000000e+01,7.680000000000000000e+02,5.950000000000000000e+02,7.440000000000000000e+02,6.000000000000000000e+02,9.700000000000000000e+01,-2.000000000000000000e+01,4.000000000000000000e+00
-1.000000000000000000e+00,1.600000000000000000e+01,1.600000000000000000e+01,7.830000000000000000e+02,5.960000000000000000e+02,7.600000000000000000e+02,6.000000000000000000e+02,9.400000000000000000e+01,-1.900000000000000000e+01,4.000000000000000000e+00
-1.000000000000000000e+00,1.600000000000000000e+01,1.600000000000000000e+01,7.980000000000000000e+02,5.960000000000000000e+02,7.760000000000000000e+02,6.000000000000000000e+02,8.900000000000000000e+01,-1.900000000000000000e+01,4.000000000000000000e+00
-1.000000000000000000e+00,1.600000000000000000e+01,1.600000000000000000e+01,8.150000000000000000e+02,5.940000000000000000e+02,7.920000000000000000e+02,6.000000000000000000e+02,9.300000000000000000e+01,-2.400000000000000000e+01,4.000000000000000000e+00
-1.000000000000000000e+00,1.600000000000000000e+01,1.600000000000000000e+01,8.310000000000000000e+02,6.000000000000000000e+02,8.080000000000000000e+02,6.000000000000000000e+02,9.300000000000000000e+01,0.000000000000000000e+00,4.000000000000000000e+00
-1.000000000000000000e+00,1.600000000000000000e+01,1.600000000000000000e+01,8.470000000000000000e+02,6.000000000000000000e+02,8.240000000000000000e+02,6.000000000000000000e+02,9.300000000000000000e+01,0.000000000000000000e+00,4.000000000000000000e+00
-1.000000000000000000e+00,1.600000000000000000e+01,1.600000000000000000e+01,8.610000000000000000e+02,6.000000000000000000e+02,8.400000000000000000e+02,6.000000000000000000e+02,8.700000000000000000e+01,0.000000000000000000e+00,4.000000000000000000e+00
-1.000000000000000000e+00,1.600000000000000000e+01,1.600000000000000000e+01,9.010000000000000000e+02,6.030000000000000000e+02,8.880000000000000000e+02,6.000000000000000000e+02,5.500000000000000000e+01,1.300000000000000000e+01,4.000000000000000000e+00
-1.000000000000000000e+00,1.600000000000000000e+01,1.600000000000000000e+01,9.270000000000000000e+02,5.970000000000000000e+02,9.040000000000000000e+02,6.000000000000000000e+02,9.300000000000000000e+01,-1.400000000000000000e+01,4.000000000000000000e+00
-1.000000000000000000e+00,1.600000000000000000e+01,1.600000000000000000e+01,9.420000000000000000e+02,5.970000000000000000e+02,9.200000000000000000e+02,6.000000000000000000e+02,9.100000000000000000e+01,-1.400000000000000000e+01,4.000000000000000000e+00
-1.000000000000000000e+00,1.600000000000000000e+01,1.600000000000000000e+01,9.590000000000000000e+02,5.970000000000000000e+02,9.360000000000000000e+02,6.000000000000000000e+02,9.300000000000000000e+01,-1.200000000000000000e+01,4.000000000000000000e+00
-1.000000000000000000e+00,1.600000000000000000e+01,1.600000000000000000e+01,9.760000000000000000e+02,6.000000000000000000e+02,9.520000000000000000e+02,6.000000000000000000e+02,9.800000000000000000e+01,0.000000000000000000e+00,4.000000000000000000e+00
-1.000000000000000000e+00,1.600000000000000000e+01,1.600000000000000000e+01,9.920000000000000000e+02,6.000000000000000000e+02,9.680000000000000000e+02,6.000000000000000000e+02,9.700000000000000000e+01,0.000000000000000000e+00,4.000000000000000000e+00
-1.000000000000000000e+00,1.600000000000000000e+01,1.600000000000000000e+01,1.009000000000000000e+03,6.000000000000000000e+02,9.840000000000000000e+02,6.000000000000000000e+02,1.000000000000000000e+02,0.000000000000000000e+00,4.000000000000000000e+00
-1.000000000000000000e+00,1.600000000000000000e+01,1.600000000000000000e+01,1.025000000000000000e+03,5.990000000000000000e+02,1.000000000000000000e+03,6.000000000000000000e+02,1.020000000000000000e+02,-7.000000000000000000e+00,4.000000000000000000e+00
-1.000000000000000000e+00,1.600000000000000000e+01,1.600000000000000000e+01,1.048000000000000000e+03,6.000000000000000000e+02,1.048000000000000000e+03,6.000000000000000000e+02,0.000000000000000000e+00,0.000000000000000000e+00,4.000000000000000000e+00
-1.000000000000000000e+00,1.600000000000000000e+01,1.600000000000000000e+01,1.090000000000000000e+03,6.000000000000000000e+02,1.064000000000000000e+03,6.000000000000000000e+02,1.040000000000000000e+02,0.000000000000000000e+00,4.000000000000000000e+00
-1.000000000000000000e+00,1.600000000000000000e+01,1.600000000000000000e+01,1.096000000000000000e+03,6.000000000000000000e+02,1.096000000000000000e+03,6.000000000000000000e+02,0.000000000000000000e+00,0.000000000000000000e+00,4.000000000000000000e+00
-1.000000000000000000e+00,1.600000000000000000e+01,1.600000000000000000e+01,1.112000000000000000e+03,6.000000000000000000e+02,1.112000000000000000e+03,6.000000000000000000e+02,0.000000000000000000e+00,0.000000000000000000e+00,4.000000000000000000e+00
-1.000000000000000000e+00,1.600000000000000000e+01,1.600000000000000000e+01,1.128000000000000000e+03,6.000000000000000000e+02,1.128000000000000000e+03,6.000000000000000000e+02,0.000000000000000000e+00,0.000000000000000000e+00,4.000000000000000000e+00
-1.000000000000000000e+00,1.600000000000000000e+01,1.600000000000000000e+01,1.144000000000000000e+03,6.000000000000000000e+02,1.144000000000000000e+03,6.000000000000000000e+02,0.000000000000000000e+00,0.000000000000000000e+00,4.000000000000000000e+00
-1.000000000000000000e+00,1.600000000000000000e+01,1.600000000000000000e+01,1.240000000000000000e+03,6.000000000000000000e+02,1.224000000000000000e+03,6.000000000000000000e+02,6.400000000000000000e+01,0.000000000000000000e+00,4.000000000000000000e+00
-1.000000000000000000e+00,1.600000000000000000e+01,1.600000000000000000e+01,1.256000000000000000e+03,6.000000000000000000e+02,1.240000000000000000e+03,6.000000000000000000e+02,6.400000000000000000e+01,0.000000000000000000e+00,4.000000000000000000e+00
-1.000000000000000000e+00,8.000000000000000000e+00,1.600000000000000000e+01,5.200000000000000000e+01,6.150000000000000000e+02,5.200000000000000000e+01,6.160000000000000000e+02,3.000000000000000000e+00,-5.000000000000000000e+00,4.000000000000000000e+00
-1.000000000000000000e+00,8.000000000000000000e+00,1.600000000000000000e+01,6.000000000000000000e+01,6.160000000000000000e+02,6.000000000000000000e+01,6.160000000000000000e+02,0.000000000000000000e+00,0.000000000000000000e+00,4.000000000000000000e+00
-1.000000000000000000e+00,1.600000000000000000e+01,1.600000000000000000e+01,7.200000000000000000e+01,6.160000000000000000e+02,7.200000000000000000e+01,6.160000000000000000e+02,0.000000000000000000e+00,0.000000000000000000e+00,4.000000000000000000e+00
-1.000000000000000000e+00,1.600000000000000000e+01,1.600000000000000000e+01,8.800000000000000000e+01,6.160000000000000000e+02,8.800000000000000000e+01,6.160000000000000000e+02,0.000000000000000000e+00,0.000000000000000000e+00,4.000000000000000000e+00
-1.000000000000000000e+00,1.600000000000000000e+01,1.600000000000000000e+01,1.040000000000000000e+02,6.160000000000000000e+02,1.040000000000000000e+02,6.160000000000000000e+02,0.000000000000000000e+00,0.000000000000000000e+00,4.000000000000000000e+00
-1.000000000000000000e+00,1.600000000000000000e+01,1.600000000000000000e+01,1.200000000000000000e+02,6.160000000000000000e+02,1.200000000000000000e+02,6.160000000000000000e+02,0.000000000000000000e+00,0.000000000000000000e+00,4.000000000000000000e+00
-1.000000000000000000e+00,1.600000000000000000e+01,1.600000000000000000e+01,1.360000000000000000e+02,6.160000000000000000e+02,1.360000000000000000e+02,6.160000000000000000e+02,0.000000000000000000e+00,0.000000000000000000e+00,4.000000000000000000e+00
-1.000000000000000000e+00,1.600000000000000000e+01,1.600000000000000000e+01,1.520000000000000000e+02,6.160000000000000000e+02,1.520000000000000000e+02,6.160000000000000000e+02,0.000000000000000000e+00,0.000000000000000000e+00,4.000000000000000000e+00
-1.000000000000000000e+00,1.600000000000000000e+01,1.600000000000000000e+01,1.680000000000000000e+02,6.160000000000000000e+02,1.680000000000000000e+02,6.160000000000000000e+02,3.000000000000000000e+00,-1.000000000000000000e+00,4.000000000000000000e+00
-1.000000000000000000e+00,1.600000000000000000e+01,1.600000000000000000e+01,1.870000000000000000e+02,6.160000000000000000e+02,1.840000000000000000e+02,6.160000000000000000e+02,1.200000000000000000e+01,0.000000000000000000e+00,4.000000000000000000e+00
-1.000000000000000000e+00,1.600000000000000000e+01,1.600000000000000000e+01,2.030000000000000000e+02,6.160000000000000000e+02,2.000000000000000000e+02,6.160000000000000000e+02,1.200000000000000000e+01,0.000000000000000000e+00,4.000000000000000000e+00
-1.000000000000000000e+00,1.600000000000000000e+01,1.600000000000000000e+01,2.160000000000000000e+02,6.160000000000000000e+02,2.160000000000000000e+02,6.160000000000000000e+02,0.000000000000000000e+00,0.000000000000000000e+00,4.000000000000000000e+00
-1.000000000000000000e+00,1.600000000000000000e+01,1.600000000000000000e+01,2.320000000000000000e+02,6.160000000000000000e+02,2.320000000000000000e+02,6.160000000000000000e+02,0.000000000000000000e+00,0.000000000000000000e+00,4.000000000000000000e+00
-1.000000000000000000e+00,1.600000000000000000e+01,1.600000000000000000e+01,4.400000000000000000e+02,6.160000000000000000e+02,4.400000000000000000e+02,6.160000000000000000e+02,0.000000000000000000e+00,0.000000000000000000e+00,4.000000000000000000e+00
-1.000000000000000000e+00,1.600000000000000000e+01,1.600000000000000000e+01,4.560000000000000000e+02,6.220000000000000000e+02,4.560000000000000000e+02,6.160000000000000000e+02,0.000000000000000000e+00,2.400000000000000000e+01,4.000000000000000000e+00
-1.000000000000000000e+00,1.600000000000000000e+01,1.600000000000000000e+01,4.720000000000000000e+02,6.220000000000000000e+02,4.720000000000000000e+02,6.160000000000000000e+02,0.000000000000000000e+00,2.400000000000000000e+01,4.000000000000000000e+00
-1.000000000000000000e+00,1.600000000000000000e+01,1.600000000000000000e+01,4.880000000000000000e+02,6.220000000000000000e+02,4.880000000000000000e+02,6.160000000000000000e+02,0.000000000000000000e+00,2.400000000000000000e+01,4.000000000000000000e+00
-1.000000000000000000e+00,1.600000000000000000e+01,1.600000000000000000e+01,5.040000000000000000e+02,6.220000000000000000e+02,5.040000000000000000e+02,6.160000000000000000e+02,0.000000000000000000e+00,2.400000000000000000e+01,4.000000000000000000e+00
-1.000000000000000000e+00,1.600000000000000000e+01,1.600000000000000000e+01,5.200000000000000000e+02,6.220000000000000000e+02,5.200000000000000000e+02,6.160000000000000000e+02,0.000000000000000000e+00,2.400000000000000000e+01,4.000000000000000000e+00
-1.000000000000000000e+00,1.600000000000000000e+01,1.600000000000000000e+01,5.520000000000000000e+02,6.160000000000000000e+02,5.520000000000000000e+02,6.160000000000000000e+02,0.000000000000000000e+00,0.000000000000000000e+00,4.000000000000000000e+00
-1.000000000000000000e+00,1.600000000000000000e+01,1.600000000000000000e+01,5.680000000000000000e+02,6.160000000000000000e+02,5.680000000000000000e+02,6.160000000000000000e+02,0.000000000000000000e+00,0.000000000000000000e+00,4.000000000000000000e+00
-1.000000000000000000e+00,1.600000000000000000e+01,1.600000000000000000e+01,5.840000000000000000e+02,6.160000000000000000e+02,5.840000000000000000e+02,6.160000000000000000e+02,0.000000000000000000e+00,0.000000000000000000e+00,4.000000000000000000e+00
-1.000000000000000000e+00,1.600000000000000000e+01,1.600000000000000000e+01,6.000000000000000000e+02,6.160000000000000000e+02,6.000000000000000000e+02,6.160000000000000000e+02,0.000000000000000000e+00,0.000000000000000000e+00,4.000000000000000000e+00
-1.000000000000000000e+00,1.600000000000000000e+01,1.600000000000000000e+01,6.020000000000000000e+02,6.160000000000000000e+02,6.160000000000000000e+02,6.160000000000000000e+02,-5.700000000000000000e+01,0.000000000000000000e+00,4.000000000000000000e+00
-1.000000000000000000e+00,1.600000000000000000e+01,1.600000000000000000e+01,6.170000000000000000e+02,6.130000000000000000e+02,6.320000000000000000e+02,6.160000000000000000e+02,-6.100000000000000000e+01,-1.500000000000000000e+01,4.000000000000000000e+00
-1.000000000000000000e+00,1.600000000000000000e+01,1.600000000000000000e+01,7.050000000000000000e+02,6.160000000000000000e+02,6.800000000000000000e+02,6.160000000000000000e+02,1.000000000000000000e+02,-1.000000000000000000e+00,4.000000000000000000e+00
-1.000000000000000000e+00,1.600000000000000000e+01,1.600000000000000000e+01,7.210000000000000000e+02,6.110000000000000000e+02,6.960000000000000000e+02,6.160000000000000000e+02,1.000000000000000000e+02,-2.000000000000000000e+01,4.000000000000000000e+00
-1.000000000000000000e+00,1.600000000000000000e+01,1.600000000000000000e+01,7.360000000000000000e+02,6.110000000000000000e+02,7.120000000000000000e+02,6.160000000000000000e+02,9.600000000000000000e+01,-2.100000000000000000e+01,4.000000000000000000e+00
-1.000000000000000000e+00,1.600000000000000000e+01,1.600000000000000000e+01,7.520000000000000000e+02,6.110000000000000000e+02,7.280000000000000000e+02,6.160000000000000000e+02,9.600000000000000000e+01,-2.000000000000000000e+01,4.000000000000000000e+00
-1.000000000000000000e+00,1.600000000000000000e+01,1.600000000000000000e+01,7.680000000000000000e+02,6.110000000000000000e+02,7.440000000000000000e+02,6.160000000000000000e+02,9.600000000000000000e+01,-2.300000000000000000e+01,4.000000000000000000e+00
-1.000000000000000000e+00,1.600000000000000000e+01,1.600000000000000000e+01,7.830000000000000000e+02,6.110000000000000000e+02,7.600000000000000000e+02,6.160000000000000000e+02,9.400000000000000000e+01,-2.000000000000000000e+01,4.000000000000000000e+00
-1.000000000000000000e+00,1.600000000000000000e+01,1.600000000000000000e+01,7.990000000000000000e+02,6.110000000000000000e+02,7.760000000000000000e+02,6.160000000000000000e+02,9.300000000000000000e+01,-2.000000000000000000e+01,4.000000000000000000e+00
-1.000000000000000000e+00,1.600000000000000000e+01,1.600000000000000000e+01,8.150000000000000000e+02,6.120000000000000000e+02,7.920000000000000000e+02,6.160000000000000000e+02,9.300000000000000000e+01,-1.600000000000000000e+01,4.000000000000000000e+00
-1.000000000000000000e+00,1.600000000000000000e+01,1.600000000000000000e+01,8.310000000000000000e+02,6.160000000000000000e+02,8.080000000000000000e+02,6.160000000000000000e+02,9.300000000000000000e+01,0.000000000000000000e+00,4.000000000000000000e+00
-1.000000000000000000e+00,1.600000000000000000e+01,1.600000000000000000e+01,8.470000000000000000e+02,6.160000000000000000e+02,8.240000000000000000e+02,6.160000000000000000e+02,9.300000000000000000e+01,0.000000000000000000e+00,4.000000000000000000e+00
-1.000000000000000000e+00,1.600000000000000000e+01,1.600000000000000000e+01,8.610000000000000000e+02,6.160000000000000000e+02,8.400000000000000000e+02,6.160000000000000000e+02,8.700000000000000000e+01,0.000000000000000000e+00,4.000000000000000000e+00
-1.000000000000000000e+00,1.600000000000000000e+01,1.600000000000000000e+01,8.780000000000000000e+02,6.160000000000000000e+02,8.560000000000000000e+02,6.160000000000000000e+02,9.100000000000000000e+01,0.000000000000000000e+00,4.000000000000000000e+00
-1.000000000000000000e+00,1.600000000000000000e+01,1.600000000000000000e+01,9.110000000000000000e+02,6.160000000000000000e+02,8.720000000000000000e+02,6.160000000000000000e+02,1.570000000000000000e+02,0.000000000000000000e+00,4.000000000000000000e+00
-1.000000000000000000e+00,1.600000000000000000e+01,1.600000000000000000e+01,9.250000000000000000e+02,6.130000000000000000e+02,9.040000000000000000e+02,6.160000000000000000e+02,8.600000000000000000e+01,-1.400000000000000000e+01,4.000000000000000000e+00
-1.000000000000000000e+00,1.600000000000000000e+01,1.600000000000000000e+01,9.420000000000000000e+02,6.130000000000000000e+02,9.200000000000000000e+02,6.160000000000000000e+02,8.900000000000000000e+01,-1.400000000000000000e+01,4.000000000000000000e+00
-1.000000000000000000e+00,1.600000000000000000e+01,1.600000000000000000e+01,9.600000000000000000e+02,6.130000000000000000e+02,9.360000000000000000e+02,6.160000000000000000e+02,9.700000000000000000e+01,-1.200000000000000000e+01,4.000000000000000000e+00
-1.000000000000000000e+00,1.600000000000000000e+01,1.600000000000000000e+01,9.760000000000000000e+02,6.160000000000000000e+02,9.520000000000000000e+02,6.160000000000000000e+02,9.700000000000000000e+01,0.000000000000000000e+00,4.000000000000000000e+00
-1.000000000000000000e+00,1.600000000000000000e+01,1.600000000000000000e+01,9.920000000000000000e+02,6.160000000000000000e+02,9.680000000000000000e+02,6.160000000000000000e+02,9.700000000000000000e+01,0.000000000000000000e+00,4.000000000000000000e+00
-1.000000000000000000e+00,1.600000000000000000e+01,1.600000000000000000e+01,1.009000000000000000e+03,6.160000000000000000e+02,9.840000000000000000e+02,6.160000000000000000e+02,1.000000000000000000e+02,0.000000000000000000e+00,4.000000000000000000e+00
-1.000000000000000000e+00,1.600000000000000000e+01,1.600000000000000000e+01,1.025000000000000000e+03,6.160000000000000000e+02,1.000000000000000000e+03,6.160000000000000000e+02,1.000000000000000000e+02,0.000000000000000000e+00,4.000000000000000000e+00
-1.000000000000000000e+00,1.600000000000000000e+01,1.600000000000000000e+01,1.041000000000000000e+03,6.160000000000000000e+02,1.016000000000000000e+03,6.160000000000000000e+02,1.000000000000000000e+02,0.000000000000000000e+00,4.000000000000000000e+00
-1.000000000000000000e+00,1.600000000000000000e+01,1.600000000000000000e+01,1.048000000000000000e+03,6.160000000000000000e+02,1.048000000000000000e+03,6.160000000000000000e+02,0.000000000000000000e+00,0.000000000000000000e+00,4.000000000000000000e+00
-1.000000000000000000e+00,1.600000000000000000e+01,1.600000000000000000e+01,1.064000000000000000e+03,6.160000000000000000e+02,1.064000000000000000e+03,6.160000000000000000e+02,0.000000000000000000e+00,0.000000000000000000e+00,4.000000000000000000e+00
-1.000000000000000000e+00,1.600000000000000000e+01,1.600000000000000000e+01,1.080000000000000000e+03,6.160000000000000000e+02,1.080000000000000000e+03,6.160000000000000000e+02,0.000000000000000000e+00,0.000000000000000000e+00,4.000000000000000000e+00
-1.000000000000000000e+00,1.600000000000000000e+01,1.600000000000000000e+01,1.096000000000000000e+03,6.160000000000000000e+02,1.096000000000000000e+03,6.160000000000000000e+02,0.000000000000000000e+00,0.000000000000000000e+00,4.000000000000000000e+00
-1.000000000000000000e+00,1.600000000000000000e+01,1.600000000000000000e+01,1.112000000000000000e+03,6.160000000000000000e+02,1.112000000000000000e+03,6.160000000000000000e+02,0.000000000000000000e+00,0.000000000000000000e+00,4.000000000000000000e+00
-1.000000000000000000e+00,1.600000000000000000e+01,1.600000000000000000e+01,1.128000000000000000e+03,6.160000000000000000e+02,1.128000000000000000e+03,6.160000000000000000e+02,0.000000000000000000e+00,0.000000000000000000e+00,4.000000000000000000e+00
-1.000000000000000000e+00,1.600000000000000000e+01,1.600000000000000000e+01,1.144000000000000000e+03,6.160000000000000000e+02,1.144000000000000000e+03,6.160000000000000000e+02,0.000000000000000000e+00,0.000000000000000000e+00,4.000000000000000000e+00
-1.000000000000000000e+00,1.600000000000000000e+01,1.600000000000000000e+01,1.160000000000000000e+03,6.000000000000000000e+02,1.160000000000000000e+03,6.160000000000000000e+02,0.000000000000000000e+00,-6.400000000000000000e+01,4.000000000000000000e+00
-1.000000000000000000e+00,1.600000000000000000e+01,1.600000000000000000e+01,1.176000000000000000e+03,5.880000000000000000e+02,1.176000000000000000e+03,6.160000000000000000e+02,0.000000000000000000e+00,-1.120000000000000000e+02,4.000000000000000000e+00
-1.000000000000000000e+00,1.600000000000000000e+01,1.600000000000000000e+01,1.239000000000000000e+03,5.830000000000000000e+02,1.224000000000000000e+03,6.160000000000000000e+02,6.000000000000000000e+01,-1.340000000000000000e+02,4.000000000000000000e+00
-1.000000000000000000e+00,1.600000000000000000e+01,1.600000000000000000e+01,8.000000000000000000e+00,6.320000000000000000e+02,8.000000000000000000e+00,6.320000000000000000e+02,0.000000000000000000e+00,0.000000000000000000e+00,4.000000000000000000e+00
-1.000000000000000000e+00,1.600000000000000000e+01,1.600000000000000000e+01,5.600000000000000000e+01,6.320000000000000000e+02,5.600000000000000000e+01,6.320000000000000000e+02,0.000000000000000000e+00,0.000000000000000000e+00,4.000000000000000000e+00
-1.000000000000000000e+00,1.600000000000000000e+01,1.600000000000000000e+01,7.200000000000000000e+01,6.320000000000000000e+02,7.200000000000000000e+01,6.320000000000000000e+02,0.000000000000000000e+00,0.000000000000000000e+00,4.000000000000000000e+00
-1.000000000000000000e+00,1.600000000000000000e+01,1.600000000000000000e+01,8.800000000000000000e+01,6.320000000000000000e+02,8.800000000000000000e+01,6.320000000000000000e+02,0.000000000000000000e+00,0.000000000000000000e+00,4.000000000000000000e+00
-1.000000000000000000e+00,1.600000000000000000e+01,1.600000000000000000e+01,1.040000000000000000e+02,6.320000000000000000e+02,1.040000000000000000e+02,6.320000000000000000e+02,0.000000000000000000e+00,0.000000000000000000e+00,4.000000000000000000e+00
-1.000000000000000000e+00,1.600000000000000000e+01,1.600000000000000000e+01,1.200000000000000000e+02,6.320000000000000000e+02,1.200000000000000000e+02,6.320000000000000000e+02,0.000000000000000000e+00,0.000000000000000000e+00,4.000000000000000000e+00
-1.000000000000000000e+00,1.600000000000000000e+01,1.600000000000000000e+01,1.360000000000000000e+02,6.320000000000000000e+02,1.360000000000000000e+02,6.320000000000000000e+02,0.000000000000000000e+00,0.000000000000000000e+00,4.000000000000000000e+00
-1.000000000000000000e+00,1.600000000000000000e+01,1.600000000000000000e+01,1.520000000000000000e+02,6.320000000000000000e+02,1.520000000000000000e+02,6.320000000000000000e+02,0.000000000000000000e+00,0.000000000000000000e+00,4.000000000000000000e+00
-1.000000000000000000e+00,1.600000000000000000e+01,1.600000000000000000e+01,1.680000000000000000e+02,6.320000000000000000e+02,1.680000000000000000e+02,6.320000000000000000e+02,0.000000000000000000e+00,0.000000000000000000e+00,4.000000000000000000e+00
-1.000000000000000000e+00,1.600000000000000000e+01,1.600000000000000000e+01,1.840000000000000000e+02,6.320000000000000000e+02,1.840000000000000000e+02,6.320000000000000000e+02,0.000000000000000000e+00,0.000000000000000000e+00,4.000000000000000000e+00
-1.000000000000000000e+00,1.600000000000000000e+01,1.600000000000000000e+01,2.000000000000000000e+02,6.320000000000000000e+02,2.000000000000000000e+02,6.320000000000000000e+02,0.000000000000000000e+00,0.000000000000000000e+00,4.000000000000000000e+00
-1.000000000000000000e+00,1.600000000000000000e+01,1.600000000000000000e+01,2.160000000000000000e+02,6.320000000000000000e+02,2.160000000000000000e+02,6.320000000000000000e+02,0.000000000000000000e+00,0.000000000000000000e+00,4.000000000000000000e+00
-1.000000000000000000e+00,1.600000000000000000e+01,1.600000000000000000e+01,2.320000000000000000e+02,6.320000000000000000e+02,2.320000000000000000e+02,6.320000000000000000e+02,0.000000000000000000e+00,0.000000000000000000e+00,4.000000000000000000e+00
-1.000000000000000000e+00,1.600000000000000000e+01,1.600000000000000000e+01,2.480000000000000000e+02,6.320000000000000000e+02,2.480000000000000000e+02,6.320000000000000000e+02,0.000000000000000000e+00,0.000000000000000000e+00,4.000000000000000000e+00
-1.000000000000000000e+00,1.600000000000000000e+01,1.600000000000000000e+01,2.640000000000000000e+02,6.320000000000000000e+02,2.640000000000000000e+02,6.320000000000000000e+02,0.000000000000000000e+00,0.000000000000000000e+00,4.000000000000000000e+00
-1.000000000000000000e+00,1.600000000000000000e+01,1.600000000000000000e+01,2.800000000000000000e+02,6.320000000000000000e+02,2.800000000000000000e+02,6.320000000000000000e+02,0.000000000000000000e+00,0.000000000000000000e+00,4.000000000000000000e+00
-1.000000000000000000e+00,1.600000000000000000e+01,1.600000000000000000e+01,2.960000000000000000e+02,6.320000000000000000e+02,2.960000000000000000e+02,6.320000000000000000e+02,0.000000000000000000e+00,0.000000000000000000e+00,4.000000000000000000e+00
-1.000000000000000000e+00,1.600000000000000000e+01,1.600000000000000000e+01,3.120000000000000000e+02,6.320000000000000000e+02,3.120000000000000000e+02,6.320000000000000000e+02,0.000000000000000000e+00,0.000000000000000000e+00,4.000000000000000000e+00
-1.000000000000000000e+00,1.600000000000000000e+01,1.600000000000000000e+01,3.790000000000000000e+02,6.280000000000000000e+02,3.440000000000000000e+02,6.320000000000000000e+02,1.410000000000000000e+02,-1.600000000000000000e+01,4.000000000000000000e+00
-1.000000000000000000e+00,1.600000000000000000e+01,1.600000000000000000e+01,3.960000000000000000e+02,6.280000000000000000e+02,3.600000000000000000e+02,6.320000000000000000e+02,1.450000000000000000e+02,-1.600000000000000000e+01,4.000000000000000000e+00
-1.000000000000000000e+00,1.600000000000000000e+01,1.600000000000000000e+01,4.100000000000000000e+02,6.280000000000000000e+02,3.760000000000000000e+02,6.320000000000000000e+02,1.360000000000000000e+02,-1.600000000000000000e+01,4.000000000000000000e+00
-1.000000000000000000e+00,1.600000000000000000e+01,1.600000000000000000e+01,4.260000000000000000e+02,6.280000000000000000e+02,3.920000000000000000e+02,6.320000000000000000e+02,1.360000000000000000e+02,-1.600000000000000000e+01,4.000000000000000000e+00
-1.000000000000000000e+00,1.600000000000000000e+01,1.600000000000000000e+01,4.400000000000000000e+02,6.280000000000000000e+02,4.080000000000000000e+02,6.320000000000000000e+02,1.310000000000000000e+02,-1.600000000000000000e+01,4.000000000000000000e+00
-1.000000000000000000e+00,1.600000000000000000e+01,1.600000000000000000e+01,4.400000000000000000e+02,6.320000000000000000e+02,4.400000000000000000e+02,6.320000000000000000e+02,0.000000000000000000e+00,0.000000000000000000e+00,4.000000000000000000e+00
-1.000000000000000000e+00,1.600000000000000000e+01,1.600000000000000000e+01,5.040000000000000000e+02,6.380000000000000000e+02,5.040000000000000000e+02,6.320000000000000000e+02,0.000000000000000000e+00,2.400000000000000000e+01,4.000000000000000000e+00
-1.000000000000000000e+00,1.600000000000000000e+01,1.600000000000000000e+01,5.520000000000000000e+02,6.320000000000000000e+02,5.520000000000000000e+02,6.320000000000000000e+02,0.000000000000000000e+00,0.000000000000000000e+00,4.000000000000000000e+00
-1.000000000000000000e+00,1.600000000000000000e+01,1.600000000000000000e+01,5.680000000000000000e+02,6.320000000000000000e+02,5.680000000000000000e+02,6.320000000000000000e+02,0.000000000000000000e+00,0.000000000000000000e+00,4.000000000000000000e+00
-1.000000000000000000e+00,1.600000000000000000e+01,1.600000000000000000e+01,6.020000000000000000e+02,6.320000000000000000e+02,6.160000000000000000e+02,6.320000000000000000e+02,-5.700000000000000000e+01,0.000000000000000000e+00,4.000000000000000000e+00
-1.000000000000000000e+00,1.600000000000000000e+01,1.600000000000000000e+01,6.180000000000000000e+02,6.320000000000000000e+02,6.320000000000000000e+02,6.320000000000000000e+02,-5.700000000000000000e+01,0.000000000000000000e+00,4.000000000000000000e+00
-1.000000000000000000e+00,1.600000000000000000e+01,1.600000000000000000e+01,7.360000000000000000e+02,6.270000000000000000e+02,7.120000000000000000e+02,6.320000000000000000e+02,9.800000000000000000e+01,-2.000000000000000000e+01,4.000000000000000000e+00
-1.000000000000000000e+00,1.600000000000000000e+01,1.600000000000000000e+01,7.520000000000000000e+02,6.270000000000000000e+02,7.280000000000000000e+02,6.320000000000000000e+02,9.600000000000000000e+01,-2.000000000000000000e+01,4.000000000000000000e+00
-1.000000000000000000e+00,1.600000000000000000e+01,8.000000000000000000e+00,7.680000000000000000e+02,6.190000000000000000e+02,7.440000000000000000e+02,6.280000000000000000e+02,9.600000000000000000e+01,-3.800000000000000000e+01,4.000000000000000000e+00
-1.000000000000000000e+00,1.600000000000000000e+01,8.000000000000000000e+00,7.690000000000000000e+02,6.230000000000000000e+02,7.440000000000000000e+02,6.360000000000000000e+02,1.000000000000000000e+02,-5.500000000000000000e+01,4.000000000000000000e+00
-1.000000000000000000e+00,1.600000000000000000e+01,1.600000000000000000e+01,7.830000000000000000e+02,6.270000000000000000e+02,7.600000000000000000e+02,6.320000000000000000e+02,9.200000000000000000e+01,-2.000000000000000000e+01,4.000000000000000000e+00
-1.000000000000000000e+00,1.600000000000000000e+01,1.600000000000000000e+01,7.990000000000000000e+02,6.270000000000000000e+02,7.760000000000000000e+02,6.320000000000000000e+02,9.300000000000000000e+01,-2.000000000000000000e+01,4.000000000000000000e+00
-1.000000000000000000e+00,1.600000000000000000e+01,1.600000000000000000e+01,8.150000000000000000e+02,6.380000000000000000e+02,7.920000000000000000e+02,6.320000000000000000e+02,9.300000000000000000e+01,2.700000000000000000e+01,4.000000000000000000e+00
-1.000000000000000000e+00,1.600000000000000000e+01,1.600000000000000000e+01,8.310000000000000000e+02,6.320000000000000000e+02,8.080000000000000000e+02,6.320000000000000000e+02,9.300000000000000000e+01,0.000000000000000000e+00,4.000000000000000000e+00
-1.000000000000000000e+00,1.600000000000000000e+01,1.600000000000000000e+01,8.470000000000000000e+02,6.320000000000000000e+02,8.240000000000000000e+02,6.320000000000000000e+02,9.300000000000000000e+01,0.000000000000000000e+00,4.000000000000000000e+00
-1.000000000000000000e+00,1.600000000000000000e+01,1.600000000000000000e+01,8.780000000000000000e+02,6.320000000000000000e+02,8.560000000000000000e+02,6.320000000000000000e+02,9.100000000000000000e+01,0.000000000000000000e+00,4.000000000000000000e+00
-1.000000000000000000e+00,1.600000000000000000e+01,1.600000000000000000e+01,8.880000000000000000e+02,6.320000000000000000e+02,8.880000000000000000e+02,6.320000000000000000e+02,0.000000000000000000e+00,0.000000000000000000e+00,4.000000000000000000e+00
-1.000000000000000000e+00,1.600000000000000000e+01,1.600000000000000000e+01,9.250000000000000000e+02,6.320000000000000000e+02,9.040000000000000000e+02,6.320000000000000000e+02,8.400000000000000000e+01,2.000000000000000000e+00,4.000000000000000000e+00
-1.000000000000000000e+00,1.600000000000000000e+01,1.600000000000000000e+01,9.420000000000000000e+02,6.290000000000000000e+02,9.200000000000000000e+02,6.320000000000000000e+02,8.900000000000000000e+01,-1.200000000000000000e+01,4.000000000000000000e+00
-1.000000000000000000e+00,1.600000000000000000e+01,8.000000000000000000e+00,9.600000000000000000e+02,6.280000000000000000e+02,9.360000000000000000e+02,6.280000000000000000e+02,9.900000000000000000e+01,-3.000000000000000000e+00,4.000000000000000000e+00
-1.000000000000000000e+00,1.600000000000000000e+01,8.000000000000000000e+00,9.580000000000000000e+02,6.330000000000000000e+02,9.360000000000000000e+02,6.360000000000000000e+02,9.100000000000000000e+01,-1.200000000000000000e+01,4.000000000000000000e+00
-1.000000000000000000e+00,1.600000000000000000e+01,1.600000000000000000e+01,9.780000000000000000e+02,6.320000000000000000e+02,9.520000000000000000e+02,6.320000000000000000e+02,1.050000000000000000e+02,0.000000000000000000e+00,4.000000000000000000e+00
-1.000000000000000000e+00,1.600000000000000000e+01,1.600000000000000000e+01,1.024000000000000000e+03,6.320000000000000000e+02,1.000000000000000000e+03,6.320000000000000000e+02,9.700000000000000000e+01,0.000000000000000000e+00,4.000000000000000000e+00
-1.000000000000000000e+00,1.600000000000000000e+01,1.600000000000000000e+01,1.041000000000000000e+03,6.320000000000000000e+02,1.016000000000000000e+03,6.320000000000000000e+02,1.020000000000000000e+02,0.000000000000000000e+00,4.000000000000000000e+00
-1.000000000000000000e+00,1.600000000000000000e+01,1.600000000000000000e+01,1.064000000000000000e+03,6.320000000000000000e+02,1.064000000000000000e+03,6.320000000000000000e+02,0.000000000000000000e+00,0.000000000000000000e+00,4.000000000000000000e+00
-1.000000000000000000e+00,1.600000000000000000e+01,1.600000000000000000e+01,1.096000000000000000e+03,6.320000000000000000e+02,1.096000000000000000e+03,6.320000000000000000e+02,0.000000000000000000e+00,0.000000000000000000e+00,4.000000000000000000e+00
-1.000000000000000000e+00,1.600000000000000000e+01,1.600000000000000000e+01,1.144000000000000000e+03,6.320000000000000000e+02,1.144000000000000000e+03,6.320000000000000000e+02,0.000000000000000000e+00,0.000000000000000000e+00,4.000000000000000000e+00
-1.000000000000000000e+00,1.600000000000000000e+01,1.600000000000000000e+01,1.160000000000000000e+03,6.160000000000000000e+02,1.160000000000000000e+03,6.320000000000000000e+02,0.000000000000000000e+00,-6.400000000000000000e+01,4.000000000000000000e+00
-1.000000000000000000e+00,1.600000000000000000e+01,1.600000000000000000e+01,1.192000000000000000e+03,6.320000000000000000e+02,1.192000000000000000e+03,6.320000000000000000e+02,0.000000000000000000e+00,0.000000000000000000e+00,4.000000000000000000e+00
-1.000000000000000000e+00,1.600000000000000000e+01,1.600000000000000000e+01,1.208000000000000000e+03,6.320000000000000000e+02,1.208000000000000000e+03,6.320000000000000000e+02,0.000000000000000000e+00,0.000000000000000000e+00,4.000000000000000000e+00
-1.000000000000000000e+00,1.600000000000000000e+01,1.600000000000000000e+01,1.224000000000000000e+03,6.320000000000000000e+02,1.224000000000000000e+03,6.320000000000000000e+02,0.000000000000000000e+00,0.000000000000000000e+00,4.000000000000000000e+00
-1.000000000000000000e+00,1.600000000000000000e+01,1.600000000000000000e+01,1.240000000000000000e+03,6.320000000000000000e+02,1.240000000000000000e+03,6.320000000000000000e+02,0.000000000000000000e+00,0.000000000000000000e+00,4.000000000000000000e+00
-1.000000000000000000e+00,1.600000000000000000e+01,1.600000000000000000e+01,1.256000000000000000e+03,6.320000000000000000e+02,1.256000000000000000e+03,6.320000000000000000e+02,0.000000000000000000e+00,0.000000000000000000e+00,4.000000000000000000e+00
-1.000000000000000000e+00,1.600000000000000000e+01,1.600000000000000000e+01,1.272000000000000000e+03,6.320000000000000000e+02,1.272000000000000000e+03,6.320000000000000000e+02,0.000000000000000000e+00,0.000000000000000000e+00,4.000000000000000000e+00
-1.000000000000000000e+00,1.600000000000000000e+01,1.600000000000000000e+01,3.900000000000000000e+01,6.480000000000000000e+02,8.000000000000000000e+00,6.480000000000000000e+02,1.260000000000000000e+02,0.000000000000000000e+00,4.000000000000000000e+00
-1.000000000000000000e+00,1.600000000000000000e+01,1.600000000000000000e+01,5.600000000000000000e+01,6.480000000000000000e+02,5.600000000000000000e+01,6.480000000000000000e+02,0.000000000000000000e+00,0.000000000000000000e+00,4.000000000000000000e+00
-1.000000000000000000e+00,1.600000000000000000e+01,1.600000000000000000e+01,7.200000000000000000e+01,6.480000000000000000e+02,7.200000000000000000e+01,6.480000000000000000e+02,0.000000000000000000e+00,0.000000000000000000e+00,4.000000000000000000e+00
-1.000000000000000000e+00,1.600000000000000000e+01,1.600000000000000000e+01,8.800000000000000000e+01,6.480000000000000000e+02,8.800000000000000000e+01,6.480000000000000000e+02,0.000000000000000000e+00,0.000000000000000000e+00,4.000000000000000000e+00
-1.000000000000000000e+00,1.600000000000000000e+01,1.600000000000000000e+01,1.040000000000000000e+02,6.480000000000000000e+02,1.040000000000000000e+02,6.480000000000000000e+02,0.000000000000000000e+00,0.000000000000000000e+00,4.000000000000000000e+00
-1.000000000000000000e+00,1.600000000000000000e+01,1.600000000000000000e+01,1.200000000000000000e+02,6.480000000000000000e+02,1.200000000000000000e+02,6.480000000000000000e+02,0.000000000000000000e+00,0.000000000000000000e+00,4.000000000000000000e+00
-1.000000000000000000e+00,1.600000000000000000e+01,1.600000000000000000e+01,1.360000000000000000e+02,6.480000000000000000e+02,1.360000000000000000e+02,6.480000000000000000e+02,0.000000000000000000e+00,0.000000000000000000e+00,4.000000000000000000e+00
-1.000000000000000000e+00,1.600000000000000000e+01,1.600000000000000000e+01,1.520000000000000000e+02,6.480000000000000000e+02,1.520000000000000000e+02,6.480000000000000000e+02,0.000000000000000000e+00,0.000000000000000000e+00,4.000000000000000000e+00
-1.000000000000000000e+00,1.600000000000000000e+01,1.600000000000000000e+01,1.680000000000000000e+02,6.480000000000000000e+02,1.680000000000000000e+02,6.480000000000000000e+02,0.000000000000000000e+00,0.000000000000000000e+00,4.000000000000000000e+00
-1.000000000000000000e+00,1.600000000000000000e+01,1.600000000000000000e+01,1.840000000000000000e+02,6.480000000000000000e+02,1.840000000000000000e+02,6.480000000000000000e+02,0.000000000000000000e+00,0.000000000000000000e+00,4.000000000000000000e+00
-1.000000000000000000e+00,1.600000000000000000e+01,1.600000000000000000e+01,2.000000000000000000e+02,6.480000000000000000e+02,2.000000000000000000e+02,6.480000000000000000e+02,0.000000000000000000e+00,0.000000000000000000e+00,4.000000000000000000e+00
-1.000000000000000000e+00,1.600000000000000000e+01,1.600000000000000000e+01,2.160000000000000000e+02,6.480000000000000000e+02,2.160000000000000000e+02,6.480000000000000000e+02,0.000000000000000000e+00,0.000000000000000000e+00,4.000000000000000000e+00
-1.000000000000000000e+00,1.600000000000000000e+01,1.600000000000000000e+01,2.320000000000000000e+02,6.480000000000000000e+02,2.320000000000000000e+02,6.480000000000000000e+02,0.000000000000000000e+00,0.000000000000000000e+00,4.000000000000000000e+00
-1.000000000000000000e+00,1.600000000000000000e+01,1.600000000000000000e+01,2.480000000000000000e+02,6.480000000000000000e+02,2.480000000000000000e+02,6.480000000000000000e+02,0.000000000000000000e+00,0.000000000000000000e+00,4.000000000000000000e+00
-1.000000000000000000e+00,1.600000000000000000e+01,1.600000000000000000e+01,2.640000000000000000e+02,6.480000000000000000e+02,2.640000000000000000e+02,6.480000000000000000e+02,0.000000000000000000e+00,0.000000000000000000e+00,4.000000000000000000e+00
-1.000000000000000000e+00,1.600000000000000000e+01,1.600000000000000000e+01,2.800000000000000000e+02,6.480000000000000000e+02,2.800000000000000000e+02,6.480000000000000000e+02,0.000000000000000000e+00,0.000000000000000000e+00,4.000000000000000000e+00
-1.000000000000000000e+00,1.600000000000000000e+01,1.600000000000000000e+01,2.960000000000000000e+02,6.480000000000000000e+02,2.960000000000000000e+02,6.480000000000000000e+02,0.000000000000000000e+00,0.000000000000000000e+00,4.000000000000000000e+00
-1.000000000000000000e+00,1.600000000000000000e+01,1.600000000000000000e+01,3.120000000000000000e+02,6.480000000000000000e+02,3.120000000000000000e+02,6.480000000000000000e+02,0.000000000000000000e+00,0.000000000000000000e+00,4.000000000000000000e+00
-1.000000000000000000e+00,1.600000000000000000e+01,1.600000000000000000e+01,3.700000000000000000e+02,6.480000000000000000e+02,3.280000000000000000e+02,6.480000000000000000e+02,1.690000000000000000e+02,0.000000000000000000e+00,4.000000000000000000e+00
-1.000000000000000000e+00,1.600000000000000000e+01,1.600000000000000000e+01,3.780000000000000000e+02,6.440000000000000000e+02,3.440000000000000000e+02,6.480000000000000000e+02,1.390000000000000000e+02,-1.600000000000000000e+01,4.000000000000000000e+00
-1.000000000000000000e+00,1.600000000000000000e+01,1.600000000000000000e+01,3.930000000000000000e+02,6.440000000000000000e+02,3.600000000000000000e+02,6.480000000000000000e+02,1.320000000000000000e+02,-1.600000000000000000e+01,4.000000000000000000e+00
-1.000000000000000000e+00,1.600000000000000000e+01,8.000000000000000000e+00,4.100000000000000000e+02,6.400000000000000000e+02,3.760000000000000000e+02,6.440000000000000000e+02,1.360000000000000000e+02,-1.600000000000000000e+01,4.000000000000000000e+00
-1.000000000000000000e+00,1.600000000000000000e+01,8.000000000000000000e+00,4.060000000000000000e+02,6.450000000000000000e+02,3.760000000000000000e+02,6.520000000000000000e+02,1.230000000000000000e+02,-3.000000000000000000e+01,4.000000000000000000e+00
-1.000000000000000000e+00,1.600000000000000000e+01,1.600000000000000000e+01,4.400000000000000000e+02,6.480000000000000000e+02,4.400000000000000000e+02,6.480000000000000000e+02,0.000000000000000000e+00,0.000000000000000000e+00,4.000000000000000000e+00
-1.000000000000000000e+00,1.600000000000000000e+01,1.600000000000000000e+01,4.560000000000000000e+02,6.480000000000000000e+02,4.560000000000000000e+02,6.480000000000000000e+02,0.000000000000000000e+00,0.000000000000000000e+00,4.000000000000000000e+00
-1.000000000000000000e+00,1.600000000000000000e+01,1.600000000000000000e+01,5.360000000000000000e+02,6.480000000000000000e+02,5.360000000000000000e+02,6.480000000000000000e+02,0.000000000000000000e+00,0.000000000000000000e+00,4.000000000000000000e+00
-1.000000000000000000e+00,1.600000000000000000e+01,1.600000000000000000e+01,5.680000000000000000e+02,6.480000000000000000e+02,5.680000000000000000e+02,6.480000000000000000e+02,0.000000000000000000e+00,0.000000000000000000e+00,4.000000000000000000e+00
-1.000000000000000000e+00,1.600000000000000000e+01,1.600000000000000000e+01,5.920000000000000000e+02,6.480000000000000000e+02,6.000000000000000000e+02,6.480000000000000000e+02,-3.200000000000000000e+01,-1.000000000000000000e+00,4.000000000000000000e+00
-1.000000000000000000e+00,1.600000000000000000e+01,1.600000000000000000e+01,6.070000000000000000e+02,6.480000000000000000e+02,6.160000000000000000e+02,6.480000000000000000e+02,-3.600000000000000000e+01,0.000000000000000000e+00,4.000000000000000000e+00
-1.000000000000000000e+00,1.600000000000000000e+01,1.600000000000000000e+01,6.230000000000000000e+02,6.480000000000000000e+02,6.320000000000000000e+02,6.480000000000000000e+02,-3.600000000000000000e+01,0.000000000000000000e+00,4.000000000000000000e+00
-1.000000000000000000e+00,1.600000000000000000e+01,1.600000000000000000e+01,6.390000000000000000e+02,6.420000000000000000e+02,6.480000000000000000e+02,6.480000000000000000e+02,-3.600000000000000000e+01,-2.400000000000000000e+01,4.000000000000000000e+00
-1.000000000000000000e+00,1.600000000000000000e+01,1.600000000000000000e+01,6.880000000000000000e+02,6.420000000000000000e+02,6.640000000000000000e+02,6.480000000000000000e+02,9.700000000000000000e+01,-2.400000000000000000e+01,4.000000000000000000e+00
-1.000000000000000000e+00,1.600000000000000000e+01,1.600000000000000000e+01,7.050000000000000000e+02,6.420000000000000000e+02,6.800000000000000000e+02,6.480000000000000000e+02,1.000000000000000000e+02,-2.400000000000000000e+01,4.000000000000000000e+00
-1.000000000000000000e+00,1.600000000000000000e+01,1.600000000000000000e+01,7.210000000000000000e+02,6.420000000000000000e+02,6.960000000000000000e+02,6.480000000000000000e+02,1.000000000000000000e+02,-2.400000000000000000e+01,4.000000000000000000e+00
-1.000000000000000000e+00,1.600000000000000000e+01,1.600000000000000000e+01,7.690000000000000000e+02,6.420000000000000000e+02,7.440000000000000000e+02,6.480000000000000000e+02,1.000000000000000000e+02,-2.500000000000000000e+01,4.000000000000000000e+00
-1.000000000000000000e+00,1.600000000000000000e+01,1.600000000000000000e+01,7.830000000000000000e+02,6.430000000000000000e+02,7.600000000000000000e+02,6.480000000000000000e+02,9.200000000000000000e+01,-2.000000000000000000e+01,4.000000000000000000e+00
-1.000000000000000000e+00,1.600000000000000000e+01,1.600000000000000000e+01,7.990000000000000000e+02,6.430000000000000000e+02,7.760000000000000000e+02,6.480000000000000000e+02,9.500000000000000000e+01,-2.000000000000000000e+01,4.000000000000000000e+00
-1.000000000000000000e+00,1.600000000000000000e+01,1.600000000000000000e+01,8.470000000000000000e+02,6.480000000000000000e+02,8.240000000000000000e+02,6.480000000000000000e+02,9.300000000000000000e+01,0.000000000000000000e+00,4.000000000000000000e+00
-1.000000000000000000e+00,1.600000000000000000e+01,1.600000000000000000e+01,9.250000000000000000e+02,6.480000000000000000e+02,9.040000000000000000e+02,6.480000000000000000e+02,8.400000000000000000e+01,0.000000000000000000e+00,4.000000000000000000e+00
-1.000000000000000000e+00,1.600000000000000000e+01,1.600000000000000000e+01,9.420000000000000000e+02,6.450000000000000000e+02,9.200000000000000000e+02,6.480000000000000000e+02,8.900000000000000000e+01,-1.200000000000000000e+01,4.000000000000000000e+00
-1.000000000000000000e+00,1.600000000000000000e+01,1.600000000000000000e+01,9.580000000000000000e+02,6.470000000000000000e+02,9.360000000000000000e+02,6.480000000000000000e+02,9.100000000000000000e+01,-7.000000000000000000e+00,4.000000000000000000e+00
-1.000000000000000000e+00,1.600000000000000000e+01,1.600000000000000000e+01,9.740000000000000000e+02,6.450000000000000000e+02,9.520000000000000000e+02,6.480000000000000000e+02,9.100000000000000000e+01,-1.300000000000000000e+01,4.000000000000000000e+00
-1.000000000000000000e+00,1.600000000000000000e+01,1.600000000000000000e+01,9.910000000000000000e+02,6.450000000000000000e+02,9.680000000000000000e+02,6.480000000000000000e+02,9.500000000000000000e+01,-1.300000000000000000e+01,4.000000000000000000e+00
-1.000000000000000000e+00,1.600000000000000000e+01,1.600000000000000000e+01,1.041000000000000000e+03,6.480000000000000000e+02,1.016000000000000000e+03,6.480000000000000000e+02,1.000000000000000000e+02,1.000000000000000000e+00,4.000000000000000000e+00
-1.000000000000000000e+00,1.600000000000000000e+01,1.600000000000000000e+01,1.057000000000000000e+03,6.480000000000000000e+02,1.032000000000000000e+03,6.480000000000000000e+02,1.020000000000000000e+02,1.000000000000000000e+00,4.000000000000000000e+00
-1.000000000000000000e+00,1.600000000000000000e+01,1.600000000000000000e+01,1.113000000000000000e+03,6.480000000000000000e+02,1.048000000000000000e+03,6.480000000000000000e+02,2.600000000000000000e+02,0.000000000000000000e+00,4.000000000000000000e+00
-1.000000000000000000e+00,1.600000000000000000e+01,1.600000000000000000e+01,1.128000000000000000e+03,6.480000000000000000e+02,1.064000000000000000e+03,6.480000000000000000e+02,2.560000000000000000e+02,0.000000000000000000e+00,4.000000000000000000e+00
-1.000000000000000000e+00,1.600000000000000000e+01,1.600000000000000000e+01,1.080000000000000000e+03,6.480000000000000000e+02,1.080000000000000000e+03,6.480000000000000000e+02,0.000000000000000000e+00,0.000000000000000000e+00,4.000000000000000000e+00
-1.000000000000000000e+00,1.600000000000000000e+01,1.600000000000000000e+01,1.096000000000000000e+03,6.480000000000000000e+02,1.096000000000000000e+03,6.480000000000000000e+02,0.000000000000000000e+00,0.000000000000000000e+00,4.000000000000000000e+00
-1.000000000000000000e+00,1.600000000000000000e+01,1.600000000000000000e+01,1.138000000000000000e+03,6.480000000000000000e+02,1.112000000000000000e+03,6.480000000000000000e+02,1.040000000000000000e+02,0.000000000000000000e+00,4.000000000000000000e+00
-1.000000000000000000e+00,1.600000000000000000e+01,1.600000000000000000e+01,1.144000000000000000e+03,6.480000000000000000e+02,1.144000000000000000e+03,6.480000000000000000e+02,0.000000000000000000e+00,0.000000000000000000e+00,4.000000000000000000e+00
-1.000000000000000000e+00,1.600000000000000000e+01,1.600000000000000000e+01,1.160000000000000000e+03,6.480000000000000000e+02,1.160000000000000000e+03,6.480000000000000000e+02,0.000000000000000000e+00,0.000000000000000000e+00,4.000000000000000000e+00
-1.000000000000000000e+00,1.600000000000000000e+01,1.600000000000000000e+01,1.176000000000000000e+03,6.480000000000000000e+02,1.176000000000000000e+03,6.480000000000000000e+02,0.000000000000000000e+00,0.000000000000000000e+00,4.000000000000000000e+00
-1.000000000000000000e+00,1.600000000000000000e+01,1.600000000000000000e+01,1.192000000000000000e+03,6.480000000000000000e+02,1.192000000000000000e+03,6.480000000000000000e+02,0.000000000000000000e+00,0.000000000000000000e+00,4.000000000000000000e+00
-1.000000000000000000e+00,1.600000000000000000e+01,1.600000000000000000e+01,1.208000000000000000e+03,6.480000000000000000e+02,1.208000000000000000e+03,6.480000000000000000e+02,0.000000000000000000e+00,0.000000000000000000e+00,4.000000000000000000e+00
-1.000000000000000000e+00,1.600000000000000000e+01,1.600000000000000000e+01,1.224000000000000000e+03,6.480000000000000000e+02,1.224000000000000000e+03,6.480000000000000000e+02,0.000000000000000000e+00,0.000000000000000000e+00,4.000000000000000000e+00
-1.000000000000000000e+00,1.600000000000000000e+01,1.600000000000000000e+01,1.240000000000000000e+03,6.480000000000000000e+02,1.240000000000000000e+03,6.480000000000000000e+02,0.000000000000000000e+00,0.000000000000000000e+00,4.000000000000000000e+00
-1.000000000000000000e+00,1.600000000000000000e+01,1.600000000000000000e+01,1.256000000000000000e+03,6.480000000000000000e+02,1.256000000000000000e+03,6.480000000000000000e+02,0.000000000000000000e+00,0.000000000000000000e+00,4.000000000000000000e+00
-1.000000000000000000e+00,1.600000000000000000e+01,1.600000000000000000e+01,1.272000000000000000e+03,6.480000000000000000e+02,1.272000000000000000e+03,6.480000000000000000e+02,0.000000000000000000e+00,0.000000000000000000e+00,4.000000000000000000e+00
-1.000000000000000000e+00,1.600000000000000000e+01,1.600000000000000000e+01,2.400000000000000000e+01,6.640000000000000000e+02,8.000000000000000000e+00,6.640000000000000000e+02,6.400000000000000000e+01,0.000000000000000000e+00,4.000000000000000000e+00
-1.000000000000000000e+00,1.600000000000000000e+01,1.600000000000000000e+01,1.140000000000000000e+02,6.640000000000000000e+02,7.200000000000000000e+01,6.640000000000000000e+02,1.700000000000000000e+02,0.000000000000000000e+00,4.000000000000000000e+00
-1.000000000000000000e+00,1.600000000000000000e+01,1.600000000000000000e+01,1.200000000000000000e+02,6.640000000000000000e+02,1.200000000000000000e+02,6.640000000000000000e+02,0.000000000000000000e+00,0.000000000000000000e+00,4.000000000000000000e+00
-1.000000000000000000e+00,1.600000000000000000e+01,1.600000000000000000e+01,2.320000000000000000e+02,6.640000000000000000e+02,2.320000000000000000e+02,6.640000000000000000e+02,0.000000000000000000e+00,0.000000000000000000e+00,4.000000000000000000e+00
-1.000000000000000000e+00,1.600000000000000000e+01,1.600000000000000000e+01,2.480000000000000000e+02,6.640000000000000000e+02,2.480000000000000000e+02,6.640000000000000000e+02,0.000000000000000000e+00,0.000000000000000000e+00,4.000000000000000000e+00
-1.000000000000000000e+00,1.600000000000000000e+01,1.600000000000000000e+01,2.790000000000000000e+02,6.640000000000000000e+02,2.640000000000000000e+02,6.640000000000000000e+02,6.200000000000000000e+01,0.000000000000000000e+00,4.000000000000000000e+00
-1.000000000000000000e+00,1.600000000000000000e+01,1.600000000000000000e+01,2.800000000000000000e+02,6.640000000000000000e+02,2.800000000000000000e+02,6.640000000000000000e+02,0.000000000000000000e+00,0.000000000000000000e+00,4.000000000000000000e+00
-1.000000000000000000e+00,1.600000000000000000e+01,1.600000000000000000e+01,3.040000000000000000e+02,6.640000000000000000e+02,2.960000000000000000e+02,6.640000000000000000e+02,3.200000000000000000e+01,0.000000000000000000e+00,4.000000000000000000e+00
-1.000000000000000000e+00,1.600000000000000000e+01,1.600000000000000000e+01,3.120000000000000000e+02,6.640000000000000000e+02,3.120000000000000000e+02,6.640000000000000000e+02,0.000000000000000000e+00,0.000000000000000000e+00,4.000000000000000000e+00
-1.000000000000000000e+00,1.600000000000000000e+01,1.600000000000000000e+01,3.680000000000000000e+02,6.630000000000000000e+02,3.280000000000000000e+02,6.640000000000000000e+02,1.630000000000000000e+02,-5.000000000000000000e+00,4.000000000000000000e+00
-1.000000000000000000e+00,1.600000000000000000e+01,8.000000000000000000e+00,3.780000000000000000e+02,6.550000000000000000e+02,3.440000000000000000e+02,6.600000000000000000e+02,1.390000000000000000e+02,-2.000000000000000000e+01,4.000000000000000000e+00
-1.000000000000000000e+00,1.600000000000000000e+01,8.000000000000000000e+00,3.840000000000000000e+02,6.670000000000000000e+02,3.440000000000000000e+02,6.680000000000000000e+02,1.630000000000000000e+02,-5.000000000000000000e+00,4.000000000000000000e+00
-1.000000000000000000e+00,1.600000000000000000e+01,1.600000000000000000e+01,3.900000000000000000e+02,6.570000000000000000e+02,3.600000000000000000e+02,6.640000000000000000e+02,1.220000000000000000e+02,-3.100000000000000000e+01,4.000000000000000000e+00
-1.000000000000000000e+00,1.600000000000000000e+01,8.000000000000000000e+00,4.060000000000000000e+02,6.530000000000000000e+02,3.760000000000000000e+02,6.600000000000000000e+02,1.230000000000000000e+02,-3.000000000000000000e+01,4.000000000000000000e+00
-1.000000000000000000e+00,1.600000000000000000e+01,8.000000000000000000e+00,4.060000000000000000e+02,6.610000000000000000e+02,3.760000000000000000e+02,6.680000000000000000e+02,1.220000000000000000e+02,-2.800000000000000000e+01,4.000000000000000000e+00
-1.000000000000000000e+00,1.600000000000000000e+01,1.600000000000000000e+01,4.220000000000000000e+02,6.570000000000000000e+02,3.920000000000000000e+02,6.640000000000000000e+02,1.230000000000000000e+02,-3.000000000000000000e+01,4.000000000000000000e+00
-1.000000000000000000e+00,1.600000000000000000e+01,1.600000000000000000e+01,4.380000000000000000e+02,6.580000000000000000e+02,4.080000000000000000e+02,6.640000000000000000e+02,1.230000000000000000e+02,-2.600000000000000000e+01,4.000000000000000000e+00
-1.000000000000000000e+00,1.600000000000000000e+01,1.600000000000000000e+01,4.560000000000000000e+02,6.620000000000000000e+02,4.400000000000000000e+02,6.640000000000000000e+02,6.400000000000000000e+01,-1.100000000000000000e+01,4.000000000000000000e+00
-1.000000000000000000e+00,1.600000000000000000e+01,1.600000000000000000e+01,4.560000000000000000e+02,6.640000000000000000e+02,4.560000000000000000e+02,6.640000000000000000e+02,0.000000000000000000e+00,0.000000000000000000e+00,4.000000000000000000e+00
-1.000000000000000000e+00,1.600000000000000000e+01,1.600000000000000000e+01,4.880000000000000000e+02,6.640000000000000000e+02,4.880000000000000000e+02,6.640000000000000000e+02,0.000000000000000000e+00,0.000000000000000000e+00,4.000000000000000000e+00
-1.000000000000000000e+00,1.600000000000000000e+01,1.600000000000000000e+01,5.200000000000000000e+02,6.640000000000000000e+02,5.200000000000000000e+02,6.640000000000000000e+02,0.000000000000000000e+00,0.000000000000000000e+00,4.000000000000000000e+00
-1.000000000000000000e+00,1.600000000000000000e+01,1.600000000000000000e+01,5.360000000000000000e+02,6.610000000000000000e+02,5.360000000000000000e+02,6.640000000000000000e+02,0.000000000000000000e+00,-1.300000000000000000e+01,4.000000000000000000e+00
-1.000000000000000000e+00,1.600000000000000000e+01,1.600000000000000000e+01,5.520000000000000000e+02,6.640000000000000000e+02,5.520000000000000000e+02,6.640000000000000000e+02,0.000000000000000000e+00,0.000000000000000000e+00,4.000000000000000000e+00
-1.000000000000000000e+00,1.600000000000000000e+01,1.600000000000000000e+01,5.680000000000000000e+02,6.640000000000000000e+02,5.680000000000000000e+02,6.640000000000000000e+02,0.000000000000000000e+00,0.000000000000000000e+00,4.000000000000000000e+00
-1.000000000000000000e+00,1.600000000000000000e+01,1.600000000000000000e+01,5.840000000000000000e+02,6.640000000000000000e+02,5.840000000000000000e+02,6.640000000000000000e+02,0.000000000000000000e+00,0.000000000000000000e+00,4.000000000000000000e+00
-1.000000000000000000e+00,1.600000000000000000e+01,1.600000000000000000e+01,5.920000000000000000e+02,6.640000000000000000e+02,6.000000000000000000e+02,6.640000000000000000e+02,-3.200000000000000000e+01,0.000000000000000000e+00,4.000000000000000000e+00
-1.000000000000000000e+00,1.600000000000000000e+01,1.600000000000000000e+01,6.070000000000000000e+02,6.640000000000000000e+02,6.160000000000000000e+02,6.640000000000000000e+02,-3.600000000000000000e+01,0.000000000000000000e+00,4.000000000000000000e+00
-1.000000000000000000e+00,1.600000000000000000e+01,1.600000000000000000e+01,6.230000000000000000e+02,6.640000000000000000e+02,6.320000000000000000e+02,6.640000000000000000e+02,-3.600000000000000000e+01,0.000000000000000000e+00,4.000000000000000000e+00
-1.000000000000000000e+00,1.600000000000000000e+01,1.600000000000000000e+01,6.880000000000000000e+02,6.580000000000000000e+02,6.640000000000000000e+02,6.640000000000000000e+02,9.700000000000000000e+01,-2.400000000000000000e+01,4.000000000000000000e+00
-1.000000000000000000e+00,1.600000000000000000e+01,1.600000000000000000e+01,7.200000000000000000e+02,6.580000000000000000e+02,6.960000000000000000e+02,6.640000000000000000e+02,9.700000000000000000e+01,-2.400000000000000000e+01,4.000000000000000000e+00
-1.000000000000000000e+00,1.600000000000000000e+01,1.600000000000000000e+01,7.530000000000000000e+02,6.580000000000000000e+02,7.280000000000000000e+02,6.640000000000000000e+02,1.030000000000000000e+02,-2.500000000000000000e+01,4.000000000000000000e+00
-1.000000000000000000e+00,1.600000000000000000e+01,1.600000000000000000e+01,7.690000000000000000e+02,6.580000000000000000e+02,7.440000000000000000e+02,6.640000000000000000e+02,1.000000000000000000e+02,-2.500000000000000000e+01,4.000000000000000000e+00
-1.000000000000000000e+00,1.600000000000000000e+01,1.600000000000000000e+01,7.830000000000000000e+02,6.590000000000000000e+02,7.600000000000000000e+02,6.640000000000000000e+02,9.200000000000000000e+01,-2.000000000000000000e+01,4.000000000000000000e+00
-1.000000000000000000e+00,1.600000000000000000e+01,1.600000000000000000e+01,8.020000000000000000e+02,6.550000000000000000e+02,7.760000000000000000e+02,6.640000000000000000e+02,1.070000000000000000e+02,-3.900000000000000000e+01,4.000000000000000000e+00
-1.000000000000000000e+00,1.600000000000000000e+01,1.600000000000000000e+01,8.150000000000000000e+02,6.580000000000000000e+02,7.920000000000000000e+02,6.640000000000000000e+02,9.200000000000000000e+01,-2.500000000000000000e+01,4.000000000000000000e+00
-1.000000000000000000e+00,1.600000000000000000e+01,1.600000000000000000e+01,8.310000000000000000e+02,6.590000000000000000e+02,8.080000000000000000e+02,6.640000000000000000e+02,9.200000000000000000e+01,-2.200000000000000000e+01,4.000000000000000000e+00
-1.000000000000000000e+00,1.600000000000000000e+01,1.600000000000000000e+01,8.850000000000000000e+02,6.550000000000000000e+02,8.400000000000000000e+02,6.640000000000000000e+02,1.810000000000000000e+02,-3.800000000000000000e+01,4.000000000000000000e+00
-1.000000000000000000e+00,1.600000000000000000e+01,1.600000000000000000e+01,9.020000000000000000e+02,6.540000000000000000e+02,8.560000000000000000e+02,6.640000000000000000e+02,1.870000000000000000e+02,-4.100000000000000000e+01,4.000000000000000000e+00
-1.000000000000000000e+00,1.600000000000000000e+01,1.600000000000000000e+01,9.180000000000000000e+02,6.540000000000000000e+02,8.720000000000000000e+02,6.640000000000000000e+02,1.870000000000000000e+02,-4.000000000000000000e+01,4.000000000000000000e+00
-1.000000000000000000e+00,1.600000000000000000e+01,1.600000000000000000e+01,9.340000000000000000e+02,6.540000000000000000e+02,8.880000000000000000e+02,6.640000000000000000e+02,1.870000000000000000e+02,-4.000000000000000000e+01,4.000000000000000000e+00
-1.000000000000000000e+00,1.600000000000000000e+01,1.600000000000000000e+01,9.250000000000000000e+02,6.580000000000000000e+02,9.040000000000000000e+02,6.640000000000000000e+02,8.500000000000000000e+01,-2.400000000000000000e+01,4.000000000000000000e+00
-1.000000000000000000e+00,1.600000000000000000e+01,1.600000000000000000e+01,9.420000000000000000e+02,6.610000000000000000e+02,9.200000000000000000e+02,6.640000000000000000e+02,8.900000000000000000e+01,-1.200000000000000000e+01,4.000000000000000000e+00
-1.000000000000000000e+00,1.600000000000000000e+01,1.600000000000000000e+01,9.580000000000000000e+02,6.610000000000000000e+02,9.360000000000000000e+02,6.640000000000000000e+02,9.100000000000000000e+01,-1.200000000000000000e+01,4.000000000000000000e+00
-1.000000000000000000e+00,1.600000000000000000e+01,1.600000000000000000e+01,9.700000000000000000e+02,6.580000000000000000e+02,9.520000000000000000e+02,6.640000000000000000e+02,7.500000000000000000e+01,-2.700000000000000000e+01,4.000000000000000000e+00
-1.000000000000000000e+00,8.000000000000000000e+00,1.600000000000000000e+01,9.840000000000000000e+02,6.580000000000000000e+02,9.640000000000000000e+02,6.640000000000000000e+02,8.000000000000000000e+01,-2.400000000000000000e+01,4.000000000000000000e+00
-1.000000000000000000e+00,8.000000000000000000e+00,1.600000000000000000e+01,9.940000000000000000e+02,6.610000000000000000e+02,9.720000000000000000e+02,6.640000000000000000e+02,9.100000000000000000e+01,-1.300000000000000000e+01,4.000000000000000000e+00
-1.000000000000000000e+00,1.600000000000000000e+01,1.600000000000000000e+01,1.006000000000000000e+03,6.610000000000000000e+02,9.840000000000000000e+02,6.640000000000000000e+02,9.100000000000000000e+01,-1.300000000000000000e+01,4.000000000000000000e+00
-1.000000000000000000e+00,1.600000000000000000e+01,1.600000000000000000e+01,1.022000000000000000e+03,6.640000000000000000e+02,1.000000000000000000e+03,6.640000000000000000e+02,9.100000000000000000e+01,0.000000000000000000e+00,4.000000000000000000e+00
-1.000000000000000000e+00,1.600000000000000000e+01,1.600000000000000000e+01,1.039000000000000000e+03,6.640000000000000000e+02,1.016000000000000000e+03,6.640000000000000000e+02,9.500000000000000000e+01,1.000000000000000000e+00,4.000000000000000000e+00
-1.000000000000000000e+00,1.600000000000000000e+01,1.600000000000000000e+01,1.057000000000000000e+03,6.640000000000000000e+02,1.032000000000000000e+03,6.640000000000000000e+02,1.020000000000000000e+02,1.000000000000000000e+00,4.000000000000000000e+00
-1.000000000000000000e+00,1.600000000000000000e+01,1.600000000000000000e+01,1.073000000000000000e+03,6.630000000000000000e+02,1.048000000000000000e+03,6.640000000000000000e+02,1.020000000000000000e+02,-4.000000000000000000e+00,4.000000000000000000e+00
-1.000000000000000000e+00,1.600000000000000000e+01,1.600000000000000000e+01,1.089000000000000000e+03,6.640000000000000000e+02,1.064000000000000000e+03,6.640000000000000000e+02,1.020000000000000000e+02,0.000000000000000000e+00,4.000000000000000000e+00
-1.000000000000000000e+00,1.600000000000000000e+01,1.600000000000000000e+01,1.096000000000000000e+03,6.640000000000000000e+02,1.096000000000000000e+03,6.640000000000000000e+02,0.000000000000000000e+00,0.000000000000000000e+00,4.000000000000000000e+00
-1.000000000000000000e+00,1.600000000000000000e+01,1.600000000000000000e+01,1.112000000000000000e+03,6.640000000000000000e+02,1.112000000000000000e+03,6.640000000000000000e+02,0.000000000000000000e+00,0.000000000000000000e+00,4.000000000000000000e+00
-1.000000000000000000e+00,1.600000000000000000e+01,1.600000000000000000e+01,1.144000000000000000e+03,6.640000000000000000e+02,1.144000000000000000e+03,6.640000000000000000e+02,0.000000000000000000e+00,0.000000000000000000e+00,4.000000000000000000e+00
-1.000000000000000000e+00,1.600000000000000000e+01,1.600000000000000000e+01,1.176000000000000000e+03,6.640000000000000000e+02,1.176000000000000000e+03,6.640000000000000000e+02,0.000000000000000000e+00,0.000000000000000000e+00,4.000000000000000000e+00
-1.000000000000000000e+00,1.600000000000000000e+01,1.600000000000000000e+01,1.192000000000000000e+03,6.640000000000000000e+02,1.192000000000000000e+03,6.640000000000000000e+02,0.000000000000000000e+00,0.000000000000000000e+00,4.000000000000000000e+00
-1.000000000000000000e+00,1.600000000000000000e+01,1.600000000000000000e+01,1.208000000000000000e+03,6.640000000000000000e+02,1.208000000000000000e+03,6.640000000000000000e+02,0.000000000000000000e+00,0.000000000000000000e+00,4.000000000000000000e+00
-1.000000000000000000e+00,1.600000000000000000e+01,1.600000000000000000e+01,1.224000000000000000e+03,6.640000000000000000e+02,1.224000000000000000e+03,6.640000000000000000e+02,0.000000000000000000e+00,0.000000000000000000e+00,4.000000000000000000e+00
-1.000000000000000000e+00,1.600000000000000000e+01,1.600000000000000000e+01,1.240000000000000000e+03,6.640000000000000000e+02,1.240000000000000000e+03,6.640000000000000000e+02,0.000000000000000000e+00,0.000000000000000000e+00,4.000000000000000000e+00
-1.000000000000000000e+00,1.600000000000000000e+01,1.600000000000000000e+01,1.272000000000000000e+03,6.640000000000000000e+02,1.272000000000000000e+03,6.640000000000000000e+02,0.000000000000000000e+00,0.000000000000000000e+00,4.000000000000000000e+00
-1.000000000000000000e+00,1.600000000000000000e+01,1.600000000000000000e+01,2.500000000000000000e+01,6.770000000000000000e+02,8.000000000000000000e+00,6.800000000000000000e+02,6.900000000000000000e+01,-1.300000000000000000e+01,4.000000000000000000e+00
-1.000000000000000000e+00,1.600000000000000000e+01,1.600000000000000000e+01,6.300000000000000000e+01,6.700000000000000000e+02,2.400000000000000000e+01,6.800000000000000000e+02,1.590000000000000000e+02,-4.300000000000000000e+01,4.000000000000000000e+00
-1.000000000000000000e+00,1.600000000000000000e+01,1.600000000000000000e+01,1.140000000000000000e+02,6.710000000000000000e+02,7.200000000000000000e+01,6.800000000000000000e+02,1.700000000000000000e+02,-3.900000000000000000e+01,4.000000000000000000e+00
-1.000000000000000000e+00,1.600000000000000000e+01,1.600000000000000000e+01,2.450000000000000000e+02,6.800000000000000000e+02,2.160000000000000000e+02,6.800000000000000000e+02,1.160000000000000000e+02,0.000000000000000000e+00,4.000000000000000000e+00
-1.000000000000000000e+00,1.600000000000000000e+01,1.600000000000000000e+01,2.480000000000000000e+02,6.800000000000000000e+02,2.480000000000000000e+02,6.800000000000000000e+02,0.000000000000000000e+00,0.000000000000000000e+00,4.000000000000000000e+00
-1.000000000000000000e+00,1.600000000000000000e+01,1.600000000000000000e+01,3.120000000000000000e+02,6.800000000000000000e+02,3.120000000000000000e+02,6.800000000000000000e+02,0.000000000000000000e+00,0.000000000000000000e+00,4.000000000000000000e+00
-1.000000000000000000e+00,1.600000000000000000e+01,1.600000000000000000e+01,3.840000000000000000e+02,6.790000000000000000e+02,3.440000000000000000e+02,6.800000000000000000e+02,1.630000000000000000e+02,-5.000000000000000000e+00,4.000000000000000000e+00
-1.000000000000000000e+00,1.600000000000000000e+01,1.600000000000000000e+01,3.900000000000000000e+02,6.720000000000000000e+02,3.600000000000000000e+02,6.800000000000000000e+02,1.220000000000000000e+02,-3.200000000000000000e+01,4.000000000000000000e+00
-1.000000000000000000e+00,1.600000000000000000e+01,1.600000000000000000e+01,4.060000000000000000e+02,6.730000000000000000e+02,3.760000000000000000e+02,6.800000000000000000e+02,1.220000000000000000e+02,-3.000000000000000000e+01,4.000000000000000000e+00
-1.000000000000000000e+00,1.600000000000000000e+01,1.600000000000000000e+01,4.220000000000000000e+02,6.730000000000000000e+02,3.920000000000000000e+02,6.800000000000000000e+02,1.200000000000000000e+02,-3.000000000000000000e+01,4.000000000000000000e+00
-1.000000000000000000e+00,1.600000000000000000e+01,1.600000000000000000e+01,4.360000000000000000e+02,6.720000000000000000e+02,4.080000000000000000e+02,6.800000000000000000e+02,1.140000000000000000e+02,-3.300000000000000000e+01,4.000000000000000000e+00
-1.000000000000000000e+00,1.600000000000000000e+01,1.600000000000000000e+01,4.520000000000000000e+02,6.720000000000000000e+02,4.240000000000000000e+02,6.800000000000000000e+02,1.130000000000000000e+02,-3.300000000000000000e+01,4.000000000000000000e+00
-1.000000000000000000e+00,1.600000000000000000e+01,1.600000000000000000e+01,4.880000000000000000e+02,6.630000000000000000e+02,4.560000000000000000e+02,6.800000000000000000e+02,1.280000000000000000e+02,-6.800000000000000000e+01,4.000000000000000000e+00
-1.000000000000000000e+00,1.600000000000000000e+01,1.600000000000000000e+01,5.040000000000000000e+02,6.800000000000000000e+02,5.040000000000000000e+02,6.800000000000000000e+02,0.000000000000000000e+00,0.000000000000000000e+00,4.000000000000000000e+00
-1.000000000000000000e+00,1.600000000000000000e+01,1.600000000000000000e+01,5.200000000000000000e+02,6.690000000000000000e+02,5.200000000000000000e+02,6.800000000000000000e+02,-1.000000000000000000e+00,-4.400000000000000000e+01,4.000000000000000000e+00
-1.000000000000000000e+00,1.600000000000000000e+01,1.600000000000000000e+01,5.520000000000000000e+02,6.800000000000000000e+02,5.520000000000000000e+02,6.800000000000000000e+02,0.000000000000000000e+00,0.000000000000000000e+00,4.000000000000000000e+00
-1.000000000000000000e+00,1.600000000000000000e+01,1.600000000000000000e+01,6.880000000000000000e+02,6.740000000000000000e+02,6.640000000000000000e+02,6.800000000000000000e+02,9.700000000000000000e+01,-2.400000000000000000e+01,4.000000000000000000e+00
-1.000000000000000000e+00,8.000000000000000000e+00,8.000000000000000000e+00,7.010000000000000000e+02,6.700000000000000000e+02,6.760000000000000000e+02,6.760000000000000000e+02,1.000000000000000000e+02,-2.400000000000000000e+01,4.000000000000000000e+00
-1.000000000000000000e+00,8.000000000000000000e+00,8.000000000000000000e+00,7.080000000000000000e+02,6.700000000000000000e+02,6.840000000000000000e+02,6.760000000000000000e+02,9.700000000000000000e+01,-2.400000000000000000e+01,4.000000000000000000e+00
-1.000000000000000000e+00,8.000000000000000000e+00,8.000000000000000000e+00,7.010000000000000000e+02,6.780000000000000000e+02,6.760000000000000000e+02,6.840000000000000000e+02,1.000000000000000000e+02,-2.400000000000000000e+01,4.000000000000000000e+00
-1.000000000000000000e+00,8.000000000000000000e+00,8.000000000000000000e+00,7.090000000000000000e+02,6.780000000000000000e+02,6.840000000000000000e+02,6.840000000000000000e+02,1.000000000000000000e+02,-2.400000000000000000e+01,4.000000000000000000e+00
-1.000000000000000000e+00,1.600000000000000000e+01,1.600000000000000000e+01,7.200000000000000000e+02,6.740000000000000000e+02,6.960000000000000000e+02,6.800000000000000000e+02,9.700000000000000000e+01,-2.400000000000000000e+01,4.000000000000000000e+00
-1.000000000000000000e+00,1.600000000000000000e+01,1.600000000000000000e+01,7.530000000000000000e+02,6.740000000000000000e+02,7.280000000000000000e+02,6.800000000000000000e+02,1.000000000000000000e+02,-2.500000000000000000e+01,4.000000000000000000e+00
-1.000000000000000000e+00,1.600000000000000000e+01,1.600000000000000000e+01,7.690000000000000000e+02,6.740000000000000000e+02,7.440000000000000000e+02,6.800000000000000000e+02,1.000000000000000000e+02,-2.500000000000000000e+01,4.000000000000000000e+00
-1.000000000000000000e+00,1.600000000000000000e+01,1.600000000000000000e+01,7.830000000000000000e+02,6.740000000000000000e+02,7.600000000000000000e+02,6.800000000000000000e+02,9.500000000000000000e+01,-2.400000000000000000e+01,4.000000000000000000e+00
-1.000000000000000000e+00,1.600000000000000000e+01,8.000000000000000000e+00,8.040000000000000000e+02,6.680000000000000000e+02,7.760000000000000000e+02,6.760000000000000000e+02,1.120000000000000000e+02,-3.200000000000000000e+01,4.000000000000000000e+00
-1.000000000000000000e+00,1.600000000000000000e+01,8.000000000000000000e+00,8.040000000000000000e+02,6.790000000000000000e+02,7.760000000000000000e+02,6.840000000000000000e+02,1.120000000000000000e+02,-2.000000000000000000e+01,4.000000000000000000e+00
-1.000000000000000000e+00,8.000000000000000000e+00,1.600000000000000000e+01,8.160000000000000000e+02,6.720000000000000000e+02,7.880000000000000000e+02,6.800000000000000000e+02,1.120000000000000000e+02,-3.200000000000000000e+01,4.000000000000000000e+00
-1.000000000000000000e+00,8.000000000000000000e+00,1.600000000000000000e+01,8.190000000000000000e+02,6.740000000000000000e+02,7.960000000000000000e+02,6.800000000000000000e+02,9.200000000000000000e+01,-2.700000000000000000e+01,4.000000000000000000e+00
-1.000000000000000000e+00,1.600000000000000000e+01,8.000000000000000000e+00,8.310000000000000000e+02,6.690000000000000000e+02,8.080000000000000000e+02,6.760000000000000000e+02,9.200000000000000000e+01,-2.800000000000000000e+01,4.000000000000000000e+00
-1.000000000000000000e+00,1.600000000000000000e+01,8.000000000000000000e+00,8.310000000000000000e+02,6.780000000000000000e+02,8.080000000000000000e+02,6.840000000000000000e+02,9.300000000000000000e+01,-2.600000000000000000e+01,4.000000000000000000e+00
-1.000000000000000000e+00,1.600000000000000000e+01,8.000000000000000000e+00,8.490000000000000000e+02,6.690000000000000000e+02,8.240000000000000000e+02,6.760000000000000000e+02,1.030000000000000000e+02,-2.800000000000000000e+01,4.000000000000000000e+00
-1.000000000000000000e+00,1.600000000000000000e+01,8.000000000000000000e+00,8.470000000000000000e+02,6.790000000000000000e+02,8.240000000000000000e+02,6.840000000000000000e+02,9.300000000000000000e+01,-2.300000000000000000e+01,4.000000000000000000e+00
-1.000000000000000000e+00,1.600000000000000000e+01,1.600000000000000000e+01,8.610000000000000000e+02,6.740000000000000000e+02,8.400000000000000000e+02,6.800000000000000000e+02,8.700000000000000000e+01,-2.400000000000000000e+01,4.000000000000000000e+00
-1.000000000000000000e+00,1.600000000000000000e+01,1.600000000000000000e+01,9.020000000000000000e+02,6.700000000000000000e+02,8.560000000000000000e+02,6.800000000000000000e+02,1.870000000000000000e+02,-4.000000000000000000e+01,4.000000000000000000e+00
-1.000000000000000000e+00,1.600000000000000000e+01,1.600000000000000000e+01,8.950000000000000000e+02,6.750000000000000000e+02,8.720000000000000000e+02,6.800000000000000000e+02,9.300000000000000000e+01,-2.300000000000000000e+01,4.000000000000000000e+00
-1.000000000000000000e+00,1.600000000000000000e+01,1.600000000000000000e+01,9.110000000000000000e+02,6.750000000000000000e+02,8.880000000000000000e+02,6.800000000000000000e+02,9.300000000000000000e+01,-2.300000000000000000e+01,4.000000000000000000e+00
-1.000000000000000000e+00,1.600000000000000000e+01,1.600000000000000000e+01,9.260000000000000000e+02,6.750000000000000000e+02,9.040000000000000000e+02,6.800000000000000000e+02,8.900000000000000000e+01,-2.300000000000000000e+01,4.000000000000000000e+00
-1.000000000000000000e+00,1.600000000000000000e+01,1.600000000000000000e+01,9.420000000000000000e+02,6.750000000000000000e+02,9.200000000000000000e+02,6.800000000000000000e+02,8.900000000000000000e+01,-2.200000000000000000e+01,4.000000000000000000e+00
-1.000000000000000000e+00,1.600000000000000000e+01,1.600000000000000000e+01,9.580000000000000000e+02,6.720000000000000000e+02,9.360000000000000000e+02,6.800000000000000000e+02,8.900000000000000000e+01,-3.500000000000000000e+01,4.000000000000000000e+00
-1.000000000000000000e+00,1.600000000000000000e+01,1.600000000000000000e+01,9.730000000000000000e+02,6.740000000000000000e+02,9.520000000000000000e+02,6.800000000000000000e+02,8.400000000000000000e+01,-2.700000000000000000e+01,4.000000000000000000e+00
-1.000000000000000000e+00,1.600000000000000000e+01,1.600000000000000000e+01,9.890000000000000000e+02,6.760000000000000000e+02,9.680000000000000000e+02,6.800000000000000000e+02,8.400000000000000000e+01,-1.700000000000000000e+01,4.000000000000000000e+00
-1.000000000000000000e+00,1.600000000000000000e+01,1.600000000000000000e+01,1.006000000000000000e+03,6.770000000000000000e+02,9.840000000000000000e+02,6.800000000000000000e+02,9.100000000000000000e+01,-1.300000000000000000e+01,4.000000000000000000e+00
-1.000000000000000000e+00,1.600000000000000000e+01,1.600000000000000000e+01,1.027000000000000000e+03,6.800000000000000000e+02,1.000000000000000000e+03,6.800000000000000000e+02,1.100000000000000000e+02,0.000000000000000000e+00,4.000000000000000000e+00
-1.000000000000000000e+00,1.600000000000000000e+01,1.600000000000000000e+01,1.041000000000000000e+03,6.800000000000000000e+02,1.016000000000000000e+03,6.800000000000000000e+02,1.020000000000000000e+02,1.000000000000000000e+00,4.000000000000000000e+00
-1.000000000000000000e+00,1.600000000000000000e+01,1.600000000000000000e+01,1.056000000000000000e+03,6.800000000000000000e+02,1.032000000000000000e+03,6.800000000000000000e+02,9.700000000000000000e+01,1.000000000000000000e+00,4.000000000000000000e+00
-1.000000000000000000e+00,1.600000000000000000e+01,1.600000000000000000e+01,1.073000000000000000e+03,6.800000000000000000e+02,1.048000000000000000e+03,6.800000000000000000e+02,1.020000000000000000e+02,0.000000000000000000e+00,4.000000000000000000e+00
-1.000000000000000000e+00,1.600000000000000000e+01,1.600000000000000000e+01,1.089000000000000000e+03,6.800000000000000000e+02,1.064000000000000000e+03,6.800000000000000000e+02,1.020000000000000000e+02,0.000000000000000000e+00,4.000000000000000000e+00
-1.000000000000000000e+00,1.600000000000000000e+01,1.600000000000000000e+01,1.192000000000000000e+03,6.800000000000000000e+02,1.192000000000000000e+03,6.800000000000000000e+02,0.000000000000000000e+00,0.000000000000000000e+00,4.000000000000000000e+00
-1.000000000000000000e+00,1.600000000000000000e+01,1.600000000000000000e+01,1.208000000000000000e+03,6.800000000000000000e+02,1.208000000000000000e+03,6.800000000000000000e+02,0.000000000000000000e+00,0.000000000000000000e+00,4.000000000000000000e+00
-1.000000000000000000e+00,1.600000000000000000e+01,1.600000000000000000e+01,4.700000000000000000e+01,6.860000000000000000e+02,8.000000000000000000e+00,6.960000000000000000e+02,1.590000000000000000e+02,-4.300000000000000000e+01,4.000000000000000000e+00
-1.000000000000000000e+00,1.600000000000000000e+01,1.600000000000000000e+01,6.300000000000000000e+01,6.860000000000000000e+02,2.400000000000000000e+01,6.960000000000000000e+02,1.590000000000000000e+02,-4.300000000000000000e+01,4.000000000000000000e+00
-1.000000000000000000e+00,1.600000000000000000e+01,1.600000000000000000e+01,7.900000000000000000e+01,6.860000000000000000e+02,4.000000000000000000e+01,6.960000000000000000e+02,1.590000000000000000e+02,-4.300000000000000000e+01,4.000000000000000000e+00
-1.000000000000000000e+00,1.600000000000000000e+01,1.600000000000000000e+01,9.500000000000000000e+01,6.850000000000000000e+02,5.600000000000000000e+01,6.960000000000000000e+02,1.590000000000000000e+02,-4.400000000000000000e+01,4.000000000000000000e+00
-1.000000000000000000e+00,1.600000000000000000e+01,1.600000000000000000e+01,1.110000000000000000e+02,6.870000000000000000e+02,7.200000000000000000e+01,6.960000000000000000e+02,1.590000000000000000e+02,-3.900000000000000000e+01,4.000000000000000000e+00
-1.000000000000000000e+00,1.600000000000000000e+01,1.600000000000000000e+01,1.270000000000000000e+02,6.870000000000000000e+02,8.800000000000000000e+01,6.960000000000000000e+02,1.590000000000000000e+02,-3.900000000000000000e+01,4.000000000000000000e+00
-1.000000000000000000e+00,1.600000000000000000e+01,1.600000000000000000e+01,1.430000000000000000e+02,6.870000000000000000e+02,1.040000000000000000e+02,6.960000000000000000e+02,1.590000000000000000e+02,-3.900000000000000000e+01,4.000000000000000000e+00
-1.000000000000000000e+00,1.600000000000000000e+01,1.600000000000000000e+01,1.900000000000000000e+02,6.960000000000000000e+02,1.680000000000000000e+02,6.960000000000000000e+02,8.800000000000000000e+01,0.000000000000000000e+00,4.000000000000000000e+00
-1.000000000000000000e+00,1.600000000000000000e+01,1.600000000000000000e+01,2.060000000000000000e+02,6.960000000000000000e+02,1.840000000000000000e+02,6.960000000000000000e+02,8.800000000000000000e+01,0.000000000000000000e+00,4.000000000000000000e+00
-1.000000000000000000e+00,1.600000000000000000e+01,1.600000000000000000e+01,2.160000000000000000e+02,6.960000000000000000e+02,2.160000000000000000e+02,6.960000000000000000e+02,1.000000000000000000e+00,0.000000000000000000e+00,4.000000000000000000e+00
-1.000000000000000000e+00,1.600000000000000000e+01,1.600000000000000000e+01,2.480000000000000000e+02,6.960000000000000000e+02,2.480000000000000000e+02,6.960000000000000000e+02,0.000000000000000000e+00,0.000000000000000000e+00,4.000000000000000000e+00
-1.000000000000000000e+00,1.600000000000000000e+01,1.600000000000000000e+01,2.640000000000000000e+02,6.960000000000000000e+02,2.640000000000000000e+02,6.960000000000000000e+02,0.000000000000000000e+00,0.000000000000000000e+00,4.000000000000000000e+00
-1.000000000000000000e+00,1.600000000000000000e+01,1.600000000000000000e+01,2.800000000000000000e+02,6.890000000000000000e+02,2.800000000000000000e+02,6.960000000000000000e+02,0.000000000000000000e+00,-3.000000000000000000e+01,4.000000000000000000e+00
-1.000000000000000000e+00,1.600000000000000000e+01,1.600000000000000000e+01,3.120000000000000000e+02,6.960000000000000000e+02,3.120000000000000000e+02,6.960000000000000000e+02,0.000000000000000000e+00,0.000000000000000000e+00,4.000000000000000000e+00
-1.000000000000000000e+00,1.600000000000000000e+01,1.600000000000000000e+01,3.740000000000000000e+02,6.950000000000000000e+02,3.440000000000000000e+02,6.960000000000000000e+02,1.220000000000000000e+02,-5.000000000000000000e+00,4.000000000000000000e+00
-1.000000000000000000e+00,1.600000000000000000e+01,1.600000000000000000e+01,3.900000000000000000e+02,6.890000000000000000e+02,3.600000000000000000e+02,6.960000000000000000e+02,1.220000000000000000e+02,-2.900000000000000000e+01,4.000000000000000000e+00
-1.000000000000000000e+00,1.600000000000000000e+01,1.600000000000000000e+01,4.060000000000000000e+02,6.880000000000000000e+02,3.760000000000000000e+02,6.960000000000000000e+02,1.220000000000000000e+02,-3.300000000000000000e+01,4.000000000000000000e+00
-1.000000000000000000e+00,1.600000000000000000e+01,1.600000000000000000e+01,4.220000000000000000e+02,6.880000000000000000e+02,3.920000000000000000e+02,6.960000000000000000e+02,1.200000000000000000e+02,-3.300000000000000000e+01,4.000000000000000000e+00
-1.000000000000000000e+00,1.600000000000000000e+01,1.600000000000000000e+01,4.360000000000000000e+02,6.880000000000000000e+02,4.080000000000000000e+02,6.960000000000000000e+02,1.140000000000000000e+02,-3.300000000000000000e+01,4.000000000000000000e+00
-1.000000000000000000e+00,1.600000000000000000e+01,1.600000000000000000e+01,4.530000000000000000e+02,6.880000000000000000e+02,4.240000000000000000e+02,6.960000000000000000e+02,1.160000000000000000e+02,-3.300000000000000000e+01,4.000000000000000000e+00
-1.000000000000000000e+00,1.600000000000000000e+01,1.600000000000000000e+01,4.680000000000000000e+02,6.880000000000000000e+02,4.400000000000000000e+02,6.960000000000000000e+02,1.130000000000000000e+02,-3.300000000000000000e+01,4.000000000000000000e+00
-1.000000000000000000e+00,1.600000000000000000e+01,1.600000000000000000e+01,4.840000000000000000e+02,6.880000000000000000e+02,4.560000000000000000e+02,6.960000000000000000e+02,1.130000000000000000e+02,-3.300000000000000000e+01,4.000000000000000000e+00
-1.000000000000000000e+00,1.600000000000000000e+01,1.600000000000000000e+01,5.000000000000000000e+02,6.880000000000000000e+02,4.720000000000000000e+02,6.960000000000000000e+02,1.130000000000000000e+02,-3.300000000000000000e+01,4.000000000000000000e+00
-1.000000000000000000e+00,1.600000000000000000e+01,1.600000000000000000e+01,5.040000000000000000e+02,6.960000000000000000e+02,5.040000000000000000e+02,6.960000000000000000e+02,0.000000000000000000e+00,0.000000000000000000e+00,4.000000000000000000e+00
-1.000000000000000000e+00,1.600000000000000000e+01,1.600000000000000000e+01,5.680000000000000000e+02,6.960000000000000000e+02,5.680000000000000000e+02,6.960000000000000000e+02,0.000000000000000000e+00,0.000000000000000000e+00,4.000000000000000000e+00
-1.000000000000000000e+00,1.600000000000000000e+01,1.600000000000000000e+01,6.880000000000000000e+02,6.900000000000000000e+02,6.640000000000000000e+02,6.960000000000000000e+02,9.700000000000000000e+01,-2.400000000000000000e+01,4.000000000000000000e+00
-1.000000000000000000e+00,1.600000000000000000e+01,1.600000000000000000e+01,7.200000000000000000e+02,6.900000000000000000e+02,6.960000000000000000e+02,6.960000000000000000e+02,9.700000000000000000e+01,-2.400000000000000000e+01,4.000000000000000000e+00
-1.000000000000000000e+00,1.600000000000000000e+01,1.600000000000000000e+01,7.360000000000000000e+02,6.900000000000000000e+02,7.120000000000000000e+02,6.960000000000000000e+02,9.700000000000000000e+01,-2.400000000000000000e+01,4.000000000000000000e+00
-1.000000000000000000e+00,1.600000000000000000e+01,1.600000000000000000e+01,7.530000000000000000e+02,6.900000000000000000e+02,7.280000000000000000e+02,6.960000000000000000e+02,1.000000000000000000e+02,-2.500000000000000000e+01,4.000000000000000000e+00
-1.000000000000000000e+00,1.600000000000000000e+01,1.600000000000000000e+01,7.690000000000000000e+02,6.900000000000000000e+02,7.440000000000000000e+02,6.960000000000000000e+02,1.000000000000000000e+02,-2.500000000000000000e+01,4.000000000000000000e+00
-1.000000000000000000e+00,1.600000000000000000e+01,1.600000000000000000e+01,7.850000000000000000e+02,6.900000000000000000e+02,7.600000000000000000e+02,6.960000000000000000e+02,1.000000000000000000e+02,-2.400000000000000000e+01,4.000000000000000000e+00
-1.000000000000000000e+00,1.600000000000000000e+01,1.600000000000000000e+01,7.980000000000000000e+02,6.900000000000000000e+02,7.760000000000000000e+02,6.960000000000000000e+02,8.800000000000000000e+01,-2.400000000000000000e+01,4.000000000000000000e+00
-1.000000000000000000e+00,1.600000000000000000e+01,1.600000000000000000e+01,8.150000000000000000e+02,6.900000000000000000e+02,7.920000000000000000e+02,6.960000000000000000e+02,9.300000000000000000e+01,-2.600000000000000000e+01,4.000000000000000000e+00
-1.000000000000000000e+00,1.600000000000000000e+01,1.600000000000000000e+01,8.410000000000000000e+02,6.890000000000000000e+02,8.080000000000000000e+02,6.960000000000000000e+02,1.340000000000000000e+02,-3.100000000000000000e+01,4.000000000000000000e+00
-1.000000000000000000e+00,1.600000000000000000e+01,1.600000000000000000e+01,8.610000000000000000e+02,6.900000000000000000e+02,8.400000000000000000e+02,6.960000000000000000e+02,8.700000000000000000e+01,-2.400000000000000000e+01,4.000000000000000000e+00
-1.000000000000000000e+00,1.600000000000000000e+01,8.000000000000000000e+00,8.790000000000000000e+02,6.860000000000000000e+02,8.560000000000000000e+02,6.920000000000000000e+02,9.300000000000000000e+01,-2.400000000000000000e+01,4.000000000000000000e+00
-1.000000000000000000e+00,1.600000000000000000e+01,8.000000000000000000e+00,8.770000000000000000e+02,6.940000000000000000e+02,8.560000000000000000e+02,7.000000000000000000e+02,8.700000000000000000e+01,-2.400000000000000000e+01,4.000000000000000000e+00
-1.000000000000000000e+00,1.600000000000000000e+01,1.600000000000000000e+01,8.950000000000000000e+02,6.910000000000000000e+02,8.720000000000000000e+02,6.960000000000000000e+02,9.300000000000000000e+01,-2.300000000000000000e+01,4.000000000000000000e+00
-1.000000000000000000e+00,1.600000000000000000e+01,1.600000000000000000e+01,9.110000000000000000e+02,6.910000000000000000e+02,8.880000000000000000e+02,6.960000000000000000e+02,9.300000000000000000e+01,-2.300000000000000000e+01,4.000000000000000000e+00
-1.000000000000000000e+00,1.600000000000000000e+01,1.600000000000000000e+01,9.260000000000000000e+02,6.910000000000000000e+02,9.040000000000000000e+02,6.960000000000000000e+02,8.800000000000000000e+01,-2.300000000000000000e+01,4.000000000000000000e+00
-1.000000000000000000e+00,1.600000000000000000e+01,1.600000000000000000e+01,9.420000000000000000e+02,6.910000000000000000e+02,9.200000000000000000e+02,6.960000000000000000e+02,8.900000000000000000e+01,-2.300000000000000000e+01,4.000000000000000000e+00
-1.000000000000000000e+00,1.600000000000000000e+01,1.600000000000000000e+01,9.580000000000000000e+02,6.910000000000000000e+02,9.360000000000000000e+02,6.960000000000000000e+02,8.900000000000000000e+01,-2.200000000000000000e+01,4.000000000000000000e+00
-1.000000000000000000e+00,1.600000000000000000e+01,1.600000000000000000e+01,9.730000000000000000e+02,6.900000000000000000e+02,9.520000000000000000e+02,6.960000000000000000e+02,8.400000000000000000e+01,-2.500000000000000000e+01,4.000000000000000000e+00
-1.000000000000000000e+00,1.600000000000000000e+01,1.600000000000000000e+01,9.900000000000000000e+02,6.920000000000000000e+02,9.680000000000000000e+02,6.960000000000000000e+02,9.100000000000000000e+01,-1.700000000000000000e+01,4.000000000000000000e+00
-1.000000000000000000e+00,1.600000000000000000e+01,1.600000000000000000e+01,1.082000000000000000e+03,6.820000000000000000e+02,9.840000000000000000e+02,6.960000000000000000e+02,3.940000000000000000e+02,-5.800000000000000000e+01,4.000000000000000000e+00
-1.000000000000000000e+00,1.600000000000000000e+01,1.600000000000000000e+01,1.025000000000000000e+03,6.960000000000000000e+02,1.000000000000000000e+03,6.960000000000000000e+02,1.010000000000000000e+02,0.000000000000000000e+00,4.000000000000000000e+00
-1.000000000000000000e+00,1.600000000000000000e+01,1.600000000000000000e+01,1.041000000000000000e+03,6.960000000000000000e+02,1.016000000000000000e+03,6.960000000000000000e+02,1.010000000000000000e+02,1.000000000000000000e+00,4.000000000000000000e+00
-1.000000000000000000e+00,1.600000000000000000e+01,1.600000000000000000e+01,1.079000000000000000e+03,6.780000000000000000e+02,1.048000000000000000e+03,6.960000000000000000e+02,1.270000000000000000e+02,-7.200000000000000000e+01,4.000000000000000000e+00
-1.000000000000000000e+00,1.600000000000000000e+01,1.600000000000000000e+01,1.086000000000000000e+03,6.930000000000000000e+02,1.064000000000000000e+03,6.960000000000000000e+02,8.900000000000000000e+01,-1.500000000000000000e+01,4.000000000000000000e+00
-1.000000000000000000e+00,1.600000000000000000e+01,1.600000000000000000e+01,1.102000000000000000e+03,6.930000000000000000e+02,1.080000000000000000e+03,6.960000000000000000e+02,8.900000000000000000e+01,-1.500000000000000000e+01,4.000000000000000000e+00
-1.000000000000000000e+00,1.600000000000000000e+01,1.600000000000000000e+01,1.128000000000000000e+03,6.960000000000000000e+02,1.128000000000000000e+03,6.960000000000000000e+02,0.000000000000000000e+00,0.000000000000000000e+00,4.000000000000000000e+00
-1.000000000000000000e+00,1.600000000000000000e+01,1.600000000000000000e+01,1.192000000000000000e+03,6.960000000000000000e+02,1.192000000000000000e+03,6.960000000000000000e+02,0.000000000000000000e+00,0.000000000000000000e+00,4.000000000000000000e+00
-1.000000000000000000e+00,1.600000000000000000e+01,1.600000000000000000e+01,1.208000000000000000e+03,6.960000000000000000e+02,1.208000000000000000e+03,6.960000000000000000e+02,0.000000000000000000e+00,0.000000000000000000e+00,4.000000000000000000e+00
-1.000000000000000000e+00,1.600000000000000000e+01,1.600000000000000000e+01,1.224000000000000000e+03,6.960000000000000000e+02,1.224000000000000000e+03,6.960000000000000000e+02,0.000000000000000000e+00,0.000000000000000000e+00,4.000000000000000000e+00
-1.000000000000000000e+00,1.600000000000000000e+01,1.600000000000000000e+01,1.240000000000000000e+03,6.960000000000000000e+02,1.240000000000000000e+03,6.960000000000000000e+02,0.000000000000000000e+00,0.000000000000000000e+00,4.000000000000000000e+00
-1.000000000000000000e+00,1.600000000000000000e+01,1.600000000000000000e+01,1.256000000000000000e+03,6.890000000000000000e+02,1.256000000000000000e+03,6.960000000000000000e+02,0.000000000000000000e+00,-3.000000000000000000e+01,4.000000000000000000e+00
-1.000000000000000000e+00,1.600000000000000000e+01,1.600000000000000000e+01,6.100000000000000000e+01,7.020000000000000000e+02,8.000000000000000000e+00,7.120000000000000000e+02,2.140000000000000000e+02,-4.300000000000000000e+01,4.000000000000000000e+00
-1.000000000000000000e+00,1.600000000000000000e+01,1.600000000000000000e+01,6.300000000000000000e+01,7.000000000000000000e+02,2.400000000000000000e+01,7.120000000000000000e+02,1.590000000000000000e+02,-4.800000000000000000e+01,4.000000000000000000e+00
-1.000000000000000000e+00,1.600000000000000000e+01,1.600000000000000000e+01,7.500000000000000000e+01,7.010000000000000000e+02,4.000000000000000000e+01,7.120000000000000000e+02,1.400000000000000000e+02,-4.400000000000000000e+01,4.000000000000000000e+00
-1.000000000000000000e+00,1.600000000000000000e+01,1.600000000000000000e+01,9.500000000000000000e+01,7.010000000000000000e+02,5.600000000000000000e+01,7.120000000000000000e+02,1.590000000000000000e+02,-4.400000000000000000e+01,4.000000000000000000e+00
-1.000000000000000000e+00,1.600000000000000000e+01,1.600000000000000000e+01,1.250000000000000000e+02,7.000000000000000000e+02,8.800000000000000000e+01,7.120000000000000000e+02,1.500000000000000000e+02,-5.000000000000000000e+01,4.000000000000000000e+00
-1.000000000000000000e+00,1.600000000000000000e+01,1.600000000000000000e+01,2.160000000000000000e+02,7.040000000000000000e+02,2.160000000000000000e+02,7.120000000000000000e+02,1.000000000000000000e+00,-3.200000000000000000e+01,4.000000000000000000e+00
-1.000000000000000000e+00,1.600000000000000000e+01,1.600000000000000000e+01,2.800000000000000000e+02,7.120000000000000000e+02,2.800000000000000000e+02,7.120000000000000000e+02,0.000000000000000000e+00,0.000000000000000000e+00,4.000000000000000000e+00
-1.000000000000000000e+00,1.600000000000000000e+01,1.600000000000000000e+01,2.960000000000000000e+02,7.120000000000000000e+02,2.960000000000000000e+02,7.120000000000000000e+02,0.000000000000000000e+00,0.000000000000000000e+00,4.000000000000000000e+00
-1.000000000000000000e+00,1.600000000000000000e+01,1.600000000000000000e+01,3.120000000000000000e+02,7.120000000000000000e+02,3.120000000000000000e+02,7.120000000000000000e+02,0.000000000000000000e+00,0.000000000000000000e+00,4.000000000000000000e+00
-1.000000000000000000e+00,1.600000000000000000e+01,1.600000000000000000e+01,3.280000000000000000e+02,7.120000000000000000e+02,3.280000000000000000e+02,7.120000000000000000e+02,0.000000000000000000e+00,0.000000000000000000e+00,4.000000000000000000e+00
-1.000000000000000000e+00,1.600000000000000000e+01,1.600000000000000000e+01,3.740000000000000000e+02,7.110000000000000000e+02,3.440000000000000000e+02,7.120000000000000000e+02,1.220000000000000000e+02,-5.000000000000000000e+00,4.000000000000000000e+00
-1.000000000000000000e+00,1.600000000000000000e+01,1.600000000000000000e+01,4.360000000000000000e+02,7.030000000000000000e+02,4.080000000000000000e+02,7.120000000000000000e+02,1.140000000000000000e+02,-3.600000000000000000e+01,4.000000000000000000e+00
-1.000000000000000000e+00,1.600000000000000000e+01,1.600000000000000000e+01,4.520000000000000000e+02,7.030000000000000000e+02,4.240000000000000000e+02,7.120000000000000000e+02,1.140000000000000000e+02,-3.600000000000000000e+01,4.000000000000000000e+00
-1.000000000000000000e+00,1.600000000000000000e+01,8.000000000000000000e+00,4.680000000000000000e+02,7.000000000000000000e+02,4.400000000000000000e+02,7.080000000000000000e+02,1.130000000000000000e+02,-3.400000000000000000e+01,4.000000000000000000e+00
-1.000000000000000000e+00,1.600000000000000000e+01,8.000000000000000000e+00,4.680000000000000000e+02,7.070000000000000000e+02,4.400000000000000000e+02,7.160000000000000000e+02,1.140000000000000000e+02,-3.600000000000000000e+01,4.000000000000000000e+00
-1.000000000000000000e+00,1.600000000000000000e+01,1.600000000000000000e+01,4.840000000000000000e+02,7.040000000000000000e+02,4.560000000000000000e+02,7.120000000000000000e+02,1.130000000000000000e+02,-3.300000000000000000e+01,4.000000000000000000e+00
-1.000000000000000000e+00,1.600000000000000000e+01,1.600000000000000000e+01,5.000000000000000000e+02,7.050000000000000000e+02,4.720000000000000000e+02,7.120000000000000000e+02,1.130000000000000000e+02,-3.000000000000000000e+01,4.000000000000000000e+00
-1.000000000000000000e+00,1.600000000000000000e+01,1.600000000000000000e+01,4.880000000000000000e+02,7.120000000000000000e+02,4.880000000000000000e+02,7.120000000000000000e+02,0.000000000000000000e+00,0.000000000000000000e+00,4.000000000000000000e+00
-1.000000000000000000e+00,1.600000000000000000e+01,1.600000000000000000e+01,5.200000000000000000e+02,7.120000000000000000e+02,5.200000000000000000e+02,7.120000000000000000e+02,0.000000000000000000e+00,0.000000000000000000e+00,4.000000000000000000e+00
-1.000000000000000000e+00,1.600000000000000000e+01,1.600000000000000000e+01,6.870000000000000000e+02,7.050000000000000000e+02,6.640000000000000000e+02,7.120000000000000000e+02,9.300000000000000000e+01,-2.800000000000000000e+01,4.000000000000000000e+00
-1.000000000000000000e+00,1.600000000000000000e+01,1.600000000000000000e+01,7.040000000000000000e+02,7.060000000000000000e+02,6.800000000000000000e+02,7.120000000000000000e+02,9.800000000000000000e+01,-2.400000000000000000e+01,4.000000000000000000e+00
-1.000000000000000000e+00,1.600000000000000000e+01,1.600000000000000000e+01,7.200000000000000000e+02,7.060000000000000000e+02,6.960000000000000000e+02,7.120000000000000000e+02,9.700000000000000000e+01,-2.400000000000000000e+01,4.000000000000000000e+00
-1.000000000000000000e+00,1.600000000000000000e+01,1.600000000000000000e+01,7.360000000000000000e+02,7.060000000000000000e+02,7.120000000000000000e+02,7.120000000000000000e+02,9.700000000000000000e+01,-2.400000000000000000e+01,4.000000000000000000e+00
-1.000000000000000000e+00,1.600000000000000000e+01,1.600000000000000000e+01,7.510000000000000000e+02,7.060000000000000000e+02,7.280000000000000000e+02,7.120000000000000000e+02,9.200000000000000000e+01,-2.500000000000000000e+01,4.000000000000000000e+00
-1.000000000000000000e+00,1.600000000000000000e+01,1.600000000000000000e+01,7.690000000000000000e+02,7.060000000000000000e+02,7.440000000000000000e+02,7.120000000000000000e+02,1.000000000000000000e+02,-2.500000000000000000e+01,4.000000000000000000e+00
-1.000000000000000000e+00,1.600000000000000000e+01,1.600000000000000000e+01,7.810000000000000000e+02,7.060000000000000000e+02,7.600000000000000000e+02,7.120000000000000000e+02,8.600000000000000000e+01,-2.400000000000000000e+01,4.000000000000000000e+00
-1.000000000000000000e+00,1.600000000000000000e+01,1.600000000000000000e+01,7.980000000000000000e+02,7.060000000000000000e+02,7.760000000000000000e+02,7.120000000000000000e+02,9.100000000000000000e+01,-2.400000000000000000e+01,4.000000000000000000e+00
-1.000000000000000000e+00,1.600000000000000000e+01,1.600000000000000000e+01,8.130000000000000000e+02,7.060000000000000000e+02,7.920000000000000000e+02,7.120000000000000000e+02,8.700000000000000000e+01,-2.600000000000000000e+01,4.000000000000000000e+00
-1.000000000000000000e+00,1.600000000000000000e+01,1.600000000000000000e+01,8.320000000000000000e+02,7.060000000000000000e+02,8.080000000000000000e+02,7.120000000000000000e+02,9.700000000000000000e+01,-2.600000000000000000e+01,4.000000000000000000e+00
-1.000000000000000000e+00,1.600000000000000000e+01,1.600000000000000000e+01,8.460000000000000000e+02,7.060000000000000000e+02,8.240000000000000000e+02,7.120000000000000000e+02,9.100000000000000000e+01,-2.500000000000000000e+01,4.000000000000000000e+00
-1.000000000000000000e+00,1.600000000000000000e+01,1.600000000000000000e+01,8.610000000000000000e+02,7.060000000000000000e+02,8.400000000000000000e+02,7.120000000000000000e+02,8.700000000000000000e+01,-2.700000000000000000e+01,4.000000000000000000e+00
-1.000000000000000000e+00,1.600000000000000000e+01,1.600000000000000000e+01,8.770000000000000000e+02,7.060000000000000000e+02,8.560000000000000000e+02,7.120000000000000000e+02,8.700000000000000000e+01,-2.400000000000000000e+01,4.000000000000000000e+00
-1.000000000000000000e+00,1.600000000000000000e+01,1.600000000000000000e+01,8.950000000000000000e+02,7.060000000000000000e+02,8.720000000000000000e+02,7.120000000000000000e+02,9.300000000000000000e+01,-2.500000000000000000e+01,4.000000000000000000e+00
-1.000000000000000000e+00,1.600000000000000000e+01,1.600000000000000000e+01,9.110000000000000000e+02,7.070000000000000000e+02,8.880000000000000000e+02,7.120000000000000000e+02,9.300000000000000000e+01,-2.300000000000000000e+01,4.000000000000000000e+00
-1.000000000000000000e+00,1.600000000000000000e+01,1.600000000000000000e+01,9.250000000000000000e+02,7.070000000000000000e+02,9.040000000000000000e+02,7.120000000000000000e+02,8.500000000000000000e+01,-2.300000000000000000e+01,4.000000000000000000e+00
-1.000000000000000000e+00,1.600000000000000000e+01,1.600000000000000000e+01,9.570000000000000000e+02,7.070000000000000000e+02,9.360000000000000000e+02,7.120000000000000000e+02,8.400000000000000000e+01,-2.200000000000000000e+01,4.000000000000000000e+00
-1.000000000000000000e+00,1.600000000000000000e+01,1.600000000000000000e+01,9.730000000000000000e+02,7.070000000000000000e+02,9.520000000000000000e+02,7.120000000000000000e+02,8.400000000000000000e+01,-2.200000000000000000e+01,4.000000000000000000e+00
-1.000000000000000000e+00,1.600000000000000000e+01,1.600000000000000000e+01,9.890000000000000000e+02,7.060000000000000000e+02,9.680000000000000000e+02,7.120000000000000000e+02,8.400000000000000000e+01,-2.500000000000000000e+01,4.000000000000000000e+00
-1.000000000000000000e+00,1.600000000000000000e+01,1.600000000000000000e+01,1.010000000000000000e+03,7.100000000000000000e+02,9.840000000000000000e+02,7.120000000000000000e+02,1.040000000000000000e+02,-9.000000000000000000e+00,4.000000000000000000e+00
-1.000000000000000000e+00,1.600000000000000000e+01,1.600000000000000000e+01,1.025000000000000000e+03,7.120000000000000000e+02,1.000000000000000000e+03,7.120000000000000000e+02,1.010000000000000000e+02,0.000000000000000000e+00,4.000000000000000000e+00
-1.000000000000000000e+00,1.600000000000000000e+01,1.600000000000000000e+01,1.041000000000000000e+03,7.120000000000000000e+02,1.016000000000000000e+03,7.120000000000000000e+02,1.010000000000000000e+02,0.000000000000000000e+00,4.000000000000000000e+00
-1.000000000000000000e+00,1.600000000000000000e+01,1.600000000000000000e+01,1.052000000000000000e+03,7.060000000000000000e+02,1.032000000000000000e+03,7.120000000000000000e+02,8.100000000000000000e+01,-2.400000000000000000e+01,4.000000000000000000e+00
-1.000000000000000000e+00,1.600000000000000000e+01,1.600000000000000000e+01,1.068000000000000000e+03,7.070000000000000000e+02,1.048000000000000000e+03,7.120000000000000000e+02,8.100000000000000000e+01,-2.100000000000000000e+01,4.000000000000000000e+00
-1.000000000000000000e+00,1.600000000000000000e+01,1.600000000000000000e+01,1.084000000000000000e+03,7.090000000000000000e+02,1.064000000000000000e+03,7.120000000000000000e+02,8.300000000000000000e+01,-1.500000000000000000e+01,4.000000000000000000e+00
-1.000000000000000000e+00,1.600000000000000000e+01,1.600000000000000000e+01,1.100000000000000000e+03,7.090000000000000000e+02,1.080000000000000000e+03,7.120000000000000000e+02,8.300000000000000000e+01,-1.500000000000000000e+01,4.000000000000000000e+00
-1.000000000000000000e+00,1.600000000000000000e+01,1.600000000000000000e+01,1.144000000000000000e+03,7.120000000000000000e+02,1.144000000000000000e+03,7.120000000000000000e+02,0.000000000000000000e+00,0.000000000000000000e+00,4.000000000000000000e+00
-1.000000000000000000e+00,1.600000000000000000e+01,1.600000000000000000e+01,1.208000000000000000e+03,7.120000000000000000e+02,1.208000000000000000e+03,7.120000000000000000e+02,0.000000000000000000e+00,0.000000000000000000e+00,4.000000000000000000e+00
-1.000000000000000000e+00,1.600000000000000000e+01,1.600000000000000000e+01,1.224000000000000000e+03,7.120000000000000000e+02,1.224000000000000000e+03,7.120000000000000000e+02,0.000000000000000000e+00,0.000000000000000000e+00,4.000000000000000000e+00
