1752578060.0860157
1752578060.1298
1752578060.1785488
1752578060.2329473
1752578060.299474
1752578060.3452892
1752578060.3965895
1752578060.4502428
1752578060.5058124
1752578060.5638928
1752578060.615799
1752578060.661165
1752578060.7124038
1752578060.757046
1752578060.8007195
1752578060.846131
1752578060.9058049
1752578060.946643
1752578061.005214
1752578061.063656
1752578061.1055198
1752578061.1605678
1752578061.2150319
1752578061.2741358
1752578061.3290777
1752578061.3963609
1752578061.448992
1752578061.5199976
1752578061.5782654
1752578061.647229
1752578061.7097962
1752578061.787814
1752578061.8405373
1752578061.8978772
1752578061.955311
1752578062.021964
1752578062.0874622
1752578062.1366155
1752578062.177934
1752578062.227515
1752578062.2794175
1752578062.326414
1752578062.384982
1752578062.439271
1752578062.4959323
1752578062.5531847
1752578062.6082058
1752578062.6574073
1752578062.6960921
1752578062.743133
1752578062.7890565
1752578062.8380291
1752578062.891014
1752578062.9518974
1752578063.0013871
1752578063.0658762
1752578063.1244533
1752578063.175447
1752578063.2258706
1752578063.2800345
1752578063.3220062
1752578063.3813932
1752578063.449947
1752578063.4948454
1752578063.5660036
1752578063.6369684
1752578063.6852133
1752578063.7368238
1752578063.8113
1752578063.8537207
1752578063.9067907
1752578063.9445896
1752578064.0019941
1752578064.0524495
1752578064.110737
1752578064.1754754
1752578064.2148526
1752578064.2654903
1752578064.3065898
1752578064.350506
1752578064.388692
1752578064.430047
1752578064.4758456
1752578064.5251873
1752578064.567706
1752578064.6587176
1752578064.695333
1752578064.7431977
1752578064.788853
1752578064.844577
1752578064.8809943
1752578064.923925
1752578064.9735248
1752578065.0179121
1752578065.0804439
1752578065.1574461
1752578065.27581
1752578065.3195963
1752578065.3667457
1752578065.4140208
1752578065.4617472
1752578065.5234609
1752578065.5680017
1752578065.626127
1752578065.6781125
1752578065.728269
1752578065.8019872
1752578065.8535087
1752578065.9089313
1752578065.9518335
1752578065.9999652
1752578066.057695
1752578066.1038978
1752578066.1595635
1752578066.2658348
1752578066.328507
1752578066.3804326
1752578066.41871
1752578066.4675663
1752578066.5161166
1752578066.5746245
1752578066.7604072
1752578066.8562567
1752578066.898009
1752578066.95176
1752578067.0042865
1752578067.0623786
1752578067.2312305
1752578067.3945248
1752578067.4542205
1752578067.5239124
1752578067.5844376
1752578067.6349678
1752578067.7280204
1752578067.7813337
1752578067.835492
1752578067.8922288
1752578067.9434993
1752578068.0210938
1752578068.176699
1752578068.2166224
1752578068.2796843
1752578068.3242238
1752578068.394067
1752578068.474657
1752578068.52035
1752578068.5636601
1752578068.6156914
1752578068.6699517
1752578068.7068744
1752578068.7411273
1752578068.8004687
1752578068.835108
1752578068.8779106
1752578068.9289281
1752578069.0036848
1752578069.065595
1752578069.2012303
1752578069.381619
1752578069.5464385
1752578069.666895
1752578069.7226946
1752578069.7756383
1752578069.8346066
1752578069.8850482
1752578069.9589736
1752578070.0063055
1752578070.0563
1752578070.109342
1752578070.178478
1752578070.3430667
1752578070.3836193
1752578070.4340146
1752578070.5072277
1752578070.577726
1752578070.6483815
1752578070.8196056
1752578070.8768945
1752578070.9184542
1752578070.9762838
1752578071.0336642
1752578071.1092594
1752578071.1633244
1752578071.2218435
1752578071.2650962
1752578071.3092618
1752578071.3898015
1752578071.547697
1752578071.6685205
1752578071.7240007
1752578071.7746534
1752578071.8252344
1752578071.873509
1752578071.9271998
1752578071.9710708
1752578072.0301528
1752578072.0866563
1752578072.1396632
1752578072.2088242
1752578072.2760782
1752578072.3363125
1752578072.3896775
1752578072.4353871
1752578072.4944792
1752578072.5321386
1752578072.575234
1752578072.6264012
1752578072.6867778
1752578072.7235289
1752578072.7749565
1752578072.8127375
1752578072.8658466
1752578072.9513638
1752578073.06911
1752578073.1221936
1752578073.1725903
1752578073.2237327
1752578073.2747602
1752578073.362783
1752578073.420505
1752578073.491145
1752578073.5444973
1752578073.5993667
1752578073.652611
1752578073.712093
1752578073.7622519
1752578073.8287258
1752578073.885369
1752578073.9708061
1752578074.0337553
1752578074.0848527
1752578074.1607254
1752578074.217927
1752578074.2913413
1752578074.349411
1752578074.4292061
1752578074.485725
1752578074.54575
1752578074.5997596
1752578074.675541
1752578074.7287889
1752578074.7819798
1752578074.865429
1752578074.9138873
1752578074.9813085
1752578075.0434268
1752578075.123661
1752578075.2433352
1752578075.3006186
1752578075.3587613
1752578075.4052565
1752578075.456924
1752578075.5072594
1752578075.550125
1752578075.5960436
1752578075.6802628
1752578075.7457442
1752578075.7965941
1752578075.8821251
1752578075.9381087
1752578075.987795
1752578076.0415914
1752578076.1020365
1752578076.1493309
1752578076.195612
1752578076.2480102
1752578076.291115
1752578076.3414264
1752578076.3866816
1752578076.4376493
1752578076.4848065
1752578076.5309498
1752578076.5864434
1752578076.6364322
1752578076.6834815
1752578076.729161
1752578076.7855644
1752578076.8338654
1752578076.8912528
1752578076.9430463
1752578076.9886818
1752578077.081253
1752578077.1332746
1752578077.1773005
1752578077.2245364
1752578077.2801058
1752578077.3269103
1752578077.3750546
1752578077.429452
1752578077.4869473
1752578077.5531778
1752578077.6031306
1752578077.6522324
1752578077.7084332
1752578077.7593892
1752578077.8069975
1752578077.8524354
1752578077.8989031
1752578077.9406242
1752578077.9942908
