1753184150.0823343
1753184150.1018069
1753184150.148363
1753184150.1856658
1753184150.2264912
1753184150.2641752
1753184150.3020303
1753184150.3536084
1753184150.3914595
1753184150.4367528
1753184150.4831085
1753184150.520345
1753184150.5641403
1753184150.6094139
1753184150.6593792
1753184150.710829
1753184150.7435396
1753184150.753691
1753184150.785386
1753184150.8125343
1753184150.8366225
1753184150.8688035
1753184150.898049
1753184150.9313605
1753184150.9626062
1753184150.9935136
1753184151.0257022
1753184151.0682309
1753184151.0964332
1753184151.1273255
1753184151.1597161
1753184151.218031
1753184151.2496023
1753184151.3072345
1753184151.3626647
1753184151.3822365
1753184151.4173815
1753184151.4354134
1753184151.4567382
1753184151.4910185
1753184151.5027728
1753184151.5344853
1753184151.5629537
1753184151.600975
1753184151.6199963
1753184151.6533473
1753184151.672937
1753184151.7088509
1753184151.7277753
1753184151.754724
1753184151.7877386
1753184148.8413846
1753184148.8782866
1753184148.9169538
1753184148.9515855
1753184148.9756804
1753184149.0002759
1753184149.0243523
1753184149.0470169
1753184149.0703325
1753184149.0956635
1753184149.1298199
1753184149.154251
1753184149.1915627
1753184149.2145047
1753184149.2347069
1753184149.2684805
1753184149.290052
1753184149.322581
1753184149.3455849
1753184149.3868024
1753184149.4117436
1753184149.4417274
1753184149.485681
1753184149.5139408
1753184149.5410628
1753184149.564219
1753184149.5895908
1753184149.6287005
1753184149.6492124
1753184149.6886494
1753184149.7118263
1753184149.7627037
1753184149.7917027
1753184149.8423598
1753184149.8672996
1753184149.9130743
1753184149.9432201
1753184149.985388
1753184150.0093775
1753184150.0388803
1753184150.0660114
1753184150.092579
1753184150.1285405
1753184150.1523404
1753184150.173314
1753184150.1948323
1753184150.228178
1753184150.2472835
1753184150.273002
1753184150.3078969
1753184150.3299346
1753184150.3660774
1753184150.3874903
1753184150.4133723
1753184150.447762
1753184150.4687238
1753184150.500705
1753184150.5220213
1753184150.5477853
1753184150.5701191
1753184150.605656
1753184150.6264179
1753184150.6578088
1753184150.6766675
1753184150.7084596
1753184150.7288423
1753184150.7625346
1753184150.785572
1753184150.8168008
1753184150.8507102
1753184150.8736925
1753184150.9121056
1753184150.9362278
1753184150.9742
1753184150.9939907
1753184151.028253
1753184151.052077
1753184151.0869782
1753184151.1018653
1753184151.1307473
1753184151.146177
1753184151.1672559
1753184151.199713
1753184151.2160537
1753184151.2477307
1753184151.26527
1753184151.2885532
1753184151.3107228
1753184151.3325694
1753184151.353738
1753184151.3886132
1753184151.4049199
1753184151.4274478
1753184151.4592254
1753184151.4783874
1753184151.5006618
1753184151.5350814
1753184151.5508049
1753184151.5723171
1753184151.5948489
1753184151.6173656
1753184151.6505044
1753184151.6677873
1753184151.6939542
1753184151.7072105
1753184151.7154696
1753184151.754825
1753184151.791504
1753184151.8391104
1753184151.8627756
1753184151.9013805
1753184151.9404826
1753184151.9789624
1753184152.0028498
1753184152.0444605
1753184152.0833752
1753184152.1213632
1753184152.1446466
1753184152.1827064
1753184152.221023
1753184152.2585835
1753184152.282198
1753184152.3172128
1753184152.3340092
1753184152.3537664
1753184152.3849742
1753184152.4032779
1753184152.426089
1753184152.4601004
1753184152.4900208
1753184152.5250053
1753184152.546609
1753184152.5846877
1753184152.6083784
1753184152.6266038
1753184152.645687
1753184152.684056
1753184152.7179744
1753184152.7523448
1753184152.7736764
1753184152.8065534
1753184152.8400574
1753184152.8804154
1753184152.905902
1753184152.9450445
1753184152.9830985
1753184153.0235958
1753184153.050853
1753184153.0862195
1753184153.1245158
1753184153.1469576
1753184153.1690857
1753184153.2050548
1753184153.241744
1753184153.2789054
1753184153.3030171
1753184153.334554
1753184153.3604517
1753184153.3773782
1753184153.4152932
1753184153.4504216
1753184153.4869504
1753184153.5100076
1753184153.5452964
1753184153.5774682
1753184153.6194868
1753184153.6435168
1753184153.680589
1753184153.7035718
1753184153.7373416
1753184153.7719953
1753184153.8102472
1753184153.8344665
1753184153.8701751
1753184153.9049141
1753184153.942276
1753184153.9666026
1753184154.0022557
1753184154.027594
1753184154.041419
1753184154.0595546
1753184154.0939908
1753184154.1296644
1753184154.1492395
1753184154.1850393
1753184154.2097414
1753184154.245284
1753184154.2693007
1753184154.303514
1753184154.3265398
1753184154.3329287
1753184154.3678374
1753184154.4003766
1753184154.434481
1753184154.4522603
1753184154.487703
1753184154.5168386
1753184154.552072
1753184154.5858839
1753184154.6213243
1753184154.6449003
1753184154.6779292
1753184154.713359
1753184154.7314003
1753184154.7497544
1753184154.7698476
1753184154.813315
1753184154.8487701
1753184154.8844264
1753184154.9087234
1753184154.9467535
1753184154.9826636
1753184155.0225763
1753184155.0466938
1753184155.084263
1753184155.107144
1753184155.1438277
1753184155.1755056
1753184155.1971638
1753184155.231796
1753184155.2698321
1753184155.3044448
1753184155.326931
1753184155.3615665
1753184155.396915
1753184155.4315956
1753184155.45346
1753184155.4760551
1753184155.495688
1753184155.5128012
1753184155.5290968
1753184155.5436018
1753184155.560786
1753184155.579266
1753184155.5994303
1753184155.625584
1753184155.6508846
1753184155.6767719
1753184155.7013566
1753184155.7256773
1753184155.751684
1753184155.7934039
1753184155.8301036
1753184155.853516
1753184155.8912222
1753184155.9278288
1753184155.9650443
1753184155.9894938
1753184156.0311854
