1752551488.202161
1752551488.2556815
1752551488.3201914
1752551488.397274
1752551488.468214
1752551488.5510988
1752551488.6154764
1752551488.6798718
1752551488.7397861
1752551488.8079126
1752551488.882104
1752551488.9436972
1752551488.9968927
1752551489.0605245
1752551489.1330082
1752551489.2000084
1752551489.2618918
1752551489.3272734
1752551489.3810458
1752551489.4389307
1752551489.4936285
1752551489.5596852
1752551489.6110265
1752551489.6840987
1752551489.7389164
1752551489.8050094
1752551489.853961
1752551489.9270303
1752551489.989834
1752551490.0580199
1752551490.109254
1752551490.1749089
1752551490.2146227
1752551490.2732294
1752551490.338725
1752551490.3922572
1752551490.4408765
1752551490.502959
1752551490.5506759
1752551490.613382
1752551490.6638196
1752551490.7225418
1752551490.772148
1752551490.8394396
1752551490.9000666
1752551490.9678743
1752551491.0281408
1752551491.0685856
1752551491.1236596
1752551491.170262
1752551491.215695
1752551491.2784245
1752551491.3259692
1752551491.3835487
1752551491.4438355
1752551491.491113
1752551491.5476255
1752551491.5908399
1752551491.6678398
1752551491.7154493
1752551491.769506
1752551491.8443952
1752551491.8980892
1752551491.9620082
1752551492.0193317
1752551492.068049
1752551492.117009
1752551492.1762626
1752551492.2558038
1752551492.3114386
1752551492.3814354
1752551492.4346635
1752551492.4843543
1752551492.5439098
1752551492.597058
1752551492.6493955
1752551492.7074213
1752551492.753542
1752551492.8045416
1752551492.8606832
1752551492.9232936
1752551492.989559
1752551493.0355217
1752551493.0906267
1752551493.138117
1752551493.1954854
1752551493.2434316
1752551493.3006961
1752551493.3537881
1752551493.4010737
1752551493.461291
1752551493.516933
1752551493.566313
1752551493.6395586
1752551493.6791503
1752551493.7325041
1752551493.8130903
1752551493.860508
1752551493.9155738
1752551493.9811378
1752551494.0400922
1752551494.092621
1752551494.1431115
1752551494.216103
1752551494.275629
1752551494.3291326
1752551494.3894355
1752551494.4493926
1752551494.4994736
1752551494.575779
1752551494.6413708
1752551494.7124321
1752551494.7795665
1752551494.8322766
1752551494.887663
1752551494.9488468
1752551495.006561
1752551495.0709558
1752551495.1392825
1752551495.2029555
1752551495.255306
1752551495.3209085
1752551495.3818007
1752551495.4391649
1752551495.48672
1752551495.559683
1752551495.6110451
1752551495.680823
1752551495.740936
1752551495.8009233
1752551495.8672495
1752551495.9246888
1752551495.994538
1752551496.0476332
1752551496.099155
1752551496.1590443
1752551496.2304313
1752551496.285238
1752551496.3478103
1752551496.4169188
1752551496.506326
1752551496.5666757
1752551496.6219316
1752551496.6836765
1752551496.776035
1752551496.8433845
1752551496.9007897
1752551496.9723628
1752551497.027129
1752551497.0864725
1752551497.1445396
1752551497.210987
1752551497.2590554
1752551497.3271883
1752551497.4013991
1752551497.2768073
1752551497.3306391
1752551497.391684
1752551497.4406013
1752551497.5295644
1752551497.5837483
1752551497.661724
1752551497.7217426
1752551497.7829292
1752551497.8360734
1752551497.9007638
1752551497.962152
1752551498.011062
1752551498.06737
1752551498.1343408
1752551498.1903138
1752551498.2489653
1752551498.3201964
1752551498.3755636
1752551498.4352891
1752551498.497039
1752551498.5592535
1752551498.6269803
1752551498.680741
1752551498.7397146
1752551498.7925122
1752551498.8595126
1752551498.9151857
1752551498.9781868
1752551499.0330143
1752551499.1009722
1752551499.1614356
1752551499.222755
1752551499.2705908
1752551499.331076
1752551499.3918362
1752551499.4655354
1752551499.525616
1752551499.5840824
1752551499.6515646
1752551499.708704
1752551499.758541
1752551499.8324907
1752551499.8872726
1752551499.950115
1752551499.9984589
1752551500.047218
1752551500.1028683
1752551500.1630652
1752551500.1841004
1752551500.2324517
1752551500.281153
1752551500.3401737
1752551500.379698
1752551500.4325132
1752551500.4885538
1752551500.5327332
1752551500.6006088
1752551500.6459558
1752551500.6959515
1752551500.7400527
1752551500.8118057
1752551500.8570158
1752551500.9123392
1752551500.9624155
1752551501.0099154
1752551501.0870929
1752551501.1347826
1752551501.1996286
1752551501.2466285
1752551501.2994986
1752551501.3488142
1752551501.4067876
1752551501.4415205
1752551501.490038
1752551501.5289898
1752551501.5800638
1752551501.6371887
1752551501.697319
1752551501.8197172
1752551501.884824
1752551501.9263983
1752551501.9992332
1752551502.0431206
1752551502.1203241
1752551502.1600497
1752551502.190329
1752551502.2324653
1752551502.2848022
1752551502.3248553
1752551502.3751175
1752551502.4110544
1752551502.4580572
1752551502.4940228
1752551502.5469093
1752551502.5887175
1752551502.6438873
1752551502.6875768
1752551502.7385273
1752551502.7773035
1752551502.8289855
1752551502.8694606
1752551502.9189742
1752551502.9693923
1752551503.045717
1752551503.0861666
1752551503.151564
1752551503.2222242
1752551503.270519
1752551503.3207328
1752551503.360469
1752551503.4023871
1752551503.4523165
1752551503.4979947
1752551503.5546725
1752551503.5932581
1752551503.6468644
1752551503.6822848
1752551503.7206569
1752551503.7613862
1752551503.8033805
1752551503.848448
1752551503.8984766
1752551503.9362843
1752551503.977817
1752551504.0212665
1752551504.0684426
1752551504.118388
1752551504.179084
1752551504.230485
1752551504.2758613
1752551504.3215218
1752551504.3796873
1752551504.4292862
1752551504.4834483
1752551504.5360107
1752551504.598585
1752551504.6467154
1752551504.701438
1752551504.7437356
1752551504.798452
1752551504.8426943
1752551504.8932734
1752551504.9379969
1752551504.9978552
1752840769.6702328
1752840769.6885016
1752840769.7304194
1752840769.779826
1752840769.816973
1752840769.8559403
1752840769.8852074
1752840769.9300733
1752840769.9598548
1752840770.0011697
1752840770.0459726
1752840770.0817842
1752840770.1202288
1752840770.1611216
1752840770.1974862
1752840770.2258933
1752840770.2578278
1752840770.2970798
1752840770.319823
1752840770.3622198
1752840770.3948498
1752840770.4407892
1752840770.4621632
1752840770.503582
1752840770.528639
1752840770.5694623
1752840770.5971854
1752840770.637791
1752840770.6644819
1752840770.7046323
1752840770.7283049
1752840770.7650616
1752840770.7869003
1752840770.827071
1752840770.8595886
1752840770.8927438
1752840770.9158595
1752840770.9492164
1752840770.972215
1752840770.9977832
1752840771.0249827
1752840771.065304
1752840771.0883214
1752840771.1258821
1752840771.149843
1752840771.1758423
1752840771.210587
1752840771.2382934
1752840771.2758741
1752840771.299393
1752840771.3311632
1752840771.3742576
1752840771.400688
1752840771.4355295
1752840771.475885
1752840771.5012796
1752840771.5361888
1752840771.5548148
1752840771.5894034
1752840771.607549
1752840771.6331308
1752840771.668327
1752840771.6887503
1752840771.7261827
1752840771.7462254
1752840771.7691464
1752840771.7920747
1752840771.815715
1752840771.854229
1752840771.8762414
1752840771.915438
1752840771.9397564
1752840771.9679568
1752840772.0124488
1752840772.0383308
1752840772.066829
1752840772.1081107
1752840772.1381142
1752840772.179236
1752840772.2086978
1752840772.2417214
1752840772.286805
1752840772.31808
1752840772.3628585
1752840772.3924026
1752840772.4414792
1752840772.4712746
1752840772.51968
1752840772.5512252
1752840772.5870807
1752840772.6173763
1752840772.6514292
1752840772.6679676
1752840772.721283
1752840772.752131
1752840772.7884257
1752840772.8372383
1752840772.864373
1752840772.903143
1752840772.9578278
1752840772.9948213
1752840773.024721
1752840773.0573041
1752840773.084234
1752840773.1123068
1752840773.154121
1752840773.1845205
1752840773.2232802
1752840773.2533677
1752840773.2998557
1752840773.327835
1752840773.3660932
1752840773.3974404
1752840773.4374642
1752840773.4650705
1752840773.5154061
1752840773.547284
1752840773.5919485
1752840773.6267798
1752840773.6859033
1752840773.7216456
1752840773.7609837
1752840773.794443
1752840773.8476918
1752840773.880416
1752840773.9384468
1752840773.9691696
1752840774.008234
1752840774.036087
1752840774.0741448
1752840774.1145332
1752840774.1441882
1752840774.1836116
1752840774.222132
1752840774.2662919
1752840774.3195567
1752840774.3521247
1752840774.3840747
1752840774.4231331
1752840774.4730775
1752840774.5114136
1752840774.5573022
1752840774.5918534
1752840780.0397718
1752840780.0697753
1752840780.1115785
1752840780.1418145
1752840780.1824615
1752840780.216866
1752840780.2596838
1752840780.2892294
1752840774.4228978
1752840774.4543605
1752840774.4963944
1752840774.5260708
1752840774.5673418
1752840774.6027896
1752840774.639958
1752840774.6722803
1752840774.7189136
1752840774.7483861
1752840774.787364
1752840774.818592
1752840774.8630633
1752840774.8930209
1752840774.932459
1752840774.9713182
1752840774.99892
1752840775.0369604
1752840775.068858
1752840775.1046295
1752840775.1445012
1752840775.1723936
1752840775.2105198
1752840775.2413185
1752840775.2854252
1752840775.3206518
1752840775.3588939
1752840775.3889902
1752840775.4323614
1752840775.460982
1752840775.4963934
1752840775.530826
1752840775.5561109
1752840775.5841484
1752840775.6214325
1752840775.6491914
1752840775.6872149
1752840775.7149255
1752840775.7539225
1752840775.800524
1752840775.846362
1752840775.896339
1752840775.9398377
1752840775.9796174
1752840776.0233846
1752840776.0566208
1752840776.0969934
1752840776.125951
1752840776.1652188
1752840776.1914907
1752840776.2222724
1752840776.2489355
1752840776.2875373
1752840776.2969985
1752840776.3298047
1752840776.3498003
1752840776.3908238
1752840776.4109497
1752840776.43683
1752840776.4638708
1752840776.5008721
1752840776.521973
1752840776.5461438
1752840776.5740786
1752840776.5999014
1752840776.638091
1752840776.6609685
1752840776.6944847
1752840776.7185307
1752840776.7518964
1752840776.7989264
1752840776.8427176
1752840776.8656378
1752840776.8899932
1752840776.9186049
1752840776.9419506
1752840776.975858
1752840776.9954307
1752840777.0309584
1752840777.053617
1752840777.0889046
1752840777.109661
1752840777.143859
1752840777.1657279
1752840777.2039738
1752840777.2254777
1752840777.2647114
1752840777.2933335
1752840777.3280344
1752840777.3501475
1752840777.360313
1752840777.3797019
1752840777.4260066
1752840777.4546425
1752840777.4910574
1752840777.5123246
1752840777.546484
1752840777.566636
1752840777.605783
1752840777.6234941
1752840777.6546886
1752840777.6734638
1752840777.7095072
1752840777.733951
1752840777.769141
1752840777.7899132
1752840777.815545
1752840777.8391027
1752840777.8774836
1752840777.8978968
1752840777.9234126
1752840777.958512
1752840777.9814713
1752840778.0202682
1752840778.0416226
1752840778.0670598
1752840778.101998
1752840778.1258435
1752840778.1644077
1752840778.1917098
1752840778.2221432
1752840778.2367141
1752840778.2619572
1752840778.2853322
1752840778.3084219
1752840778.331994
1752840778.3690636
1752840778.3960214
1752840778.4264898
1752840778.453544
1752840778.478704
1752840778.5033686
1752840778.5428622
1752840778.5632696
1752840778.586785
1752840778.611108
1752840778.6483011
1752840778.6696908
1752840778.7048023
1752840778.7304482
1752840778.7697303
1752840778.7923179
1752840778.8278024
1752840778.8608842
1752840778.8982112
1752840778.922201
1752840778.9572887
1752840778.982464
1752840779.018665
1752843080.7567258
1752843080.7771628
1752843080.819262
1752843080.8611171
1752843080.8940706
1752843080.93076
1752843080.9597352
1752843081.0064185
1752843081.040127
1752843081.0936255
1752843081.1314046
1752843081.1565819
1752843081.1897044
1752843081.2239802
1752843081.2591352
1752843081.2828984
1752843081.3242579
1752843081.360475
1752843081.3913481
1752843081.4294639
1752843081.458844
1752843081.4967632
1752843081.519001
1752843081.5596092
1752843081.5845306
1752843081.6234574
1752843081.6508374
1752843081.690383
1752843081.7152417
1752843081.75389
1752843081.7774484
1752843081.8126073
1752843081.832099
1752843081.8755777
1752843081.9057546
1752843081.939675
1752843081.9616742
1752843081.9950612
1752843082.0194697
1752843082.0527267
1752843082.0881104
1752843082.1273115
1752843082.1544425
1752843082.1891057
1752843082.213662
1752843082.2384062
1752843082.2736356
1752843082.2945747
1752843082.3463035
1752843082.370774
1752843082.3970692
1752843082.4463954
1752843082.4722235
1752843082.5061169
1752843082.5555568
1752843082.5834582
1752843082.6204004
1752843082.640191
1752843082.6801252
1752843082.7006521
1752843082.7337394
1752843082.7840014
1752843082.8027651
1752843082.8512752
1752843082.8760672
1752843082.9053068
1752843082.931349
1752843082.9621627
1752843083.0060542
1752843083.0265646
1752843083.07099
1752843083.0967736
1752843083.1298914
1752843083.1820838
1752843083.212572
1752843089.1003063
1752843089.1469963
1752843089.1838436
1752843089.2266464
1752843089.2533555
1752843089.2843575
1752843089.331566
1752843089.361134
1752843083.035871
1752843083.0702977
1752843083.116619
1752843083.1446457
1752843083.1894238
1752843083.2164857
1752843083.2461073
1752843083.2727654
1752843083.3075852
1752843083.3247242
1752843083.366283
1752843083.399762
1752843083.4320529
1752843083.4698524
1752843083.4958615
1752843083.521903
1752843083.5593376
1752843083.5872917
1752843083.62007
1752843083.6734028
1752843083.7061372
1752843083.7332752
1752843083.7699237
1752843083.7974365
1752843083.8356192
1752843083.8639178
1752843083.9012387
1752843083.929086
1752843083.966708
1752843083.994058
1752843084.0334973
1752843084.060288
1752843084.101548
1752843084.1297793
1752843084.172533
1752843084.2021222
1752843084.2456243
1752843084.274307
1752843084.3144777
1752843084.3389158
1752843084.3873096
1752843084.4554155
1752843084.5045533
1752843084.5357106
1752843084.5785053
1752843084.607355
1752843084.6465874
1752843084.6943164
1752843084.727388
1752843084.7697713
1752843084.802595
1752843084.839853
1752843084.8902838
1752843084.9242158
1752843084.9594452
1752843085.000494
1752843085.051355
1752843085.0851579
1752843085.131435
1752843085.1651962
1752843085.2059114
1752843085.241152
1752843085.2857559
1752843085.320335
1752843085.3674245
1752843085.400809
1752843085.44578
1752843085.4798584
1752843085.525781
1752843085.5532134
1752843085.5967653
1752843085.6253614
1752843085.6675878
1752843085.705517
1752843085.7512796
1752843085.783099
1752843085.832254
1752843085.8630571
1752843085.9024916
1752843085.9314642
1752843085.9775376
1752843086.0072312
1752843086.0465815
1752843086.0914192
1752843086.1194007
1752843086.1570377
1752843086.1856709
1752843086.2179694
1752843086.260358
1752843086.2937503
1752843086.335693
1752843086.3674915
1752843086.4115605
1752843086.4582043
1752843086.4977612
1752843086.5277147
1752843086.569282
1752843086.5995336
1752843086.6342726
1752843086.6677935
1752843086.6932404
1752843086.7254348
1752843086.7713351
1752843086.8072474
1752843086.8482506
1752843086.8782678
1752843086.9202962
1752843086.955911
1752843086.999194
1752843087.0347087
1752843087.079113
1752843087.1100707
1752843087.1607015
1752843087.1978633
1752843087.2452188
1752843087.275591
1752843087.3266788
1752843087.355993
1752843087.387935
1752843087.4213483
1752843087.4528825
1752843087.4645245
1752843087.4997659
1752843087.5196679
1752843087.5595334
1752843087.5804925
1752843087.6048846
1752843087.6301339
1752843087.6649868
1752843087.6851244
1752843087.7089763
1752843087.7358794
1752843087.7610815
1752843087.7988586
1752843087.8217735
1752843087.857531
1752843087.8817434
1752843087.9078312
1752843087.9457011
1752843087.9774919
1752843088.0008721
1752843088.0268874
1752843088.0631344
1752843088.0907621
1752843088.1294773
1752843088.1505659
1752843088.1881092
1752843088.2107244
1752843094.1084507
1752843094.1282353
1752843094.1602144
1752843094.1794322
1752843094.2132235
1752843094.2368245
1752843094.2735386
1752843094.2944689
1752843094.3278654
1752843094.3483312
1752843094.3583627
1752843094.3772676
1752843088.052593
1752843088.0800936
1752843088.1134095
1752843088.1297002
1752843088.162606
1752843088.1826937
1752843088.2159631
1752843088.2334461
1752843088.263105
1752843088.279865
1752843088.3132675
1752843088.3309975
1752843088.3662264
1752843088.386342
1752843088.4104705
1752843088.4334016
1752843088.4853477
1752843088.5109036
1752843088.541138
1752843088.584094
1752843088.6068997
1752843088.642187
1752843088.6638384
1752843088.6875427
1752843088.7234204
1752843088.74655
1752843088.7820995
1752843088.8066728
1752843088.8387835
1752843088.8532043
1752843088.880596
1752843088.9045053
1752843088.9286592
1752843088.956725
1752843088.9904096
1752843089.0113034
1752843089.0361528
1752843089.064525
1752843089.088357
1752843089.1118348
1752843089.1440637
1752843089.167038
1752843089.1995876
1752843089.2376812
1752843089.2770212
1752843089.302476
1752843089.35351
1752843089.381006
1752843089.415112
1752843089.4399676
1752843089.4753044
1752843089.5068235
1752843089.5417695
1752843089.5664034
1752843089.6012607
1752843089.6262052
1752843089.6655514
1752888776.7849114
1752888776.8051364
1752888776.8403068
1752888776.876876
1752888776.9023216
1752888776.936142
1752888776.9622612
1752888776.9974172
1752888777.0233579
1752888777.058313
1752888777.093398
1752888777.1180615
1752888777.1499476
1752888777.1832573
1752888777.2154748
1752888777.2380626
1752888777.2666273
1752888777.300657
1752888777.3212826
1752888777.3523304
1752888777.3795657
1752888777.4152994
1752888777.4344265
1752888777.4702566
1752888777.4931633
1752888777.5292125
1752888777.5531735
1752888777.5891883
1752888777.6124468
1752888777.645812
1752888777.6670172
1752888777.6990871
1752888777.717186
1752888777.7618313
1752888777.7889984
1752888777.819334
1752888777.8393312
1752888777.8681698
1752888777.8866787
1752888777.9097137
1752888777.9351795
1752888777.9686406
1752888777.9917328
1752888778.0235844
1752888778.0452013
1752888778.068877
1752888778.0983737
1752888778.1165116
1752888778.1471183
1752888778.1688497
1752888778.1938312
1752888778.2261376
1752888778.2458522
1752888778.2692654
1752888778.3030822
1752888778.323437
1752888778.3545675
1752888778.3715868
1752888778.40232
1752888778.4190598
1752888778.4422054
1752888778.4723566
1752888778.4889202
1752888778.5207174
1752888778.5386348
1752888778.5599248
1752888778.5808668
1752888778.6017182
1752888778.6339116
1752888778.652203
1752888778.6868606
1752888778.7095902
1752888778.7376096
1752888778.7710955
1752888778.7909083
1752888778.8141053
1752888778.8469725
1752888778.8694646
1752888778.9026036
1752888778.925335
1752888778.9488463
1752888778.9825668
1752888779.0046318
1752888779.0368173
1752888779.060693
1752888779.0969934
1752888779.121011
1752888779.1583257
1752888779.1834352
1752888779.21017
1752888779.2360358
1752888779.2721717
1752888779.2895367
1752888779.3271618
1752888779.351988
1752888779.3825896
1752888779.4204235
1752888779.444932
1752888779.4703279
1752888779.5060344
1752888779.5323396
1752888779.5597322
1752888779.589264
1752888779.6162813
1752888779.642627
1752888779.6765301
1752888779.704634
1752888779.7403278
1752888779.766816
1752888779.8027465
1752888779.8294768
1752888779.8657706
1752888779.8929372
1752888779.9306023
1752888779.9582343
1752888779.9954326
1752888780.0249815
1752888780.0699847
1752888780.102117
1752888780.1413956
1752888780.1690798
1752888780.2054186
1752888780.2300506
1752888780.2668486
1752888780.2963157
1752888780.3344371
1752888780.3630998
1752888780.3991263
1752888780.4271898
1752888780.4677415
1752888780.5052106
1752888780.5331705
1752888780.571001
1752888780.6006725
1752888780.6305861
1752888780.6706464
1752888780.6999578
1752888780.727874
1752888780.7610996
1752888780.8014014
1752888780.8283849
1752888780.8631923
1752888780.8896697
1752888780.9240017
1752888780.9504812
1752888780.986358
1752888781.0129564
1752888781.0481653
1752888781.0759156
1752888781.111863
1752888781.138229
1752888781.175312
1752888781.1998901
1752888781.2355473
1752888781.2622392
1752888781.3088648
1752888781.34125
1752888781.374811
1752888781.4016788
1752888781.4394665
1752888781.466464
1752888781.5008185
1752888781.528336
1752888781.5664413
1752888781.593405
1752888781.6286063
1752888781.6634822
1752888781.6893425
1752888781.7234952
1752888781.7496617
1752888781.7780583
1752888781.8148355
1752888781.8409395
1752888781.8756738
1752888781.9032362
1752888781.9404662
1752888781.9721506
1752888782.0072045
1752888782.0353777
1752888782.0725718
1752888782.099121
1752888782.132983
1752888782.1657119
1752888782.189695
1752888782.2164514
1752888782.2504482
1752888782.2763708
1752888782.3119066
1752888782.3361018
1752888782.373178
1752888782.400288
1752888782.4382548
1752888782.469639
1752888782.508196
1752888782.5334506
1752888782.569105
1752888782.5946445
1752888782.6308823
1752888782.6565242
1752888782.6917393
1752888782.7160778
1752888782.7421618
1752888782.7677033
1752888782.7957897
1752888782.8042705
1752888782.835916
1752888782.8536947
1752888782.8903983
1752888782.9095073
1752888782.9312842
1752888782.9555264
1752888782.987807
1752888783.0062287
1752888783.0293345
1752888783.0536323
1752888783.077141
1752888783.111716
1752888783.132743
1752888783.1630023
1752888783.1845362
1752888783.208741
1752888783.240457
1752888783.2694972
1752888783.290883
1752888783.31346
1752888783.3395846
1752888783.3614879
1752888783.3925812
1752888783.410098
1752888783.4413388
1752888783.4609892
1752888783.4929574
1752888783.512045
1752888783.5424397
1752888783.5605774
1752888783.5922148
1752888783.6105208
1752888783.6410708
1752888783.6594853
1752888783.6923192
1752888783.7102313
1752888783.7188232
1752888783.7360609
1752888783.7680483
1752888783.794111
1752888783.8262124
1752888783.8416994
1752888783.8706863
1752888783.889809
1752888783.919483
1752888783.9358559
1752888783.9637263
1752888783.9791923
1752888784.0072641
1752888784.023231
1752888784.051838
1752888784.0687559
1752888784.0899615
1752888784.1108453
1752888784.1452293
1752888784.1637447
1752888784.1868114
1752888784.218942
1752888784.2410264
1752888784.2750342
1752888784.2965856
1752888784.3192687
1752888784.352716
1752888784.3728826
1752888784.404456
1752888784.4230275
1752888784.4491231
1752888784.4617686
1752888784.4826777
1752888784.5058196
1752888784.5277097
1752888784.5503683
1752888784.5819645
1752888784.6002145
1752888784.6216786
1752888784.6446114
1752888784.6699233
1752888784.6918795
1752888784.722871
1752888784.741603
1752888784.762617
1752888784.7868385
1752888784.8265216
1752888784.8583572
1752888784.8986104
1752888784.9217696
1752888784.952577
1752888784.9734006
1752888785.0056002
1752888785.02715
1752888785.0623608
1752888785.0831409
1752888785.1154416
1752888785.137885
1752888785.1683404
1752891201.395093
1752891201.4182155
1752891201.456377
1752891201.4964442
1752891201.5276895
1752891201.5710807
1752891201.605055
1752891201.6458864
1752891201.6798654
1752891201.719998
1752891201.763288
1752891201.7896082
1752891201.8249872
1752891201.8637507
1752891201.8999119
1752891201.9256768
1752891201.9566915
1752891201.994951
1752891202.0202184
1752891202.0566158
1752891202.0875173
1752891202.1332123
1752891202.1572263
1752891202.2023213
1752891202.2280886
1752891202.269743
1752891202.2968411
1752891202.3380952
1752891202.3638868
1752891202.404079
1752891202.427785
1752891202.4618537
1752891202.4817173
1752891202.5148332
1752891202.5455353
1752891202.5819616
1752891202.608731
1752891202.6453433
1752891202.6676943
1752891202.697724
1752891202.7264807
1752891202.7638378
1752891202.7869053
1752891202.8339005
1752891202.8569648
1752891202.8849735
1752891202.9245381
1752891202.9527156
1752891202.9926083
1752891203.016976
1752891203.0440266
1752891203.077871
1752891203.0984848
1752891203.1276698
1752891203.1719449
1752891203.1980195
1752891203.2319527
1752891203.2601688
1752891203.2998686
1752891203.3203495
1752891203.3503327
1752891203.3879313
1752891203.4122686
1752891203.4533916
1752891203.4795735
1752891203.5101523
1752891203.5366523
1752891203.562904
1752891203.601761
1752891203.6253223
1752891203.666425
1752891203.691063
1752891203.7205603
1752891203.765676
1752891203.7919517
1752891203.822452
1752891203.8630207
1752891203.8903637
1752891203.9269035
1752891203.9561577
1752891203.9847977
1752891204.0231826
1752891204.0476513
1752891204.0836914
1752891204.108599
1752891204.1487627
1752891204.175086
1752891204.224945
1752891204.2521238
1752891204.280562
1752891204.3083215
1752891204.343442
1752891204.3587353
1752891204.397701
1752891204.424808
1752891204.4603596
1752891204.5017738
1752891204.527768
1752891204.5549178
1752891204.5969422
1752891204.6259663
1752891204.6542041
1752891204.6908
1752891204.723358
1752891204.7513084
1752891204.7925682
1752891204.8221881
1752891204.864737
1752891204.8983872
1752891204.9436607
1752891204.9742093
1752891205.0161865
1752891205.0466537
1752891205.089509
1752891205.1208026
1752891205.1825457
1752891205.218962
1752891205.2648396
1752891205.2969656
1752891205.3379986
1752891205.3672109
1752891205.4050121
1752891205.4294379
1752891205.4663305
1752891205.495031
1752891205.551377
1752891205.5842857
1752891205.629074
1752891205.6611874
1752891205.7005708
1752891205.7407503
1752891205.7880774
1752891205.8324378
1752891205.8619359
1752891205.8925085
1752891205.9339705
1752891205.9638448
1752891205.9931347
1752891206.0262837
1752891206.0709238
1752891206.1047726
1752891206.1444268
1752891206.1756933
1752891206.2136014
1752891206.2472057
1752891206.2923975
1752891206.3238556
1752891206.3677714
1752891206.3991077
1752891206.4382467
1752891206.4689667
1752891206.5097249
1752891206.5360155
1752891206.5757458
1752891206.6048894
1752891206.645283
1752891206.6823626
1752891206.723496
1752891206.7542038
1752891206.7970762
1752891206.8266757
1752891206.8673077
1752891206.8963122
1752891206.940814
1752891206.9702964
1752891207.0078363
1752891207.0464098
1752891207.075779
1752891207.1148467
1752891207.143065
1752891207.174176
1752891207.2161057
1752891207.2432454
1752891207.27837
1752891207.3108103
1752891207.352088
1752891207.3905349
1752891207.4317815
1752891207.4632974
1752891207.5017834
1752891207.5307186
1752891207.5642579
1752891207.5977676
1752891207.6236446
1752891207.658034
1752891207.7043614
1752891207.738102
1752891207.7768304
1752891207.804044
1752891207.8420813
1752891207.8730059
1752891207.9161565
1752891207.9546263
1752891207.996368
1752891208.0296915
1752891208.0723548
1752891208.099121
1752891208.1373703
1752891208.1653206
1752891208.2036238
1752891208.2307
1752891208.2589457
1752891208.288618
1752891208.3209007
1752891208.332251
1752891208.3645627
1752891208.3827577
1752891208.421012
1752891208.443962
1752891208.470375
1752891208.4967942
1752891208.5350893
1752891208.559409
1752891208.5849593
1752891208.6116176
1752891208.6436684
1752891208.6822896
1752891208.706145
1752891208.7403588
1752891208.7646165
1752891208.7921307
1752891208.8298085
1752891208.864164
1752891208.8911173
1752891208.9169707
1752891208.946539
1752891208.9777122
1752891209.014064
1752891209.0325034
1752891209.0650635
1752891209.088768
1752891209.125112
1752891209.1469889
1752891209.189792
1752891209.2122116
1752891209.2458045
1752891209.2678413
1752891209.3036764
1752891209.3296227
1752891209.3672857
1752891209.3874426
1752891209.396064
1752891209.41596
1752891209.4579213
1752891209.4956915
1752891209.5360606
1752891209.553278
1752891209.5931447
1752891209.614819
1752891209.6480155
1752891209.6698282
1752891209.708259
1752891209.7268405
1752891209.767016
1752891209.7884984
1752891209.825933
1752891209.8543742
1752891209.8873763
1752891209.9185355
1752891209.9698098
1752891209.991573
1752891210.0193534
1752891210.0643024
1752891210.0921712
1752891210.132185
1752891210.1591644
1752891210.1945975
1752891210.241985
1752891210.265853
1752891210.2985964
1752891210.322959
1752891210.359022
1752891210.37199
1752891210.398215
1752891210.4303634
1752891210.4554696
1752891210.4856837
1752891210.519664
1752891210.539705
1752891210.563584
1752891210.592256
1752891210.6177216
1752891210.643247
1752891210.6774437
1752891210.6981976
1752891210.7280715
1752891210.7520692
1752891210.7844577
1752891210.8075886
1752891210.8450198
1752891210.8692315
1752891210.903517
1752891210.9252257
1752891210.9590225
1752891210.9834871
1752891211.0247993
1752891211.049209
1752891211.0961514
1752891211.1216938
1752891211.1565921
