1752577949.3020494
1752577949.3386486
1752577949.403943
1752577949.4758935
1752577949.5300024
1752577949.5915208
1752577949.6879728
1752577949.7596982
1752577949.819939
1752577949.8837616
1752577949.925152
1752577949.9793708
1752577950.0367134
1752577950.0943606
1752577950.1352751
1752577950.1898856
1752577950.2521162
1752577950.3089097
1752577950.340933
1752577950.3855937
1752577950.4316835
1752577950.472268
1752577950.5074527
1752577950.6691601
1752577950.7209396
1752577950.7709582
1752577950.8144126
1752577950.8682334
1752577950.918571
1752577950.9732938
1752577951.0238802
1752577951.0824988
1752577951.1414077
1752577951.1785457
1752577951.2196066
1752577951.2504976
1752577951.2971015
1752577951.3520286
1752577951.3820462
1752577951.4236228
1752577951.4526951
1752577951.4869108
1752577951.5217783
1752577951.5654876
1752577951.6041803
1752577951.6438484
1752577951.6801577
1752577951.7326424
1752577951.7673788
1752577951.8078012
1752577951.849862
1752577951.878967
1752577951.9203348
1752577951.961661
1752577951.997416
1752577952.029945
1752577952.0635426
1752577952.098413
1752577952.1322808
1752577952.1668897
1752577952.2066276
1752577952.2470045
1752577952.2811081
1752577952.331528
1752577952.3702307
1752577952.403768
1752577952.4451854
1752577952.5116618
1752577952.5512064
1752577952.594127
1752577952.6331124
1752577952.6806278
1752577952.7592828
1752577952.8003554
1752577952.8336937
1752577952.868753
1752577952.9103265
1752577952.9600754
1752577953.0047698
1752577953.0508027
1752577953.1064243
1752577953.158821
1752577953.2087145
1752577953.256023
1752577953.2994268
1752577953.3484616
1752577953.4038558
1752577953.450635
1752577953.4985666
1752577953.5438573
1752577953.5907514
1752577953.6342251
1752577953.6775732
1752577953.723343
1752577953.7651103
1752577953.8047428
1752577953.852478
1752577953.8976653
1752577953.9349234
1752577953.9766364
1752577954.0319505
1752577954.0748956
1752577954.142536
1752577954.181924
1752577954.2349372
1752577954.2933123
1752577954.3348196
1752577954.3929129
1752577954.4375026
1752577954.4832783
1752577954.53862
1752577954.5938787
1752577954.6430545
1752577954.6961646
1752577954.735705
1752577954.7984173
1752577954.8452876
1752577954.8954146
1752577954.9405978
1752577954.9959354
1752577955.066523
1752577955.1144238
1752577955.172899
1752577955.2206674
1752577955.2707136
1752577955.3188019
1752577955.361704
1752577955.3968651
1752577955.4550242
1752577955.4931319
1752577955.5340343
1752577955.5607798
1752577955.5966043
1752577955.637643
1752577955.670575
1752577955.7130032
1752577955.7479846
1752577955.7894123
1752577955.8292522
1752577955.8749216
1752577955.916672
1752577955.9771605
1752577956.0119371
1752577956.0753102
1752577956.1323967
1752577956.191914
1752577956.2467728
1752577956.298195
1752577956.333712
1752577956.372949
1752577956.4144893
1752577956.477272
1752577956.5290372
1752577956.5686753
1752577956.606213
1752577956.6330976
1752577956.652935
1752577956.6972752
1752577956.7365017
1752577956.77744
1752577956.8148084
1752577956.8542194
1752577956.893044
1752577956.9308138
1752577956.9594324
1752577957.0284162
1752577957.0759258
1752577957.1178873
1752577957.152641
1752577957.1945474
1752577957.234202
1752577957.2824657
1752577957.3180068
1752577957.3632243
1752577957.3950055
1752577957.4266722
1752577957.4574416
1752577957.4976177
1752577957.5310192
1752577957.5706127
1752577957.6096845
1752577957.651931
1752577957.699695
1752577957.7369137
1752577957.777984
1752577957.805713
1752577957.8343332
1752577957.8711464
1752577957.9151316
1752577957.9571579
1752577957.9905365
1752577958.0324202
1752577958.0716093
1752577958.1086836
1752577958.1385965
1752577958.185456
1752577958.2236803
1752577958.2629042
1752577958.29817
1752577958.336598
1752577958.3801694
1752577958.418063
1752577958.4574552
1752577958.5063186
1752577958.5545328
1752577958.6041956
1752577958.641462
1752577958.68021
1752577958.7261198
1752577958.7542922
1752577958.790325
1752577958.8371603
1752577958.8838632
1752577958.9191992
1752577958.9602056
1752577959.0107076
1752577959.0796502
1752577959.11664
1752577959.1750438
1752577959.2088094
1752577959.2495575
1752577959.291029
1752577959.3329883
1752577959.3825195
1752577959.4300742
1752577959.47293
1752577959.5185523
1752577959.5970714
1752577959.6371548
1752577959.7072906
1752577959.7498026
1752577959.7903543
1752577959.8195152
1752577959.864045
1752577959.9009585
1752577959.966068
1752577960.0176167
1752577960.056439
1752577960.0941117
1752577960.1350577
1752577960.169495
1752577960.2054412
1752577960.3288748
1752577960.4002647
1752577960.4426558
1752577960.4771578
1752577960.514014
1752577960.5449154
1752577960.5938375
1752577960.6259916
1752577960.6649294
1752577960.7100854
1752577960.7547884
1752577960.789958
1752577960.8144433
1752577960.86207
1752577960.901175
1752577960.9482703
1752577961.0185518
1752577961.069875
1752577961.1293411
1752577961.1766427
1752577961.215486
1752577961.2605052
1752577961.3078701
1752577961.3573802
1752577961.389336
1752577961.4428186
1752577961.4893143
1752577961.5294495
1752577961.5750449
1752577961.650931
1752577961.6892526
1752577961.7253633
1752577961.7891164
1752577961.8239214
1752577961.8614402
1752577961.9017098
1752577961.9307714
1752577961.9780645
1752577962.0025864
1752577962.0317466
1752577962.0491066
1752577962.0762093
1752577962.1029954
1752577962.137014
1752577962.1793835
1752577962.2114859
1752577962.2466512
1752577962.2818925
1752577962.3166738
1752577962.3717923
1752577962.4448154
1752577962.4873216
1752577962.517977
1752577962.5709388
1752577962.6100156
1752577962.6744208
1752577962.704709
1752577962.752964
