1752502279.8751214
1752502279.9423985
1752502280.0899074
1752502280.2191095
1752502280.33825
1752502280.460866
1752502280.6017194
1752502280.7627864
1752502280.9430983
1752502281.08569
1752502281.2451315
1752502281.350728
1752502281.4604244
1752502281.5493717
1752502281.6318765
1752502281.7679102
1752502281.8559113
1752502281.97072
1752502282.1046925
1752502282.2102795
1752502282.306392
1752502282.3768916
1752502282.4543734
1752502282.540455
1752502282.597453
1752502282.66472
1752502282.7160413
1752502282.7630732
1752502282.831563
1752502282.8891034
1752502282.9994688
1752502283.0599425
1752502283.1158853
1752502283.202035
1752502283.2855277
1752502283.3810494
1752502283.4839365
1752502283.603668
1752502283.753127
1752502283.8665679
1752502283.9474802
1752502284.029513
1752502284.1009362
1752502284.164431
1752502284.236998
1752502284.324974
1752502284.4365265
1752502284.5380032
1752502284.6785069
1752502284.7788045
1752502284.8871834
1752502284.9496627
1752502285.043699
1752502285.1140683
1752502285.1825767
1752502285.2381718
1752502285.286793
1752502285.34951
1752502285.3985796
1752502285.4591882
1752502285.5461464
1752502285.629307
1752502285.7239172
1752502285.8087468
1752502285.8889265
1752502285.9473095
1752502285.9940796
1752502286.0713212
1752502286.1235085
1752502286.1727266
1752502286.2363908
1752502286.2816362
1752502286.334293
1752502286.3974123
1752502286.4613655
1752502286.5167687
1752502286.5627267
1752502286.632548
1752502286.7116442
1752502286.7839565
1752502286.8458164
1752502286.9152443
1752502286.9959135
1752502287.0543516
1752502287.0973253
1752502287.1667883
1752502287.2609556
1752502287.3119097
1752502287.3905962
1752502287.462633
1752502287.5332687
1752502287.5833545
1752502287.6222777
1752502287.6880455
1752502287.7404137
1752502287.7889802
1752502287.8577278
1752502287.897423
1752502287.9542544
1752502288.023829
1752502288.0947266
1752502288.1630294
1752502288.2279954
1752502288.2798498
1752502288.351826
1752502288.427089
1752502288.5540001
1752502288.713828
1752502288.8608694
1752502289.0010996
1752502289.1558259
1752502289.2885585
1752502289.4057968
1752502289.5735593
1752502289.6913853
1752502289.8345006
1752502289.9417448
1752502290.0679572
1752502290.2362702
1752502290.3372893
1752502290.470656
1752502290.5247338
1752502290.6167367
1752502290.6697688
1752502290.746394
1752502290.7972088
1752502290.8526642
1752502290.9270175
1752502290.9926615
1752502291.0729487
1752502291.217623
1752502291.3012502
1752502291.368964
1752502291.4608037
1752502291.5322466
1752502291.5998547
1752502291.7336907
1752502291.8531008
1752502291.9463127
1752502292.0379431
1752502292.1277566
1752502292.2052686
1752502292.3008947
1752502292.3849418
1752502292.5168207
1752502292.684649
1752502292.8213396
1752502292.9179063
1752502293.0016098
1752502293.0749028
1752502293.1404936
1752502293.1989787
1752502293.2871985
1752502293.3744855
1752502293.4679384
1752502293.5554852
1752502293.6316018
1752502293.7088666
1752502293.7690914
1752502293.8394828
1752502293.9288385
1752502294.018727
1752502294.072442
1752502294.141148
1752502294.1958334
1752502294.254577
1752502294.3121345
1752502294.3800309
1752502294.4550812
1752502294.5372121
1752502294.6450644
1752502294.8053315
1752502294.939717
1752502295.0888362
1752502295.2782435
1752502295.4134545
1752502295.5136857
1752502295.6020224
1752502295.679168
1752502295.7481198
1752502295.8203962
1752502295.8872862
1752502295.9672859
1752502296.0411975
1752502296.1117136
1752502296.1755915
1752502296.2308183
1752502296.3128097
1752502296.407709
1752502296.5256364
1752502296.6735609
1752502296.8190498
1752502296.9583404
1752502297.090461
1752502297.224046
1752502297.3960898
1752502297.5292158
1752502297.6647599
1752502297.7933128
1752502297.8933299
1752502297.9893584
1752502298.0808995
1752502298.1562028
1752502298.2180202
1752502298.2946846
1752502298.3612347
1752502298.436203
1752502298.5065298
1752502298.5650182
1752502298.620636
1752502298.596001
1752502298.6220357
1752502298.67808
1752502298.7468522
1752502298.8000622
1752502298.8520908
1752502298.9291787
1752502298.981347
1752502299.0365176
1752502299.105252
1752502299.1974015
1752502299.277912
1752502299.3722217
1752502299.4642837
1752502299.5547864
1752502299.66517
1752502299.790624
1752502299.8886647
1752502299.9780257
1752502300.0620635
1752502300.138876
1752502300.2313812
1752502300.2819111
1752502300.3746905
1752502300.4482508
1752502300.51644
1752502300.584535
1752502300.6361616
1752502300.699112
1752502300.7600887
1752502300.8333225
1752502300.9006565
1752502301.0104885
1752502301.142463
1752502301.2721913
1752502301.369609
1752502301.44911
1752502301.521599
1752502301.6035361
1752502301.6889555
1752502301.7950895
1752502301.8766422
1752502301.9913347
1752502302.0868795
1752502302.1964443
1752502302.2929306
1752502302.3576927
1752502302.4307714
1752502302.4985855
1752502302.5802739
1752502302.6854901
1752502302.82236
1752502302.9364877
1752502303.0039449
1752502303.0966184
1752502303.1715012
1752502303.2555037
1752502303.3235617
1752502303.410954
1752502303.4801216
1752502303.5450351
1752502303.6312244
1752502303.7081995
1752502303.777812
1752502303.8545818
1752502303.9431689
1752502304.0268667
1752502304.103703
1752502304.166366
1752502304.233742
1752502304.3096328
1752502304.4009507
1752502304.4970727
1752502304.5675752
1752502304.6906374
1752502304.8271291
1752502304.9039931
1752502304.9774587
1752502305.0683177
1752502305.169272
1752502305.263206
1752502305.344768
1752502305.43342
1752502305.4982235
1752502305.5825617
1752502305.6481433
1752502305.7193284
1752502305.817729
1752502305.907849
1752502305.9811249
1752502306.0702357
1752502306.1519961
1752502306.2590423
1752502306.3442175
1752502306.4253306
1752502306.4949079
1752502306.57133
1752502306.6653535
1752502306.7636564
1752502306.8501103
1752502306.9471095
1752502307.0328054
1752502307.1417155
1752502307.2191198
1752502307.330012
1752502307.4044065
1752502307.4807222
1752502307.5357385
1752502307.5975137
1752502307.6454687
1752502307.7079716
1752502307.768083
1752502307.8574176
1752502307.923652
1752502308.0025501
1752502308.0545104
1752502308.1200254
1752502308.1792686
1752502308.2524242
1752502308.3370614
1752502308.4368458
1752502308.5197182
1752502308.6189172
1752502308.7094276
1752502308.7988505
1752502308.8869896
1752502309.0190299
1752502309.1147175
1752502309.25275
1752502309.3838613
1752502309.4838543
1752502309.5553308
1752502309.651893
1752502309.700724
1752502309.7797952
1752502309.863735
1752502309.9076219
1752502309.962938
1752502310.023871
1752502310.0909739
1752502310.1848311
1752502310.2437663
1752502310.3144166
1752502310.3863404
1752502310.4484851
1752502310.508263
1752502310.5488236
1752502310.6487894
1752502310.7275996
1752502310.8340573
1752502311.0119703
1752502311.1053092
1752502311.224899
1752502311.313506
1752502311.4183583
1752502311.5768306
1752502311.7297714
1752502311.864141
1752502311.9672146
1752502312.1219122
1752502312.2596374
1752502312.3982837
1752502312.531371
1752502312.6239426
1752502312.7078648
1752502312.7980945
1752502312.8882978
1752502312.9855492
1752502313.063834
1752502313.131018
1752502313.2198231
1752502313.325979
1752502313.44912
1752502313.5883067
1752502313.7689717
1752502313.894046
1752502314.0283463
1752502314.1823933
1752502314.3466392
1752502314.4741662
