1752549140.9212234
1752549140.9620934
1752549141.0071769
1752549141.0931447
1752549141.129556
1752549141.206813
1752549141.2488425
1752549141.3344493
1752549141.3917387
1752549141.4517236
1752549141.5006175
1752549141.5637383
1752549141.6210017
1752549141.683895
1752549141.7363005
1752549141.7895103
1752549141.8593705
1752549141.907398
1752549141.9463794
1752549142.0114493
1752549142.0588648
1752549142.1183271
1752549142.2032304
1752549142.249159
1752549142.2923827
1752549142.3419192
1752549142.3843591
1752549142.44039
1752549142.4859257
1752549142.5436862
1752549142.5953028
1752549142.6669545
1752549142.7023613
1752549142.7579842
1752549142.809207
1752549142.8582134
1752549142.9072008
1752549142.9528441
1752549143.0012567
1752549143.0592535
1752549143.1097386
1752549143.166015
1752549143.225641
1752549143.2864192
1752549143.3367143
1752549143.3874805
1752549143.4417214
1752549143.4963732
1752549143.5678856
1752549143.639499
1752549143.7005308
1752549143.772708
1752549143.839765
1752549143.9046779
1752549143.9677634
1752549144.0267773
1752549144.0759928
1752549144.1311865
1752549144.1858277
1752549144.2283883
1752549144.2720456
1752549144.313827
1752549144.3491633
1752549144.3894851
1752549144.4316297
1752549144.4762254
1752549144.522367
1752549144.575773
1752549144.6290402
1752549144.6784348
1752549144.7298079
1752549144.7829251
1752549144.837677
1752549144.8929021
1752549144.9502108
1752549145.0044641
1752549145.0700746
1752549145.1291082
1752549145.1896846
1752549145.2391465
1752549145.2914581
1752549145.34268
1752549145.3901305
1752549145.4409232
1752549145.4846466
1752549145.5266151
1752549145.5631151
1752549145.6102612
1752549145.6429045
1752549145.6762736
1752549145.7125719
1752549145.7513635
1752549145.782718
1752549145.8141484
1752549145.8490167
1752549145.8906436
1752549145.932398
1752549146.0092845
1752549146.0524535
1752549146.0999177
1752549146.1421597
1752549146.1831577
1752549146.226797
1752549146.2777278
1752549146.3189876
1752549146.3637948
1752549146.4023702
1752549146.4404752
1752549146.496062
1752549146.543929
1752549146.5947561
1752549146.6463516
1752549146.7005281
1752549146.7647347
1752549146.8141816
1752549146.8510754
1752549146.9224992
1752549146.9603784
1752549146.9977496
1752549147.0461125
1752549147.0803697
1752549147.1331344
1752549147.1679595
1752549147.2134924
1752549147.2551844
1752549147.3168573
1752549147.3599076
1752549147.4095314
1752549147.4551053
1752549147.510536
1752549147.5772424
1752549147.6284232
1752549147.684172
1752549147.7890463
1752549147.8347626
1752549147.886257
1752549147.9427664
1752549147.990745
1752549148.0404384
1752549148.0948052
1752549148.1408508
1752549148.1935587
1752549148.2530096
1752549148.3154624
1752549148.3706384
1752549148.4966245
1752549148.5414858
1752549148.5890675
1752549148.6440485
1752549148.7094698
1752549148.7676616
1752549148.8253567
1752549148.8653696
1752549148.91086
1752549148.9615736
1752549149.0051067
1752549149.0721369
1752549149.1276226
1752549149.1694322
1752549149.221993
1752549149.2748582
1752549149.3271542
1752549149.403666
1752549149.4463146
1752549149.4902723
1752549149.5454807
1752549149.600757
1752549149.6477005
1752549149.6955674
1752549149.7705894
1752549149.8195257
1752549149.8830504
1752549149.932257
1752549149.9887137
1752549150.0395305
1752549150.088194
1752549150.1460156
1752549150.1965497
1752549150.2547631
1752549150.3119335
1752549150.363015
1752549150.4131732
1752549150.460253
1752549150.504042
1752549150.5808418
1752549150.6375062
1752549150.6905444
1752549150.7583675
1752549150.825238
1752549150.8736963
1752549150.943581
1752549150.9847965
1752549151.021087
1752549151.0654578
1752549151.1124296
1752549151.161712
1752549151.2025309
1752549151.2479258
1752549151.302973
1752549151.3746784
1752549151.4204764
1752549151.4720664
1752549151.5313993
1752549151.5853205
1752549151.623552
1752549151.6789894
1752549151.7273257
1752549151.793003
1752549151.846964
1752549151.9080584
1752549151.9552135
1752549151.9970975
1752549152.045343
1752549152.122422
1752549152.1645808
1752549152.2164686
1752549152.276101
1752549152.3308532
1752549152.3856125
1752549152.4489164
1752549152.4989855
1752549152.5497518
1752549152.594242
1752549152.654844
1752549152.7114012
1752549152.7683148
1752549152.8267577
1752549152.873829
1752549152.9258473
1752549152.9914048
1752549153.0717301
1752549153.118194
1752549153.1745615
1752549153.2340646
1752549153.2838085
1752549153.3331156
1752549153.3737907
1752549153.4362118
1752549153.490864
1752549153.5396736
1752549153.5879989
1752549153.6197882
1752549153.6735997
1752549153.7285953
1752549153.7699244
1752549153.826381
1752549153.8661802
1752549153.91415
1752549153.9810658
1752549154.0221548
1752549154.0678134
1752549154.1331701
1752549154.1865087
1752549154.261651
1752549154.3240952
1752549154.3736765
1752549154.4474645
1752549154.5001566
1752549154.5530252
1752549154.6048002
1752549154.6573563
1752549154.7076097
1752549154.7564437
1752549154.8128881
1752549154.8718271
1752549154.9277515
1752549154.994171
1752549155.0573752
1752549155.1135375
1752549155.1595948
1752549155.2002513
1752549155.262541
1752549155.3066347
1752549155.360599
1752549155.4292629
1752549155.488537
1752549155.5493858
1752549155.6257977
1752549155.6808589
1752549155.7488835
1752549155.805959
1752549155.8588085
1752549155.9141233
1752549155.990531
1752549156.037732
1752549156.0943959
1752549156.1596403
1752549156.194397
1752549156.2653277
1752549156.3122363
1752549156.35219
1752549156.4051049
1752549156.4473178
1752549156.5034192
1752549156.5709033
1752549156.629002
1752549156.6798744
1752549156.7212946
1752549156.7661426
1752549156.8225374
