1752502761.7919462
1752502761.8964186
1752502762.0930307
1752502762.2745132
1752502762.4178746
1752502762.529133
1752502762.638365
1752502762.757527
1752502762.865582
1752502762.97888
1752502763.0787027
1752502763.2205222
1752502763.3131497
1752502763.4095128
1752502763.5182197
1752502763.6281486
1752502763.7277377
1752502763.8234107
1752502763.9204223
1752502764.0155785
1752502764.1181312
1752502764.2079093
1752502764.3096392
1752502764.41102
1752502764.5381842
1752502764.636275
1752502764.7271757
1752502764.8373225
1752502764.9427679
1752502765.0619676
1752502765.162363
1752502765.258288
1752502765.375287
1752502765.4756944
1752502765.5651515
1752502765.6592348
1752502765.7468355
1752502765.8578615
1752502765.9733047
1752502766.1059027
1752502766.212619
1752502766.3840113
1752502766.5286324
1752502766.698662
1752502766.8372958
1752502766.9814827
1752502767.0936801
1752502767.2234578
1752502767.3806965
1752502767.5087821
1752502767.6944978
1752502767.8974953
1752502768.0391042
1752502768.2168136
1752502768.4138875
1752502768.564902
1752502768.7534082
1752502768.9230337
1752502769.1021569
1752502769.265411
1752502769.4066985
1752502769.539308
1752502769.642324
1752502769.7391393
1752502769.8330796
1752502769.9308243
1752502770.0175118
1752502770.1310391
1752502770.2586691
1752502770.3625572
1752502770.4812338
1752502770.6337416
1752502770.789614
1752502770.976349
1752502771.1580217
1752502771.335799
1752502771.5185542
1752502771.677569
1752502771.856324
1752502772.0386353
1752502772.224812
1752502772.3899717
1752502772.5330157
1752502772.7053125
1752502772.8880305
1752502773.0551653
1752502773.2433984
1752502773.4237638
1752502773.6107845
1752502773.802285
1752502773.9855678
1752502774.1561458
1752502774.3395488
1752502774.5136755
1752502774.7032044
1752502774.8592033
1752502775.045325
1752502775.2504983
1752502775.4506676
1752502775.639402
1752502775.873141
1752502776.079529
1752502776.2443218
1752502776.4414713
1752502776.631252
1752502776.8194745
1752502777.0268931
1752502777.2066302
1752502777.4266734
1752502777.5510414
1752502777.7259564
1752502777.88626
1752502778.0213878
1752502778.1935391
1752502778.370726
1752502778.5350013
1752502778.6842694
1752502778.8556986
1752502779.0262346
1752502779.201474
1752502779.3896017
1752502779.5387554
1752502779.7246318
1752502779.918499
1752502780.1037889
1752502780.3132272
1752502780.4846547
1752502780.6209056
1752502780.825256
1752502780.9846601
1752502781.1625247
1752502781.3636332
1752502781.559225
1752502781.7304153
1752502781.9241776
1752502782.097761
1752502782.28521
1752502782.4611254
1752502782.6284575
1752502782.7954993
1752502782.9399164
1752502783.1285462
1752502783.3145757
1752502783.4857085
1752502783.6614149
1752502783.813453
1752502784.006214
1752502784.1799912
1752502784.353907
1752502784.5025475
1752502784.6749976
1752502784.8143506
1752502784.9855812
1752502785.1440136
1752502785.3200498
1752502785.4666922
1752502785.605981
1752502785.7960901
1752502785.949704
1752502786.1077611
1752502786.290184
1752502786.42749
1752502786.5752127
1752502786.7607474
1752502786.956671
1752502787.1343205
1752502787.26556
1752502787.4035988
1752502787.5708277
1752502787.746108
1752502787.9154167
1752502788.0861824
1752502788.2807956
1752502788.4528985
1752502788.6094668
1752502788.7495222
1752502788.9106078
1752502788.9958887
1752502789.1325133
1752502789.2911406
1752502789.420806
1752502789.5776308
1752502789.7416348
1752502789.9120836
1752502790.1021903
1752502790.2866297
1752502790.4531324
1752502790.5852542
1752502790.7515144
1752502790.9350662
1752502791.1083941
1752502791.2669458
1752502791.4439228
1752502791.5832121
1752502791.7799263
1752502791.914062
1752502792.0962384
1752502792.2543597
1752502792.4420311
1752502792.6051471
1752502792.7874918
1752502792.9543223
1752502793.1378026
1752502793.3105278
1752502793.484112
1752502793.6673517
1752502793.835939
1752502793.9946854
1752502794.1514995
1752502794.3276203
1752502794.4979773
1752502794.6757627
1752502794.8186514
1752502794.9931397
1752502795.1772492
1752502795.3576589
1752502795.5158608
1752502795.688294
1752502795.8532395
1752502796.0440269
1752502796.2239835
1752502796.3759985
1752502796.53127
1752502796.702773
1752502796.9075658
1752502797.090467
1752502797.2733297
1752502797.465895
1752502797.6194708
1752502797.8083448
1752502797.9880095
1752502798.1319723
1752502798.3203404
1752502798.4902632
1752502798.687611
1752502798.888402
1752502799.0475237
1752502799.219349
1752502799.3863823
1752502799.5439203
1752502799.7297196
1752502799.9334998
1752502800.1365519
1752502800.27305
1752502800.458121
1752502800.6319485
1752502800.7980306
1752502800.977452
1752502801.1372182
1752502801.319899
1752502801.5181782
1752502801.7223713
1752502801.887604
1752502802.0584438
1752502802.240496
1752502802.3898315
