1753184107.083996
1753184107.103251
1753184107.132504
1753184107.1686687
1753184107.1761103
1753184107.2012165
1753184107.225717
1753184107.2495167
1753184107.2735243
1753184107.3059359
1753184107.3289216
1753184107.351877
1753184107.3751395
1753184107.4001005
1753184107.4249418
1753184107.4514756
1753184107.4798272
1753184107.5083897
1753184107.5379608
1753184107.5675316
1753184107.5979686
1753184107.6277297
1753184107.653816
1753184107.6814983
1753184107.7080882
1753184107.7349036
1753184107.7598157
1753184107.7848196
1753184107.8097188
1753184107.844089
1753184107.86472
1753184107.8894057
1753184107.9156768
1753184107.9523287
1753184107.9701746
1753184107.9943566
1753184108.0204003
1753184108.0488677
1753184108.073564
1753184108.097376
1753184108.1211064
1753184108.1454265
1753184108.167787
1753184108.1892304
1753184108.2114038
1753184108.2468038
1753184108.2627115
1753184108.2860844
1753184108.310573
1753184108.3329031
1753184108.3534262
1753184108.37622
1753184108.3986044
1753184108.4203448
1753184108.4395447
1753184108.4586675
1753184108.48068
1753184108.5021615
1753184108.5244827
1753184108.5448248
1753184108.564498
1753184108.5844843
1753184108.6079965
1753184108.6384256
1753184108.654626
1753184108.6788514
1753184108.705504
1753184108.7333457
1753184108.7586799
1753184108.7856221
1753184108.812049
1753184108.8396735
1753184108.8685882
1753184108.8968346
1753184108.9295356
1753184108.9560995
1753184108.9842243
1753184109.028419
1753184109.0572538
1753184109.0838683
1753184109.1118999
1753184109.1403248
1753184109.1669722
1753184109.2026942
1753184109.2305925
1753184109.2633796
1753184109.2902384
1753184109.3168726
1753184109.3442132
1753184109.3810532
1753184109.4088914
1753184109.4432943
1753184109.4731448
1753184109.5014956
1753184109.533846
1753184109.5610335
1753184109.5982354
1753184109.6266198
1753184109.6544158
1753184109.6895359
1753184109.7199543
1753184109.7581034
1753184109.7883568
1753184109.8223028
1753184109.85248
1753184109.8867407
1753184109.9162395
1753184109.9539917
1753184109.9827101
1753184110.0104356
1753184110.0382664
1753184110.0657363
1753184110.092171
1753184110.120862
1753184110.1293497
1753184110.1642945
1753184110.1976547
1753184110.2370427
1753184110.2705064
1753184110.3082488
1753184110.3423822
1753184110.3718603
1753184110.4104972
1753184110.4407098
1753184110.473109
1753184110.5022361
1753184110.5316737
1753184110.5783126
1753184110.6190138
1753184110.6576257
1753184110.6975033
1753184110.7491255
1753184110.78174
1753184110.8216577
1753184110.8506036
1753184110.8771472
1753184110.9062326
1753184110.9443402
1753184110.9788065
1753184111.006184
1753184111.0398104
1753184111.0758488
1753184111.109888
1753184111.138707
1753184111.17485
1753184111.2014756
1753184111.227696
1753184111.2561736
1753184111.2857237
1753184111.3122764
1753184111.341365
1753184111.3782966
1753184111.39291
1753184111.427294
1753184111.439751
1753184111.474869
1753184111.4915257
1753184111.5291126
1753184111.5467288
1753184111.5832627
1753184111.6015725
1753184111.6258552
1753184111.6516972
1753184111.692971
1753184111.711103
1753184111.7368789
1753184111.7801723
1753184111.8018842
1753184111.8267853
1753184111.8552175
1753184111.8810146
1753184111.9057462
1753184111.944789
1753184111.960616
1753184111.9832523
1753184112.006542
1753184112.030448
1753184112.0665424
1753184112.0846827
1753184112.10661
1753184112.1393266
1753184112.1652098
1753184112.2001824
1753184112.2198553
1753184112.2366195
1753184112.261712
1753184112.2891219
1753184112.3353357
1753184112.3562117
1753184112.3921216
1753184112.413259
1753184112.4371276
1753184112.4721003
1753184112.4940343
1753184112.529482
1753184112.5507152
1753184112.5855792
1753184112.6079957
1753184112.6326177
1753184112.6645145
1753184112.6855857
1753184112.7175865
1753184112.7515392
1753184112.77156
1753184112.8067114
1753184112.8289633
1753184112.865079
1753184112.8879452
1753184112.9250288
1753184112.9484506
1753184112.9834483
1753184113.0039554
1753184113.037193
1753184113.058501
1753184113.0885253
1753184113.10628
1753184113.1416116
1753184113.1634238
1753184113.2006676
1753184113.2225847
1753184113.2586915
1753184113.2797348
1753184113.3025868
1753184113.3388627
1753184113.3710384
1753184113.4071488
1753184113.4230044
1753184113.4605677
1753184113.496164
1753184113.5158262
1753184113.548738
1753184113.57046
1753184113.6057582
1753184113.6416025
1753184113.6826015
1753184113.6971114
1753184113.7295759
1753184113.762854
1753184113.7964628
1753184113.8123183
1753184113.8335602
1753184113.8399186
1753184113.8622756
1753184113.89613
1753184113.9104328
1753184113.932024
1753184113.9543397
1753184113.9878862
1753184114.020706
1753184114.0384533
1753184114.070844
1753184114.0906546
1753184114.1244311
1753184114.145945
1753184114.1684
1753184114.2033465
1753184114.2236738
1753184114.247132
1753184114.2686203
1753184114.303562
1753184114.3224902
1753184114.3439295
1753184114.3667827
1753184114.3891087
1753184114.409475
1753184114.4299576
1753184114.4528186
1753184114.4771383
1753184114.5009851
1753184114.5253677
1753184114.5492132
1753184114.5761135
1753184114.6009746
1753184114.6280365
1753184114.6495836
1753184114.6883152
1753184114.7134979
1753184114.7471452
1753184114.7722208
1753184114.8001769
1753184114.8369758
1753184114.8766332
1753184114.9041286
1753184114.9418213
1753184114.9696758
1753184115.0075278
1753184115.0344393
1753184115.0698676
1753184115.0974152
1753184115.1359534
1753184115.1649225
1753184115.2025974
1753184115.2294576
1753184115.267256
1753184115.303153
1753184115.3421662
1753184115.3713226
1753184115.4076269
1753184115.442695
