1752578181.3618894
1752578181.417466
1752578181.483197
1752578181.5388663
1752578181.584996
1752578181.633043
1752578181.7039595
1752578181.76837
1752578181.8367794
1752578181.8890715
1752578181.942596
1752578182.0045962
1752578182.0502555
1752578182.0918515
1752578182.149023
1752578182.2048128
1752578182.2575665
1752578182.3086004
1752578182.3725724
1752578182.435181
1752578182.488925
1752578182.5410848
1752578182.596099
1752578182.6459913
1752578182.6977866
1752578182.7564666
1752578182.8121443
1752578182.8767657
1752578182.9344096
1752578182.9926364
1752578183.048586
1752578183.1097362
1752578183.1606967
1752578183.2218103
1752578183.2768567
1752578183.3223624
1752578183.370668
1752578183.4219651
1752578183.4706345
1752578183.5127566
1752578183.567738
1752578183.6218026
1752578183.6777177
1752578183.7347038
1752578183.789308
1752578183.8446648
1752578183.8966098
1752578183.9570541
1752578184.0207758
1752578184.0712569
1752578184.1274414
1752578184.1787596
1752578184.2332711
1752578184.2904067
1752578184.341386
1752578184.4066038
1752578184.4615633
1752578184.5267742
1752578184.5804775
1752578184.6351497
1752578184.688526
1752578184.7371495
1752578184.793769
1752578184.847934
1752578184.8890047
1752578184.9348898
1752578184.987179
1752578185.036905
1752578185.08676
1752578185.1358163
1752578185.1916373
1752578185.2534215
1752578185.3087475
1752578185.3674135
1752578185.4355123
1752578185.4965334
1752578185.5550804
1752578185.6111677
1752578185.6654625
1752578185.7117996
1752578185.77284
1752578185.8363497
1752578185.890885
1752578185.946671
1752578186.0195348
1752578186.0903382
1752578186.1520274
1752578186.2052577
1752578186.2571442
1752578186.313231
1752578186.3650157
1752578186.418019
1752578186.4776053
1752578186.521685
1752578186.5860622
1752578186.6402454
1752578186.699272
1752578186.7474897
1752578186.7984436
1752578186.857755
1752578186.903717
1752578186.9627213
1752578187.0174978
1752578187.0753148
1752578187.1308007
1752578187.1882088
1752578187.240219
1752578187.290672
1752578187.336189
1752578187.3874917
1752578187.437025
1752578187.4834504
1752578187.5385697
1752578187.6008866
1752578187.6527028
1752578187.7094116
1752578187.7499685
1752578187.7929287
1752578187.8391404
1752578187.879701
1752578187.9362726
1752578187.9850998
1752578188.0321906
1752578188.0705843
1752578188.1196618
1752578188.1650693
1752578188.2132945
1752578188.2523715
1752578188.2979085
1752578188.3486454
1752578188.3998566
1752578188.438727
1752578188.476824
1752578188.5508673
1752578188.6181953
1752578188.6818066
1752578188.7324917
1752578188.7822056
1752578188.832869
1752578188.8947344
1752578188.9391205
1752578188.9858663
1752578189.0314405
1752578189.0764055
1752578189.1236677
1752578189.1705155
1752578189.2202547
1752578189.2760653
1752578189.3241968
1752578189.394934
1752578189.4496632
1752578189.5087416
1752578189.5583677
1752578189.5973763
1752578189.6516786
1752578189.7082672
1752578189.7655995
1752578189.8149185
1752578189.8976812
1752578189.948327
1752578189.99193
1752578190.0643437
1752578190.1215193
1752578190.1831875
1752578190.2301366
1752578190.2804453
1752578190.327632
1752578190.3725965
1752578190.5113595
1752578190.568812
1752578190.6189997
1752578190.6659148
1752578190.7198682
1752578190.7785127
1752578190.8364272
1752578190.8861237
1752578190.9327407
1752578190.9807837
1752578191.0404556
1752578191.096259
1752578191.1514344
1752578191.2658334
1752578191.3264616
1752578191.37621
1752578191.4434645
1752578191.4900217
1752578191.5498319
1752578191.6186328
1752578191.678717
1752578191.7270236
1752578191.7708838
1752578191.822224
1752578191.8752296
1752578191.9352446
1752578191.9834223
1752578192.0261319
1752578192.0706
1752578192.1233103
1752578192.1728845
1752578192.2225633
1752578192.2790058
1752578192.3285122
1752578192.3808177
1752578192.423373
1752578192.4741635
1752578192.5296812
1752578192.5792727
1752578192.6238892
1752578192.6778803
1752578192.7191257
1752578192.7691715
1752578192.8320835
1752578192.8874145
1752578192.9305975
1752578193.0054405
1752578193.058965
1752578193.108976
1752578193.161739
1752578193.2071571
1752578193.2637525
1752578193.3153815
1752578193.3637073
1752578193.4145505
1752578193.4597063
1752578193.5129945
1752578193.5703614
1752578193.6279676
1752578193.6738908
1752578193.7356126
1752578193.791966
1752578193.8348818
1752578193.8836508
1752578193.938126
1752578193.98671
1752578194.0408661
1752578194.0787172
1752578194.1243906
1752578194.1725507
1752578194.221348
1752578194.2500095
1752578194.3115141
1752578194.3626199
1752578194.424896
1752578194.4726865
1752578194.5270395
1752578194.570947
1752578194.6302187
1752578194.68453
1752578194.739093
1752578194.7858284
1752578194.8421533
1752578194.8898118
1752578194.953966
1752578195.0163229
1752578195.070276
1752578195.1127048
1752578195.1623068
1752578195.204803
1752578195.269337
1752578195.3280258
1752578195.4011078
1752578195.4555159
1752578195.52645
1752578195.5836837
1752578195.6620748
1752578195.7227843
1752578195.7824035
1752578195.8406837
1752578195.9057953
1752578195.9737372
1752578196.0338607
1752578196.0888448
1752578196.1431444
1752578196.1974406
1752578196.2564712
1752578196.327535
1752578196.3783464
1752578196.4423816
1752578196.495619
1752578196.5561008
1752578196.6134837
1752578196.6810327
1752578196.739534
1752578196.8029456
1752578196.8689044
1752578196.9352212
1752578197.0026944
1752578197.0562732
1752578197.1093762
1752578197.175025
1752578197.226967
1752578197.291486
1752578197.3511007
1752578197.3991392
1752578197.4746487
1752578197.5334582
1752578197.598235
1752578197.6547587
1752578197.7264013
1752578197.7853732
