-1.000000000000000000e+00,8.000000000000000000e+00,1.600000000000000000e+01,4.000000000000000000e+00,8.000000000000000000e+00,4.000000000000000000e+00,8.000000000000000000e+00,0.000000000000000000e+00,0.000000000000000000e+00,4.000000000000000000e+00
-1.000000000000000000e+00,8.000000000000000000e+00,1.600000000000000000e+01,1.200000000000000000e+01,8.000000000000000000e+00,1.200000000000000000e+01,8.000000000000000000e+00,0.000000000000000000e+00,0.000000000000000000e+00,4.000000000000000000e+00
1.000000000000000000e+00,8.000000000000000000e+00,1.600000000000000000e+01,4.000000000000000000e+00,8.000000000000000000e+00,4.000000000000000000e+00,8.000000000000000000e+00,0.000000000000000000e+00,0.000000000000000000e+00,4.000000000000000000e+00
1.000000000000000000e+00,8.000000000000000000e+00,1.600000000000000000e+01,4.200000000000000000e+01,-4.000000000000000000e+00,1.200000000000000000e+01,8.000000000000000000e+00,1.230000000000000000e+02,-5.000000000000000000e+01,4.000000000000000000e+00
1.000000000000000000e+00,1.600000000000000000e+01,1.600000000000000000e+01,5.400000000000000000e+01,-4.000000000000000000e+00,2.400000000000000000e+01,8.000000000000000000e+00,1.230000000000000000e+02,-5.000000000000000000e+01,4.000000000000000000e+00
1.000000000000000000e+00,8.000000000000000000e+00,1.600000000000000000e+01,6.800000000000000000e+01,-4.000000000000000000e+00,3.600000000000000000e+01,8.000000000000000000e+00,1.310000000000000000e+02,-5.000000000000000000e+01,4.000000000000000000e+00
1.000000000000000000e+00,8.000000000000000000e+00,1.600000000000000000e+01,7.600000000000000000e+01,-4.000000000000000000e+00,4.400000000000000000e+01,8.000000000000000000e+00,1.310000000000000000e+02,-5.000000000000000000e+01,4.000000000000000000e+00
1.000000000000000000e+00,8.000000000000000000e+00,1.600000000000000000e+01,8.100000000000000000e+01,-4.000000000000000000e+00,5.200000000000000000e+01,8.000000000000000000e+00,1.160000000000000000e+02,-5.000000000000000000e+01,4.000000000000000000e+00
1.000000000000000000e+00,8.000000000000000000e+00,1.600000000000000000e+01,8.900000000000000000e+01,-4.000000000000000000e+00,6.000000000000000000e+01,8.000000000000000000e+00,1.160000000000000000e+02,-5.000000000000000000e+01,4.000000000000000000e+00
1.000000000000000000e+00,1.600000000000000000e+01,1.600000000000000000e+01,1.010000000000000000e+02,-4.000000000000000000e+00,7.200000000000000000e+01,8.000000000000000000e+00,1.160000000000000000e+02,-5.000000000000000000e+01,4.000000000000000000e+00
1.000000000000000000e+00,1.600000000000000000e+01,1.600000000000000000e+01,1.170000000000000000e+02,-4.000000000000000000e+00,8.800000000000000000e+01,8.000000000000000000e+00,1.160000000000000000e+02,-5.000000000000000000e+01,4.000000000000000000e+00
1.000000000000000000e+00,8.000000000000000000e+00,1.600000000000000000e+01,1.070000000000000000e+02,-4.000000000000000000e+00,1.000000000000000000e+02,8.000000000000000000e+00,2.800000000000000000e+01,-5.000000000000000000e+01,4.000000000000000000e+00
1.000000000000000000e+00,8.000000000000000000e+00,1.600000000000000000e+01,1.150000000000000000e+02,-4.000000000000000000e+00,1.080000000000000000e+02,8.000000000000000000e+00,2.800000000000000000e+01,-5.000000000000000000e+01,4.000000000000000000e+00
-1.000000000000000000e+00,1.600000000000000000e+01,1.600000000000000000e+01,1.000000000000000000e+02,2.400000000000000000e+01,1.200000000000000000e+02,8.000000000000000000e+00,-8.000000000000000000e+01,6.400000000000000000e+01,4.000000000000000000e+00
1.000000000000000000e+00,1.600000000000000000e+01,1.600000000000000000e+01,1.500000000000000000e+02,8.000000000000000000e+00,1.360000000000000000e+02,8.000000000000000000e+00,5.600000000000000000e+01,0.000000000000000000e+00,4.000000000000000000e+00
-1.000000000000000000e+00,1.600000000000000000e+01,1.600000000000000000e+01,1.460000000000000000e+02,2.600000000000000000e+01,1.680000000000000000e+02,8.000000000000000000e+00,-9.100000000000000000e+01,7.200000000000000000e+01,4.000000000000000000e+00
-1.000000000000000000e+00,1.600000000000000000e+01,1.600000000000000000e+01,1.610000000000000000e+02,2.800000000000000000e+01,1.840000000000000000e+02,8.000000000000000000e+00,-9.500000000000000000e+01,8.100000000000000000e+01,4.000000000000000000e+00
-1.000000000000000000e+00,1.600000000000000000e+01,1.600000000000000000e+01,1.770000000000000000e+02,2.800000000000000000e+01,2.000000000000000000e+02,8.000000000000000000e+00,-9.500000000000000000e+01,8.100000000000000000e+01,4.000000000000000000e+00
-1.000000000000000000e+00,1.600000000000000000e+01,1.600000000000000000e+01,1.930000000000000000e+02,2.800000000000000000e+01,2.160000000000000000e+02,8.000000000000000000e+00,-9.200000000000000000e+01,8.100000000000000000e+01,4.000000000000000000e+00
-1.000000000000000000e+00,1.600000000000000000e+01,1.600000000000000000e+01,2.090000000000000000e+02,2.800000000000000000e+01,2.320000000000000000e+02,8.000000000000000000e+00,-9.200000000000000000e+01,8.100000000000000000e+01,4.000000000000000000e+00
1.000000000000000000e+00,1.600000000000000000e+01,1.600000000000000000e+01,2.480000000000000000e+02,8.000000000000000000e+00,2.480000000000000000e+02,8.000000000000000000e+00,0.000000000000000000e+00,0.000000000000000000e+00,4.000000000000000000e+00
-1.000000000000000000e+00,1.600000000000000000e+01,1.600000000000000000e+01,2.410000000000000000e+02,2.300000000000000000e+01,2.640000000000000000e+02,8.000000000000000000e+00,-9.500000000000000000e+01,6.300000000000000000e+01,4.000000000000000000e+00
-1.000000000000000000e+00,1.600000000000000000e+01,1.600000000000000000e+01,2.590000000000000000e+02,2.800000000000000000e+01,2.800000000000000000e+02,8.000000000000000000e+00,-8.700000000000000000e+01,8.200000000000000000e+01,4.000000000000000000e+00
-1.000000000000000000e+00,1.600000000000000000e+01,1.600000000000000000e+01,2.730000000000000000e+02,3.000000000000000000e+01,2.960000000000000000e+02,8.000000000000000000e+00,-9.200000000000000000e+01,8.800000000000000000e+01,4.000000000000000000e+00
-1.000000000000000000e+00,1.600000000000000000e+01,1.600000000000000000e+01,2.910000000000000000e+02,3.000000000000000000e+01,3.120000000000000000e+02,8.000000000000000000e+00,-8.500000000000000000e+01,8.800000000000000000e+01,4.000000000000000000e+00
-1.000000000000000000e+00,1.600000000000000000e+01,1.600000000000000000e+01,3.070000000000000000e+02,3.000000000000000000e+01,3.280000000000000000e+02,8.000000000000000000e+00,-8.500000000000000000e+01,8.800000000000000000e+01,4.000000000000000000e+00
-1.000000000000000000e+00,1.600000000000000000e+01,1.600000000000000000e+01,3.230000000000000000e+02,2.800000000000000000e+01,3.440000000000000000e+02,8.000000000000000000e+00,-8.500000000000000000e+01,8.000000000000000000e+01,4.000000000000000000e+00
-1.000000000000000000e+00,1.600000000000000000e+01,1.600000000000000000e+01,3.390000000000000000e+02,2.800000000000000000e+01,3.600000000000000000e+02,8.000000000000000000e+00,-8.500000000000000000e+01,8.000000000000000000e+01,4.000000000000000000e+00
-1.000000000000000000e+00,1.600000000000000000e+01,1.600000000000000000e+01,3.600000000000000000e+02,2.500000000000000000e+01,3.760000000000000000e+02,8.000000000000000000e+00,-6.500000000000000000e+01,7.100000000000000000e+01,4.000000000000000000e+00
-1.000000000000000000e+00,1.600000000000000000e+01,1.600000000000000000e+01,3.760000000000000000e+02,2.500000000000000000e+01,3.920000000000000000e+02,8.000000000000000000e+00,-6.500000000000000000e+01,7.100000000000000000e+01,4.000000000000000000e+00
-1.000000000000000000e+00,8.000000000000000000e+00,1.600000000000000000e+01,3.880000000000000000e+02,2.500000000000000000e+01,4.040000000000000000e+02,8.000000000000000000e+00,-6.500000000000000000e+01,7.100000000000000000e+01,4.000000000000000000e+00
-1.000000000000000000e+00,8.000000000000000000e+00,1.600000000000000000e+01,3.920000000000000000e+02,2.500000000000000000e+01,4.120000000000000000e+02,8.000000000000000000e+00,-8.200000000000000000e+01,7.100000000000000000e+01,4.000000000000000000e+00
-1.000000000000000000e+00,1.600000000000000000e+01,1.600000000000000000e+01,4.040000000000000000e+02,2.500000000000000000e+01,4.240000000000000000e+02,8.000000000000000000e+00,-8.100000000000000000e+01,7.100000000000000000e+01,4.000000000000000000e+00
-1.000000000000000000e+00,1.600000000000000000e+01,1.600000000000000000e+01,4.560000000000000000e+02,8.000000000000000000e+00,4.560000000000000000e+02,8.000000000000000000e+00,0.000000000000000000e+00,0.000000000000000000e+00,4.000000000000000000e+00
-1.000000000000000000e+00,1.600000000000000000e+01,1.600000000000000000e+01,4.720000000000000000e+02,8.000000000000000000e+00,4.720000000000000000e+02,8.000000000000000000e+00,0.000000000000000000e+00,0.000000000000000000e+00,4.000000000000000000e+00
-1.000000000000000000e+00,1.600000000000000000e+01,1.600000000000000000e+01,4.880000000000000000e+02,8.000000000000000000e+00,4.880000000000000000e+02,8.000000000000000000e+00,0.000000000000000000e+00,0.000000000000000000e+00,4.000000000000000000e+00
1.000000000000000000e+00,1.600000000000000000e+01,1.600000000000000000e+01,5.040000000000000000e+02,8.000000000000000000e+00,5.040000000000000000e+02,8.000000000000000000e+00,0.000000000000000000e+00,0.000000000000000000e+00,4.000000000000000000e+00
1.000000000000000000e+00,1.600000000000000000e+01,1.600000000000000000e+01,5.200000000000000000e+02,8.000000000000000000e+00,5.200000000000000000e+02,8.000000000000000000e+00,0.000000000000000000e+00,0.000000000000000000e+00,4.000000000000000000e+00
-1.000000000000000000e+00,8.000000000000000000e+00,1.600000000000000000e+01,5.320000000000000000e+02,8.000000000000000000e+00,5.320000000000000000e+02,8.000000000000000000e+00,0.000000000000000000e+00,0.000000000000000000e+00,4.000000000000000000e+00
-1.000000000000000000e+00,8.000000000000000000e+00,1.600000000000000000e+01,5.400000000000000000e+02,8.000000000000000000e+00,5.400000000000000000e+02,8.000000000000000000e+00,0.000000000000000000e+00,0.000000000000000000e+00,4.000000000000000000e+00
1.000000000000000000e+00,8.000000000000000000e+00,1.600000000000000000e+01,5.320000000000000000e+02,8.000000000000000000e+00,5.320000000000000000e+02,8.000000000000000000e+00,0.000000000000000000e+00,0.000000000000000000e+00,4.000000000000000000e+00
1.000000000000000000e+00,8.000000000000000000e+00,1.600000000000000000e+01,5.650000000000000000e+02,8.000000000000000000e+00,5.400000000000000000e+02,8.000000000000000000e+00,1.000000000000000000e+02,0.000000000000000000e+00,4.000000000000000000e+00
1.000000000000000000e+00,1.600000000000000000e+01,1.600000000000000000e+01,5.750000000000000000e+02,-6.000000000000000000e+00,5.520000000000000000e+02,8.000000000000000000e+00,9.200000000000000000e+01,-5.600000000000000000e+01,4.000000000000000000e+00
1.000000000000000000e+00,1.600000000000000000e+01,1.600000000000000000e+01,5.910000000000000000e+02,-6.000000000000000000e+00,5.680000000000000000e+02,8.000000000000000000e+00,9.200000000000000000e+01,-5.600000000000000000e+01,4.000000000000000000e+00
-1.000000000000000000e+00,1.600000000000000000e+01,1.600000000000000000e+01,6.000000000000000000e+02,8.000000000000000000e+00,6.000000000000000000e+02,8.000000000000000000e+00,0.000000000000000000e+00,0.000000000000000000e+00,4.000000000000000000e+00
1.000000000000000000e+00,1.600000000000000000e+01,1.600000000000000000e+01,6.000000000000000000e+02,8.000000000000000000e+00,6.000000000000000000e+02,8.000000000000000000e+00,0.000000000000000000e+00,0.000000000000000000e+00,4.000000000000000000e+00
1.000000000000000000e+00,1.600000000000000000e+01,1.600000000000000000e+01,6.160000000000000000e+02,2.000000000000000000e+00,6.160000000000000000e+02,8.000000000000000000e+00,-1.000000000000000000e+00,-2.400000000000000000e+01,4.000000000000000000e+00
1.000000000000000000e+00,1.600000000000000000e+01,1.600000000000000000e+01,6.320000000000000000e+02,4.000000000000000000e+00,6.320000000000000000e+02,8.000000000000000000e+00,-3.000000000000000000e+00,-1.700000000000000000e+01,4.000000000000000000e+00
-1.000000000000000000e+00,1.600000000000000000e+01,1.600000000000000000e+01,6.280000000000000000e+02,2.800000000000000000e+01,6.480000000000000000e+02,8.000000000000000000e+00,-8.000000000000000000e+01,8.000000000000000000e+01,4.000000000000000000e+00
-1.000000000000000000e+00,1.600000000000000000e+01,8.000000000000000000e+00,6.440000000000000000e+02,2.500000000000000000e+01,6.640000000000000000e+02,4.000000000000000000e+00,-8.000000000000000000e+01,8.400000000000000000e+01,4.000000000000000000e+00
-1.000000000000000000e+00,1.600000000000000000e+01,8.000000000000000000e+00,6.440000000000000000e+02,3.400000000000000000e+01,6.640000000000000000e+02,1.200000000000000000e+01,-8.000000000000000000e+01,9.000000000000000000e+01,4.000000000000000000e+00
-1.000000000000000000e+00,1.600000000000000000e+01,1.600000000000000000e+01,6.600000000000000000e+02,3.000000000000000000e+01,6.800000000000000000e+02,8.000000000000000000e+00,-8.000000000000000000e+01,9.000000000000000000e+01,4.000000000000000000e+00
-1.000000000000000000e+00,1.600000000000000000e+01,1.600000000000000000e+01,6.880000000000000000e+02,3.000000000000000000e+01,7.120000000000000000e+02,8.000000000000000000e+00,-9.600000000000000000e+01,9.000000000000000000e+01,4.000000000000000000e+00
-1.000000000000000000e+00,1.600000000000000000e+01,1.600000000000000000e+01,7.410000000000000000e+02,3.000000000000000000e+01,7.600000000000000000e+02,8.000000000000000000e+00,-7.600000000000000000e+01,9.000000000000000000e+01,4.000000000000000000e+00
-1.000000000000000000e+00,8.000000000000000000e+00,8.000000000000000000e+00,8.360000000000000000e+02,4.000000000000000000e+00,8.360000000000000000e+02,4.000000000000000000e+00,0.000000000000000000e+00,0.000000000000000000e+00,4.000000000000000000e+00
-1.000000000000000000e+00,8.000000000000000000e+00,8.000000000000000000e+00,8.440000000000000000e+02,4.000000000000000000e+00,8.440000000000000000e+02,4.000000000000000000e+00,0.000000000000000000e+00,0.000000000000000000e+00,4.000000000000000000e+00
-1.000000000000000000e+00,8.000000000000000000e+00,8.000000000000000000e+00,8.360000000000000000e+02,1.200000000000000000e+01,8.360000000000000000e+02,1.200000000000000000e+01,0.000000000000000000e+00,0.000000000000000000e+00,4.000000000000000000e+00
-1.000000000000000000e+00,8.000000000000000000e+00,8.000000000000000000e+00,8.440000000000000000e+02,1.200000000000000000e+01,8.440000000000000000e+02,1.200000000000000000e+01,0.000000000000000000e+00,0.000000000000000000e+00,4.000000000000000000e+00
1.000000000000000000e+00,8.000000000000000000e+00,8.000000000000000000e+00,8.360000000000000000e+02,4.000000000000000000e+00,8.360000000000000000e+02,4.000000000000000000e+00,0.000000000000000000e+00,0.000000000000000000e+00,4.000000000000000000e+00
1.000000000000000000e+00,8.000000000000000000e+00,8.000000000000000000e+00,8.440000000000000000e+02,4.000000000000000000e+00,8.440000000000000000e+02,4.000000000000000000e+00,0.000000000000000000e+00,0.000000000000000000e+00,4.000000000000000000e+00
1.000000000000000000e+00,8.000000000000000000e+00,8.000000000000000000e+00,8.360000000000000000e+02,1.200000000000000000e+01,8.360000000000000000e+02,1.200000000000000000e+01,0.000000000000000000e+00,0.000000000000000000e+00,4.000000000000000000e+00
1.000000000000000000e+00,8.000000000000000000e+00,8.000000000000000000e+00,8.460000000000000000e+02,1.400000000000000000e+01,8.440000000000000000e+02,1.200000000000000000e+01,1.100000000000000000e+01,8.000000000000000000e+00,4.000000000000000000e+00
-1.000000000000000000e+00,1.600000000000000000e+01,1.600000000000000000e+01,8.360000000000000000e+02,2.800000000000000000e+01,8.560000000000000000e+02,8.000000000000000000e+00,-8.100000000000000000e+01,8.300000000000000000e+01,4.000000000000000000e+00
-1.000000000000000000e+00,1.600000000000000000e+01,1.600000000000000000e+01,8.520000000000000000e+02,2.800000000000000000e+01,8.720000000000000000e+02,8.000000000000000000e+00,-8.100000000000000000e+01,8.300000000000000000e+01,4.000000000000000000e+00
-1.000000000000000000e+00,1.600000000000000000e+01,1.600000000000000000e+01,8.700000000000000000e+02,3.000000000000000000e+01,8.880000000000000000e+02,8.000000000000000000e+00,-7.300000000000000000e+01,8.800000000000000000e+01,4.000000000000000000e+00
-1.000000000000000000e+00,1.600000000000000000e+01,1.600000000000000000e+01,8.820000000000000000e+02,3.000000000000000000e+01,9.040000000000000000e+02,8.000000000000000000e+00,-8.800000000000000000e+01,9.000000000000000000e+01,4.000000000000000000e+00
-1.000000000000000000e+00,1.600000000000000000e+01,1.600000000000000000e+01,8.950000000000000000e+02,2.900000000000000000e+01,9.200000000000000000e+02,8.000000000000000000e+00,-1.000000000000000000e+02,8.700000000000000000e+01,4.000000000000000000e+00
-1.000000000000000000e+00,1.600000000000000000e+01,1.600000000000000000e+01,9.110000000000000000e+02,2.900000000000000000e+01,9.360000000000000000e+02,8.000000000000000000e+00,-1.000000000000000000e+02,8.700000000000000000e+01,4.000000000000000000e+00
-1.000000000000000000e+00,1.600000000000000000e+01,1.600000000000000000e+01,9.270000000000000000e+02,2.900000000000000000e+01,9.520000000000000000e+02,8.000000000000000000e+00,-1.000000000000000000e+02,8.700000000000000000e+01,4.000000000000000000e+00
-1.000000000000000000e+00,1.600000000000000000e+01,1.600000000000000000e+01,9.470000000000000000e+02,2.900000000000000000e+01,9.680000000000000000e+02,8.000000000000000000e+00,-8.400000000000000000e+01,8.400000000000000000e+01,4.000000000000000000e+00
-1.000000000000000000e+00,1.600000000000000000e+01,1.600000000000000000e+01,9.630000000000000000e+02,2.900000000000000000e+01,9.840000000000000000e+02,8.000000000000000000e+00,-8.700000000000000000e+01,8.400000000000000000e+01,4.000000000000000000e+00
-1.000000000000000000e+00,1.600000000000000000e+01,1.600000000000000000e+01,9.790000000000000000e+02,2.900000000000000000e+01,1.000000000000000000e+03,8.000000000000000000e+00,-8.700000000000000000e+01,8.700000000000000000e+01,4.000000000000000000e+00
-1.000000000000000000e+00,1.600000000000000000e+01,1.600000000000000000e+01,9.950000000000000000e+02,2.900000000000000000e+01,1.016000000000000000e+03,8.000000000000000000e+00,-8.700000000000000000e+01,8.700000000000000000e+01,4.000000000000000000e+00
-1.000000000000000000e+00,1.600000000000000000e+01,1.600000000000000000e+01,1.011000000000000000e+03,2.900000000000000000e+01,1.032000000000000000e+03,8.000000000000000000e+00,-8.700000000000000000e+01,8.700000000000000000e+01,4.000000000000000000e+00
-1.000000000000000000e+00,1.600000000000000000e+01,1.600000000000000000e+01,1.048000000000000000e+03,8.000000000000000000e+00,1.048000000000000000e+03,8.000000000000000000e+00,0.000000000000000000e+00,0.000000000000000000e+00,4.000000000000000000e+00
-1.000000000000000000e+00,1.600000000000000000e+01,1.600000000000000000e+01,1.064000000000000000e+03,8.000000000000000000e+00,1.064000000000000000e+03,8.000000000000000000e+00,0.000000000000000000e+00,0.000000000000000000e+00,4.000000000000000000e+00
-1.000000000000000000e+00,1.600000000000000000e+01,1.600000000000000000e+01,1.080000000000000000e+03,8.000000000000000000e+00,1.080000000000000000e+03,8.000000000000000000e+00,0.000000000000000000e+00,0.000000000000000000e+00,4.000000000000000000e+00
-1.000000000000000000e+00,1.600000000000000000e+01,1.600000000000000000e+01,1.096000000000000000e+03,8.000000000000000000e+00,1.096000000000000000e+03,8.000000000000000000e+00,0.000000000000000000e+00,0.000000000000000000e+00,4.000000000000000000e+00
-1.000000000000000000e+00,1.600000000000000000e+01,1.600000000000000000e+01,1.112000000000000000e+03,8.000000000000000000e+00,1.112000000000000000e+03,8.000000000000000000e+00,0.000000000000000000e+00,0.000000000000000000e+00,4.000000000000000000e+00
-1.000000000000000000e+00,1.600000000000000000e+01,1.600000000000000000e+01,1.128000000000000000e+03,8.000000000000000000e+00,1.128000000000000000e+03,8.000000000000000000e+00,0.000000000000000000e+00,0.000000000000000000e+00,4.000000000000000000e+00
-1.000000000000000000e+00,1.600000000000000000e+01,1.600000000000000000e+01,1.144000000000000000e+03,8.000000000000000000e+00,1.144000000000000000e+03,8.000000000000000000e+00,0.000000000000000000e+00,0.000000000000000000e+00,4.000000000000000000e+00
1.000000000000000000e+00,1.600000000000000000e+01,1.600000000000000000e+01,1.160000000000000000e+03,8.000000000000000000e+00,1.160000000000000000e+03,8.000000000000000000e+00,0.000000000000000000e+00,0.000000000000000000e+00,4.000000000000000000e+00
1.000000000000000000e+00,1.600000000000000000e+01,1.600000000000000000e+01,1.176000000000000000e+03,8.000000000000000000e+00,1.176000000000000000e+03,8.000000000000000000e+00,0.000000000000000000e+00,0.000000000000000000e+00,4.000000000000000000e+00
1.000000000000000000e+00,1.600000000000000000e+01,1.600000000000000000e+01,1.192000000000000000e+03,8.000000000000000000e+00,1.192000000000000000e+03,8.000000000000000000e+00,0.000000000000000000e+00,0.000000000000000000e+00,4.000000000000000000e+00
1.000000000000000000e+00,1.600000000000000000e+01,1.600000000000000000e+01,1.208000000000000000e+03,8.000000000000000000e+00,1.208000000000000000e+03,8.000000000000000000e+00,0.000000000000000000e+00,0.000000000000000000e+00,4.000000000000000000e+00
1.000000000000000000e+00,1.600000000000000000e+01,1.600000000000000000e+01,1.224000000000000000e+03,8.000000000000000000e+00,1.224000000000000000e+03,8.000000000000000000e+00,0.000000000000000000e+00,0.000000000000000000e+00,4.000000000000000000e+00
1.000000000000000000e+00,1.600000000000000000e+01,1.600000000000000000e+01,1.240000000000000000e+03,8.000000000000000000e+00,1.240000000000000000e+03,8.000000000000000000e+00,0.000000000000000000e+00,0.000000000000000000e+00,4.000000000000000000e+00
1.000000000000000000e+00,1.600000000000000000e+01,1.600000000000000000e+01,1.256000000000000000e+03,8.000000000000000000e+00,1.256000000000000000e+03,8.000000000000000000e+00,0.000000000000000000e+00,0.000000000000000000e+00,4.000000000000000000e+00
1.000000000000000000e+00,1.600000000000000000e+01,1.600000000000000000e+01,1.272000000000000000e+03,8.000000000000000000e+00,1.272000000000000000e+03,8.000000000000000000e+00,0.000000000000000000e+00,0.000000000000000000e+00,4.000000000000000000e+00
-1.000000000000000000e+00,8.000000000000000000e+00,1.600000000000000000e+01,4.000000000000000000e+00,2.400000000000000000e+01,4.000000000000000000e+00,2.400000000000000000e+01,0.000000000000000000e+00,0.000000000000000000e+00,4.000000000000000000e+00
-1.000000000000000000e+00,8.000000000000000000e+00,1.600000000000000000e+01,1.200000000000000000e+01,2.400000000000000000e+01,1.200000000000000000e+01,2.400000000000000000e+01,0.000000000000000000e+00,0.000000000000000000e+00,4.000000000000000000e+00
1.000000000000000000e+00,8.000000000000000000e+00,1.600000000000000000e+01,4.000000000000000000e+00,2.400000000000000000e+01,4.000000000000000000e+00,2.400000000000000000e+01,0.000000000000000000e+00,0.000000000000000000e+00,4.000000000000000000e+00
1.000000000000000000e+00,8.000000000000000000e+00,1.600000000000000000e+01,4.100000000000000000e+01,6.000000000000000000e+00,1.200000000000000000e+01,2.400000000000000000e+01,1.160000000000000000e+02,-7.200000000000000000e+01,4.000000000000000000e+00
1.000000000000000000e+00,1.600000000000000000e+01,1.600000000000000000e+01,5.300000000000000000e+01,9.000000000000000000e+00,2.400000000000000000e+01,2.400000000000000000e+01,1.170000000000000000e+02,-6.200000000000000000e+01,4.000000000000000000e+00
1.000000000000000000e+00,1.600000000000000000e+01,1.600000000000000000e+01,7.000000000000000000e+01,1.600000000000000000e+01,4.000000000000000000e+01,2.400000000000000000e+01,1.230000000000000000e+02,-3.400000000000000000e+01,4.000000000000000000e+00
1.000000000000000000e+00,1.600000000000000000e+01,1.600000000000000000e+01,8.500000000000000000e+01,1.200000000000000000e+01,5.600000000000000000e+01,2.400000000000000000e+01,1.160000000000000000e+02,-5.000000000000000000e+01,4.000000000000000000e+00
1.000000000000000000e+00,1.600000000000000000e+01,1.600000000000000000e+01,1.010000000000000000e+02,1.200000000000000000e+01,7.200000000000000000e+01,2.400000000000000000e+01,1.160000000000000000e+02,-5.000000000000000000e+01,4.000000000000000000e+00
-1.000000000000000000e+00,8.000000000000000000e+00,1.600000000000000000e+01,1.000000000000000000e+02,2.400000000000000000e+01,1.000000000000000000e+02,2.400000000000000000e+01,0.000000000000000000e+00,0.000000000000000000e+00,4.000000000000000000e+00
-1.000000000000000000e+00,8.000000000000000000e+00,1.600000000000000000e+01,8.500000000000000000e+01,4.000000000000000000e+01,1.080000000000000000e+02,2.400000000000000000e+01,-9.200000000000000000e+01,6.400000000000000000e+01,4.000000000000000000e+00
1.000000000000000000e+00,8.000000000000000000e+00,1.600000000000000000e+01,1.070000000000000000e+02,1.200000000000000000e+01,1.000000000000000000e+02,2.400000000000000000e+01,2.800000000000000000e+01,-5.000000000000000000e+01,4.000000000000000000e+00
1.000000000000000000e+00,8.000000000000000000e+00,1.600000000000000000e+01,1.080000000000000000e+02,2.400000000000000000e+01,1.080000000000000000e+02,2.400000000000000000e+01,0.000000000000000000e+00,0.000000000000000000e+00,4.000000000000000000e+00
-1.000000000000000000e+00,1.600000000000000000e+01,1.600000000000000000e+01,1.180000000000000000e+02,4.200000000000000000e+01,1.520000000000000000e+02,2.400000000000000000e+01,-1.360000000000000000e+02,7.200000000000000000e+01,4.000000000000000000e+00
-1.000000000000000000e+00,1.600000000000000000e+01,1.600000000000000000e+01,1.460000000000000000e+02,4.600000000000000000e+01,1.680000000000000000e+02,2.400000000000000000e+01,-8.800000000000000000e+01,8.800000000000000000e+01,4.000000000000000000e+00
-1.000000000000000000e+00,1.600000000000000000e+01,1.600000000000000000e+01,1.610000000000000000e+02,4.400000000000000000e+01,1.840000000000000000e+02,2.400000000000000000e+01,-9.500000000000000000e+01,8.100000000000000000e+01,4.000000000000000000e+00
-1.000000000000000000e+00,1.600000000000000000e+01,1.600000000000000000e+01,1.770000000000000000e+02,4.400000000000000000e+01,2.000000000000000000e+02,2.400000000000000000e+01,-9.500000000000000000e+01,8.100000000000000000e+01,4.000000000000000000e+00
-1.000000000000000000e+00,1.600000000000000000e+01,1.600000000000000000e+01,2.000000000000000000e+02,4.400000000000000000e+01,2.160000000000000000e+02,2.400000000000000000e+01,-6.400000000000000000e+01,8.100000000000000000e+01,4.000000000000000000e+00
-1.000000000000000000e+00,1.600000000000000000e+01,1.600000000000000000e+01,2.160000000000000000e+02,4.400000000000000000e+01,2.320000000000000000e+02,2.400000000000000000e+01,-6.400000000000000000e+01,8.100000000000000000e+01,4.000000000000000000e+00
1.000000000000000000e+00,1.600000000000000000e+01,1.600000000000000000e+01,2.320000000000000000e+02,2.400000000000000000e+01,2.320000000000000000e+02,2.400000000000000000e+01,0.000000000000000000e+00,0.000000000000000000e+00,4.000000000000000000e+00
-1.000000000000000000e+00,8.000000000000000000e+00,1.600000000000000000e+01,2.440000000000000000e+02,2.400000000000000000e+01,2.440000000000000000e+02,2.400000000000000000e+01,0.000000000000000000e+00,0.000000000000000000e+00,4.000000000000000000e+00
-1.000000000000000000e+00,8.000000000000000000e+00,1.600000000000000000e+01,2.230000000000000000e+02,3.900000000000000000e+01,2.520000000000000000e+02,2.400000000000000000e+01,-1.160000000000000000e+02,6.300000000000000000e+01,4.000000000000000000e+00
1.000000000000000000e+00,8.000000000000000000e+00,1.600000000000000000e+01,2.440000000000000000e+02,2.400000000000000000e+01,2.440000000000000000e+02,2.400000000000000000e+01,0.000000000000000000e+00,0.000000000000000000e+00,4.000000000000000000e+00
1.000000000000000000e+00,8.000000000000000000e+00,1.600000000000000000e+01,2.520000000000000000e+02,2.400000000000000000e+01,2.520000000000000000e+02,2.400000000000000000e+01,0.000000000000000000e+00,0.000000000000000000e+00,4.000000000000000000e+00
-1.000000000000000000e+00,1.600000000000000000e+01,1.600000000000000000e+01,2.410000000000000000e+02,3.900000000000000000e+01,2.640000000000000000e+02,2.400000000000000000e+01,-9.500000000000000000e+01,6.300000000000000000e+01,4.000000000000000000e+00
-1.000000000000000000e+00,8.000000000000000000e+00,1.600000000000000000e+01,2.530000000000000000e+02,3.900000000000000000e+01,2.760000000000000000e+02,2.400000000000000000e+01,-9.400000000000000000e+01,6.300000000000000000e+01,4.000000000000000000e+00
-1.000000000000000000e+00,8.000000000000000000e+00,1.600000000000000000e+01,2.630000000000000000e+02,4.600000000000000000e+01,2.840000000000000000e+02,2.400000000000000000e+01,-8.600000000000000000e+01,8.800000000000000000e+01,4.000000000000000000e+00
-1.000000000000000000e+00,1.600000000000000000e+01,1.600000000000000000e+01,2.910000000000000000e+02,4.200000000000000000e+01,3.120000000000000000e+02,2.400000000000000000e+01,-8.500000000000000000e+01,7.400000000000000000e+01,4.000000000000000000e+00
-1.000000000000000000e+00,1.600000000000000000e+01,1.600000000000000000e+01,3.070000000000000000e+02,4.400000000000000000e+01,3.280000000000000000e+02,2.400000000000000000e+01,-8.500000000000000000e+01,8.000000000000000000e+01,4.000000000000000000e+00
-1.000000000000000000e+00,1.600000000000000000e+01,1.600000000000000000e+01,3.230000000000000000e+02,4.400000000000000000e+01,3.440000000000000000e+02,2.400000000000000000e+01,-8.500000000000000000e+01,8.000000000000000000e+01,4.000000000000000000e+00
-1.000000000000000000e+00,1.600000000000000000e+01,1.600000000000000000e+01,3.390000000000000000e+02,4.400000000000000000e+01,3.600000000000000000e+02,2.400000000000000000e+01,-8.500000000000000000e+01,8.000000000000000000e+01,4.000000000000000000e+00
-1.000000000000000000e+00,1.600000000000000000e+01,1.600000000000000000e+01,3.760000000000000000e+02,4.100000000000000000e+01,3.920000000000000000e+02,2.400000000000000000e+01,-6.500000000000000000e+01,7.100000000000000000e+01,4.000000000000000000e+00
-1.000000000000000000e+00,8.000000000000000000e+00,1.600000000000000000e+01,3.890000000000000000e+02,4.100000000000000000e+01,4.040000000000000000e+02,2.400000000000000000e+01,-6.100000000000000000e+01,7.100000000000000000e+01,4.000000000000000000e+00
-1.000000000000000000e+00,8.000000000000000000e+00,1.600000000000000000e+01,3.910000000000000000e+02,3.100000000000000000e+01,4.120000000000000000e+02,2.400000000000000000e+01,-8.500000000000000000e+01,2.800000000000000000e+01,4.000000000000000000e+00
-1.000000000000000000e+00,1.600000000000000000e+01,1.600000000000000000e+01,4.040000000000000000e+02,4.100000000000000000e+01,4.240000000000000000e+02,2.400000000000000000e+01,-8.100000000000000000e+01,7.000000000000000000e+01,4.000000000000000000e+00
-1.000000000000000000e+00,1.600000000000000000e+01,1.600000000000000000e+01,4.400000000000000000e+02,2.400000000000000000e+01,4.400000000000000000e+02,2.400000000000000000e+01,0.000000000000000000e+00,0.000000000000000000e+00,4.000000000000000000e+00
-1.000000000000000000e+00,1.600000000000000000e+01,1.600000000000000000e+01,4.560000000000000000e+02,2.400000000000000000e+01,4.560000000000000000e+02,2.400000000000000000e+01,0.000000000000000000e+00,0.000000000000000000e+00,4.000000000000000000e+00
1.000000000000000000e+00,1.600000000000000000e+01,1.600000000000000000e+01,4.720000000000000000e+02,2.400000000000000000e+01,4.720000000000000000e+02,2.400000000000000000e+01,0.000000000000000000e+00,0.000000000000000000e+00,4.000000000000000000e+00
-1.000000000000000000e+00,1.600000000000000000e+01,1.600000000000000000e+01,4.880000000000000000e+02,2.400000000000000000e+01,4.880000000000000000e+02,2.400000000000000000e+01,0.000000000000000000e+00,0.000000000000000000e+00,4.000000000000000000e+00
1.000000000000000000e+00,1.600000000000000000e+01,1.600000000000000000e+01,4.880000000000000000e+02,2.400000000000000000e+01,4.880000000000000000e+02,2.400000000000000000e+01,0.000000000000000000e+00,0.000000000000000000e+00,4.000000000000000000e+00
-1.000000000000000000e+00,8.000000000000000000e+00,1.600000000000000000e+01,5.000000000000000000e+02,2.400000000000000000e+01,5.000000000000000000e+02,2.400000000000000000e+01,0.000000000000000000e+00,0.000000000000000000e+00,4.000000000000000000e+00
-1.000000000000000000e+00,8.000000000000000000e+00,1.600000000000000000e+01,5.080000000000000000e+02,2.400000000000000000e+01,5.080000000000000000e+02,2.400000000000000000e+01,-1.000000000000000000e+00,0.000000000000000000e+00,4.000000000000000000e+00
-1.000000000000000000e+00,1.600000000000000000e+01,1.600000000000000000e+01,5.200000000000000000e+02,2.400000000000000000e+01,5.200000000000000000e+02,2.400000000000000000e+01,0.000000000000000000e+00,0.000000000000000000e+00,4.000000000000000000e+00
1.000000000000000000e+00,1.600000000000000000e+01,1.600000000000000000e+01,5.200000000000000000e+02,2.400000000000000000e+01,5.200000000000000000e+02,2.400000000000000000e+01,0.000000000000000000e+00,0.000000000000000000e+00,4.000000000000000000e+00
1.000000000000000000e+00,1.600000000000000000e+01,1.600000000000000000e+01,5.620000000000000000e+02,9.000000000000000000e+00,5.360000000000000000e+02,2.400000000000000000e+01,1.040000000000000000e+02,-6.000000000000000000e+01,4.000000000000000000e+00
1.000000000000000000e+00,1.600000000000000000e+01,1.600000000000000000e+01,5.740000000000000000e+02,1.000000000000000000e+01,5.520000000000000000e+02,2.400000000000000000e+01,8.800000000000000000e+01,-5.600000000000000000e+01,4.000000000000000000e+00
-1.000000000000000000e+00,1.600000000000000000e+01,8.000000000000000000e+00,5.680000000000000000e+02,2.000000000000000000e+01,5.680000000000000000e+02,2.000000000000000000e+01,0.000000000000000000e+00,0.000000000000000000e+00,4.000000000000000000e+00
-1.000000000000000000e+00,1.600000000000000000e+01,8.000000000000000000e+00,5.680000000000000000e+02,3.600000000000000000e+01,5.680000000000000000e+02,2.800000000000000000e+01,0.000000000000000000e+00,3.500000000000000000e+01,4.000000000000000000e+00
1.000000000000000000e+00,1.600000000000000000e+01,8.000000000000000000e+00,5.910000000000000000e+02,6.000000000000000000e+00,5.680000000000000000e+02,2.000000000000000000e+01,9.200000000000000000e+01,-5.600000000000000000e+01,4.000000000000000000e+00
1.000000000000000000e+00,1.600000000000000000e+01,8.000000000000000000e+00,5.680000000000000000e+02,2.800000000000000000e+01,5.680000000000000000e+02,2.800000000000000000e+01,0.000000000000000000e+00,0.000000000000000000e+00,4.000000000000000000e+00
-1.000000000000000000e+00,1.600000000000000000e+01,8.000000000000000000e+00,5.840000000000000000e+02,2.000000000000000000e+01,5.840000000000000000e+02,2.000000000000000000e+01,0.000000000000000000e+00,0.000000000000000000e+00,4.000000000000000000e+00
-1.000000000000000000e+00,1.600000000000000000e+01,8.000000000000000000e+00,5.840000000000000000e+02,3.600000000000000000e+01,5.840000000000000000e+02,2.800000000000000000e+01,0.000000000000000000e+00,3.500000000000000000e+01,4.000000000000000000e+00
1.000000000000000000e+00,1.600000000000000000e+01,8.000000000000000000e+00,5.840000000000000000e+02,2.000000000000000000e+01,5.840000000000000000e+02,2.000000000000000000e+01,0.000000000000000000e+00,0.000000000000000000e+00,4.000000000000000000e+00
1.000000000000000000e+00,1.600000000000000000e+01,8.000000000000000000e+00,5.840000000000000000e+02,2.800000000000000000e+01,5.840000000000000000e+02,2.800000000000000000e+01,0.000000000000000000e+00,0.000000000000000000e+00,4.000000000000000000e+00
-1.000000000000000000e+00,1.600000000000000000e+01,8.000000000000000000e+00,6.000000000000000000e+02,2.000000000000000000e+01,6.000000000000000000e+02,2.000000000000000000e+01,0.000000000000000000e+00,0.000000000000000000e+00,4.000000000000000000e+00
-1.000000000000000000e+00,1.600000000000000000e+01,8.000000000000000000e+00,6.000000000000000000e+02,3.600000000000000000e+01,6.000000000000000000e+02,2.800000000000000000e+01,0.000000000000000000e+00,3.500000000000000000e+01,4.000000000000000000e+00
1.000000000000000000e+00,1.600000000000000000e+01,8.000000000000000000e+00,6.000000000000000000e+02,2.000000000000000000e+01,6.000000000000000000e+02,2.000000000000000000e+01,0.000000000000000000e+00,0.000000000000000000e+00,4.000000000000000000e+00
1.000000000000000000e+00,1.600000000000000000e+01,8.000000000000000000e+00,6.000000000000000000e+02,2.800000000000000000e+01,6.000000000000000000e+02,2.800000000000000000e+01,0.000000000000000000e+00,0.000000000000000000e+00,4.000000000000000000e+00
-1.000000000000000000e+00,1.600000000000000000e+01,1.600000000000000000e+01,6.130000000000000000e+02,3.500000000000000000e+01,6.160000000000000000e+02,2.400000000000000000e+01,-1.400000000000000000e+01,4.700000000000000000e+01,4.000000000000000000e+00
1.000000000000000000e+00,1.600000000000000000e+01,1.600000000000000000e+01,6.480000000000000000e+02,2.200000000000000000e+01,6.480000000000000000e+02,2.400000000000000000e+01,1.000000000000000000e+00,-9.000000000000000000e+00,4.000000000000000000e+00
1.000000000000000000e+00,1.600000000000000000e+01,1.600000000000000000e+01,6.950000000000000000e+02,8.000000000000000000e+00,6.640000000000000000e+02,2.400000000000000000e+01,1.270000000000000000e+02,-6.400000000000000000e+01,4.000000000000000000e+00
-1.000000000000000000e+00,1.600000000000000000e+01,1.600000000000000000e+01,6.600000000000000000e+02,4.600000000000000000e+01,6.800000000000000000e+02,2.400000000000000000e+01,-8.000000000000000000e+01,9.000000000000000000e+01,4.000000000000000000e+00
1.000000000000000000e+00,1.600000000000000000e+01,1.600000000000000000e+01,7.110000000000000000e+02,8.000000000000000000e+00,6.800000000000000000e+02,2.400000000000000000e+01,1.270000000000000000e+02,-6.400000000000000000e+01,4.000000000000000000e+00
-1.000000000000000000e+00,1.600000000000000000e+01,1.600000000000000000e+01,6.760000000000000000e+02,4.600000000000000000e+01,6.960000000000000000e+02,2.400000000000000000e+01,-8.000000000000000000e+01,9.000000000000000000e+01,4.000000000000000000e+00
1.000000000000000000e+00,1.600000000000000000e+01,1.600000000000000000e+01,7.270000000000000000e+02,8.000000000000000000e+00,6.960000000000000000e+02,2.400000000000000000e+01,1.270000000000000000e+02,-6.400000000000000000e+01,4.000000000000000000e+00
-1.000000000000000000e+00,8.000000000000000000e+00,1.600000000000000000e+01,7.370000000000000000e+02,4.600000000000000000e+01,7.560000000000000000e+02,2.400000000000000000e+01,-7.600000000000000000e+01,9.000000000000000000e+01,4.000000000000000000e+00
-1.000000000000000000e+00,8.000000000000000000e+00,1.600000000000000000e+01,7.450000000000000000e+02,4.600000000000000000e+01,7.640000000000000000e+02,2.400000000000000000e+01,-7.600000000000000000e+01,8.800000000000000000e+01,4.000000000000000000e+00
1.000000000000000000e+00,8.000000000000000000e+00,1.600000000000000000e+01,7.560000000000000000e+02,2.400000000000000000e+01,7.560000000000000000e+02,2.400000000000000000e+01,0.000000000000000000e+00,0.000000000000000000e+00,4.000000000000000000e+00
1.000000000000000000e+00,8.000000000000000000e+00,1.600000000000000000e+01,7.640000000000000000e+02,2.400000000000000000e+01,7.640000000000000000e+02,2.400000000000000000e+01,0.000000000000000000e+00,0.000000000000000000e+00,4.000000000000000000e+00
-1.000000000000000000e+00,1.600000000000000000e+01,1.600000000000000000e+01,7.540000000000000000e+02,4.500000000000000000e+01,7.760000000000000000e+02,2.400000000000000000e+01,-8.900000000000000000e+01,8.500000000000000000e+01,4.000000000000000000e+00
-1.000000000000000000e+00,1.600000000000000000e+01,1.600000000000000000e+01,7.670000000000000000e+02,4.500000000000000000e+01,7.920000000000000000e+02,2.400000000000000000e+01,-1.000000000000000000e+02,8.600000000000000000e+01,4.000000000000000000e+00
-1.000000000000000000e+00,1.600000000000000000e+01,1.600000000000000000e+01,7.830000000000000000e+02,4.500000000000000000e+01,8.080000000000000000e+02,2.400000000000000000e+01,-1.000000000000000000e+02,8.500000000000000000e+01,4.000000000000000000e+00
-1.000000000000000000e+00,1.600000000000000000e+01,1.600000000000000000e+01,8.020000000000000000e+02,4.500000000000000000e+01,8.240000000000000000e+02,2.400000000000000000e+01,-9.000000000000000000e+01,8.600000000000000000e+01,4.000000000000000000e+00
-1.000000000000000000e+00,1.600000000000000000e+01,1.600000000000000000e+01,8.200000000000000000e+02,4.400000000000000000e+01,8.400000000000000000e+02,2.400000000000000000e+01,-8.100000000000000000e+01,8.300000000000000000e+01,4.000000000000000000e+00
-1.000000000000000000e+00,1.600000000000000000e+01,8.000000000000000000e+00,8.370000000000000000e+02,4.000000000000000000e+01,8.560000000000000000e+02,2.000000000000000000e+01,-7.700000000000000000e+01,8.100000000000000000e+01,4.000000000000000000e+00
-1.000000000000000000e+00,1.600000000000000000e+01,8.000000000000000000e+00,8.560000000000000000e+02,2.800000000000000000e+01,8.560000000000000000e+02,2.800000000000000000e+01,0.000000000000000000e+00,0.000000000000000000e+00,4.000000000000000000e+00
1.000000000000000000e+00,1.600000000000000000e+01,8.000000000000000000e+00,8.560000000000000000e+02,2.000000000000000000e+01,8.560000000000000000e+02,2.000000000000000000e+01,0.000000000000000000e+00,0.000000000000000000e+00,4.000000000000000000e+00
1.000000000000000000e+00,1.600000000000000000e+01,8.000000000000000000e+00,8.820000000000000000e+02,7.000000000000000000e+00,8.560000000000000000e+02,2.800000000000000000e+01,1.040000000000000000e+02,-8.600000000000000000e+01,4.000000000000000000e+00
-1.000000000000000000e+00,1.600000000000000000e+01,1.600000000000000000e+01,8.530000000000000000e+02,4.500000000000000000e+01,8.720000000000000000e+02,2.400000000000000000e+01,-7.600000000000000000e+01,8.400000000000000000e+01,4.000000000000000000e+00
-1.000000000000000000e+00,1.600000000000000000e+01,1.600000000000000000e+01,8.690000000000000000e+02,4.600000000000000000e+01,8.880000000000000000e+02,2.400000000000000000e+01,-7.600000000000000000e+01,8.800000000000000000e+01,4.000000000000000000e+00
-1.000000000000000000e+00,1.600000000000000000e+01,1.600000000000000000e+01,8.820000000000000000e+02,4.600000000000000000e+01,9.040000000000000000e+02,2.400000000000000000e+01,-8.800000000000000000e+01,8.800000000000000000e+01,4.000000000000000000e+00
-1.000000000000000000e+00,1.600000000000000000e+01,1.600000000000000000e+01,8.970000000000000000e+02,4.500000000000000000e+01,9.200000000000000000e+02,2.400000000000000000e+01,-9.500000000000000000e+01,8.700000000000000000e+01,4.000000000000000000e+00
-1.000000000000000000e+00,1.600000000000000000e+01,1.600000000000000000e+01,9.110000000000000000e+02,4.500000000000000000e+01,9.360000000000000000e+02,2.400000000000000000e+01,-1.000000000000000000e+02,8.700000000000000000e+01,4.000000000000000000e+00
-1.000000000000000000e+00,1.600000000000000000e+01,1.600000000000000000e+01,9.270000000000000000e+02,4.500000000000000000e+01,9.520000000000000000e+02,2.400000000000000000e+01,-1.000000000000000000e+02,8.700000000000000000e+01,4.000000000000000000e+00
1.000000000000000000e+00,1.600000000000000000e+01,1.600000000000000000e+01,9.960000000000000000e+02,2.400000000000000000e+01,9.680000000000000000e+02,2.400000000000000000e+01,1.120000000000000000e+02,0.000000000000000000e+00,4.000000000000000000e+00
-1.000000000000000000e+00,1.600000000000000000e+01,1.600000000000000000e+01,9.630000000000000000e+02,4.500000000000000000e+01,9.840000000000000000e+02,2.400000000000000000e+01,-8.700000000000000000e+01,8.400000000000000000e+01,4.000000000000000000e+00
1.000000000000000000e+00,1.600000000000000000e+01,1.600000000000000000e+01,1.012000000000000000e+03,2.400000000000000000e+01,9.840000000000000000e+02,2.400000000000000000e+01,1.120000000000000000e+02,0.000000000000000000e+00,4.000000000000000000e+00
-1.000000000000000000e+00,1.600000000000000000e+01,1.600000000000000000e+01,9.790000000000000000e+02,4.500000000000000000e+01,1.000000000000000000e+03,2.400000000000000000e+01,-8.700000000000000000e+01,8.700000000000000000e+01,4.000000000000000000e+00
1.000000000000000000e+00,1.600000000000000000e+01,1.600000000000000000e+01,1.028000000000000000e+03,2.400000000000000000e+01,1.000000000000000000e+03,2.400000000000000000e+01,1.120000000000000000e+02,0.000000000000000000e+00,4.000000000000000000e+00
-1.000000000000000000e+00,1.600000000000000000e+01,1.600000000000000000e+01,9.950000000000000000e+02,4.500000000000000000e+01,1.016000000000000000e+03,2.400000000000000000e+01,-8.700000000000000000e+01,8.700000000000000000e+01,4.000000000000000000e+00
1.000000000000000000e+00,1.600000000000000000e+01,1.600000000000000000e+01,1.044000000000000000e+03,2.400000000000000000e+01,1.016000000000000000e+03,2.400000000000000000e+01,1.120000000000000000e+02,0.000000000000000000e+00,4.000000000000000000e+00
-1.000000000000000000e+00,1.600000000000000000e+01,1.600000000000000000e+01,1.032000000000000000e+03,2.400000000000000000e+01,1.032000000000000000e+03,2.400000000000000000e+01,0.000000000000000000e+00,0.000000000000000000e+00,4.000000000000000000e+00
1.000000000000000000e+00,1.600000000000000000e+01,1.600000000000000000e+01,1.032000000000000000e+03,2.400000000000000000e+01,1.032000000000000000e+03,2.400000000000000000e+01,0.000000000000000000e+00,0.000000000000000000e+00,4.000000000000000000e+00
-1.000000000000000000e+00,1.600000000000000000e+01,1.600000000000000000e+01,1.048000000000000000e+03,2.400000000000000000e+01,1.048000000000000000e+03,2.400000000000000000e+01,0.000000000000000000e+00,0.000000000000000000e+00,4.000000000000000000e+00
1.000000000000000000e+00,1.600000000000000000e+01,1.600000000000000000e+01,1.048000000000000000e+03,2.400000000000000000e+01,1.048000000000000000e+03,2.400000000000000000e+01,0.000000000000000000e+00,0.000000000000000000e+00,4.000000000000000000e+00
-1.000000000000000000e+00,1.600000000000000000e+01,1.600000000000000000e+01,1.064000000000000000e+03,2.400000000000000000e+01,1.064000000000000000e+03,2.400000000000000000e+01,0.000000000000000000e+00,0.000000000000000000e+00,4.000000000000000000e+00
1.000000000000000000e+00,1.600000000000000000e+01,1.600000000000000000e+01,1.064000000000000000e+03,2.400000000000000000e+01,1.064000000000000000e+03,2.400000000000000000e+01,0.000000000000000000e+00,0.000000000000000000e+00,4.000000000000000000e+00
-1.000000000000000000e+00,1.600000000000000000e+01,1.600000000000000000e+01,1.080000000000000000e+03,2.400000000000000000e+01,1.080000000000000000e+03,2.400000000000000000e+01,0.000000000000000000e+00,0.000000000000000000e+00,4.000000000000000000e+00
1.000000000000000000e+00,1.600000000000000000e+01,1.600000000000000000e+01,1.080000000000000000e+03,2.400000000000000000e+01,1.080000000000000000e+03,2.400000000000000000e+01,0.000000000000000000e+00,0.000000000000000000e+00,4.000000000000000000e+00
-1.000000000000000000e+00,1.600000000000000000e+01,1.600000000000000000e+01,1.096000000000000000e+03,2.400000000000000000e+01,1.096000000000000000e+03,2.400000000000000000e+01,0.000000000000000000e+00,0.000000000000000000e+00,4.000000000000000000e+00
1.000000000000000000e+00,1.600000000000000000e+01,1.600000000000000000e+01,1.096000000000000000e+03,2.400000000000000000e+01,1.096000000000000000e+03,2.400000000000000000e+01,0.000000000000000000e+00,0.000000000000000000e+00,4.000000000000000000e+00
-1.000000000000000000e+00,1.600000000000000000e+01,1.600000000000000000e+01,1.112000000000000000e+03,2.400000000000000000e+01,1.112000000000000000e+03,2.400000000000000000e+01,0.000000000000000000e+00,0.000000000000000000e+00,4.000000000000000000e+00
1.000000000000000000e+00,1.600000000000000000e+01,1.600000000000000000e+01,1.112000000000000000e+03,2.400000000000000000e+01,1.112000000000000000e+03,2.400000000000000000e+01,0.000000000000000000e+00,0.000000000000000000e+00,4.000000000000000000e+00
-1.000000000000000000e+00,1.600000000000000000e+01,1.600000000000000000e+01,1.128000000000000000e+03,2.400000000000000000e+01,1.128000000000000000e+03,2.400000000000000000e+01,0.000000000000000000e+00,0.000000000000000000e+00,4.000000000000000000e+00
1.000000000000000000e+00,1.600000000000000000e+01,1.600000000000000000e+01,1.128000000000000000e+03,2.400000000000000000e+01,1.128000000000000000e+03,2.400000000000000000e+01,0.000000000000000000e+00,0.000000000000000000e+00,4.000000000000000000e+00
-1.000000000000000000e+00,1.600000000000000000e+01,1.600000000000000000e+01,1.144000000000000000e+03,2.400000000000000000e+01,1.144000000000000000e+03,2.400000000000000000e+01,0.000000000000000000e+00,0.000000000000000000e+00,4.000000000000000000e+00
1.000000000000000000e+00,1.600000000000000000e+01,1.600000000000000000e+01,1.144000000000000000e+03,2.400000000000000000e+01,1.144000000000000000e+03,2.400000000000000000e+01,0.000000000000000000e+00,0.000000000000000000e+00,4.000000000000000000e+00
-1.000000000000000000e+00,1.600000000000000000e+01,1.600000000000000000e+01,1.160000000000000000e+03,2.400000000000000000e+01,1.160000000000000000e+03,2.400000000000000000e+01,0.000000000000000000e+00,0.000000000000000000e+00,4.000000000000000000e+00
1.000000000000000000e+00,1.600000000000000000e+01,1.600000000000000000e+01,1.160000000000000000e+03,2.400000000000000000e+01,1.160000000000000000e+03,2.400000000000000000e+01,0.000000000000000000e+00,0.000000000000000000e+00,4.000000000000000000e+00
-1.000000000000000000e+00,1.600000000000000000e+01,1.600000000000000000e+01,1.176000000000000000e+03,2.400000000000000000e+01,1.176000000000000000e+03,2.400000000000000000e+01,0.000000000000000000e+00,0.000000000000000000e+00,4.000000000000000000e+00
1.000000000000000000e+00,1.600000000000000000e+01,1.600000000000000000e+01,1.176000000000000000e+03,2.400000000000000000e+01,1.176000000000000000e+03,2.400000000000000000e+01,0.000000000000000000e+00,0.000000000000000000e+00,4.000000000000000000e+00
-1.000000000000000000e+00,1.600000000000000000e+01,1.600000000000000000e+01,1.192000000000000000e+03,2.400000000000000000e+01,1.192000000000000000e+03,2.400000000000000000e+01,0.000000000000000000e+00,0.000000000000000000e+00,4.000000000000000000e+00
1.000000000000000000e+00,1.600000000000000000e+01,1.600000000000000000e+01,1.192000000000000000e+03,2.400000000000000000e+01,1.192000000000000000e+03,2.400000000000000000e+01,0.000000000000000000e+00,0.000000000000000000e+00,4.000000000000000000e+00
-1.000000000000000000e+00,1.600000000000000000e+01,1.600000000000000000e+01,1.208000000000000000e+03,2.400000000000000000e+01,1.208000000000000000e+03,2.400000000000000000e+01,0.000000000000000000e+00,0.000000000000000000e+00,4.000000000000000000e+00
1.000000000000000000e+00,1.600000000000000000e+01,1.600000000000000000e+01,1.208000000000000000e+03,2.400000000000000000e+01,1.208000000000000000e+03,2.400000000000000000e+01,0.000000000000000000e+00,0.000000000000000000e+00,4.000000000000000000e+00
-1.000000000000000000e+00,1.600000000000000000e+01,1.600000000000000000e+01,1.224000000000000000e+03,2.400000000000000000e+01,1.224000000000000000e+03,2.400000000000000000e+01,0.000000000000000000e+00,0.000000000000000000e+00,4.000000000000000000e+00
1.000000000000000000e+00,1.600000000000000000e+01,1.600000000000000000e+01,1.224000000000000000e+03,2.400000000000000000e+01,1.224000000000000000e+03,2.400000000000000000e+01,0.000000000000000000e+00,0.000000000000000000e+00,4.000000000000000000e+00
-1.000000000000000000e+00,1.600000000000000000e+01,1.600000000000000000e+01,1.240000000000000000e+03,2.400000000000000000e+01,1.240000000000000000e+03,2.400000000000000000e+01,0.000000000000000000e+00,0.000000000000000000e+00,4.000000000000000000e+00
1.000000000000000000e+00,1.600000000000000000e+01,1.600000000000000000e+01,1.240000000000000000e+03,2.400000000000000000e+01,1.240000000000000000e+03,2.400000000000000000e+01,0.000000000000000000e+00,0.000000000000000000e+00,4.000000000000000000e+00
-1.000000000000000000e+00,1.600000000000000000e+01,1.600000000000000000e+01,1.256000000000000000e+03,2.400000000000000000e+01,1.256000000000000000e+03,2.400000000000000000e+01,0.000000000000000000e+00,0.000000000000000000e+00,4.000000000000000000e+00
1.000000000000000000e+00,1.600000000000000000e+01,1.600000000000000000e+01,1.256000000000000000e+03,2.400000000000000000e+01,1.256000000000000000e+03,2.400000000000000000e+01,0.000000000000000000e+00,0.000000000000000000e+00,4.000000000000000000e+00
-1.000000000000000000e+00,1.600000000000000000e+01,1.600000000000000000e+01,1.272000000000000000e+03,2.400000000000000000e+01,1.272000000000000000e+03,2.400000000000000000e+01,0.000000000000000000e+00,0.000000000000000000e+00,4.000000000000000000e+00
1.000000000000000000e+00,1.600000000000000000e+01,1.600000000000000000e+01,3.600000000000000000e+01,2.500000000000000000e+01,8.000000000000000000e+00,4.000000000000000000e+01,1.140000000000000000e+02,-6.200000000000000000e+01,4.000000000000000000e+00
1.000000000000000000e+00,1.600000000000000000e+01,1.600000000000000000e+01,6.900000000000000000e+01,3.100000000000000000e+01,4.000000000000000000e+01,4.000000000000000000e+01,1.160000000000000000e+02,-3.900000000000000000e+01,4.000000000000000000e+00
1.000000000000000000e+00,1.600000000000000000e+01,1.600000000000000000e+01,8.500000000000000000e+01,2.800000000000000000e+01,5.600000000000000000e+01,4.000000000000000000e+01,1.160000000000000000e+02,-5.000000000000000000e+01,4.000000000000000000e+00
1.000000000000000000e+00,1.600000000000000000e+01,1.600000000000000000e+01,1.000000000000000000e+02,2.800000000000000000e+01,7.200000000000000000e+01,4.000000000000000000e+01,1.120000000000000000e+02,-5.000000000000000000e+01,4.000000000000000000e+00
-1.000000000000000000e+00,1.600000000000000000e+01,1.600000000000000000e+01,1.230000000000000000e+02,5.800000000000000000e+01,1.520000000000000000e+02,4.000000000000000000e+01,-1.160000000000000000e+02,7.200000000000000000e+01,4.000000000000000000e+00
-1.000000000000000000e+00,1.600000000000000000e+01,1.600000000000000000e+01,1.470000000000000000e+02,6.000000000000000000e+01,1.680000000000000000e+02,4.000000000000000000e+01,-8.500000000000000000e+01,8.100000000000000000e+01,4.000000000000000000e+00
-1.000000000000000000e+00,1.600000000000000000e+01,1.600000000000000000e+01,1.610000000000000000e+02,6.000000000000000000e+01,1.840000000000000000e+02,4.000000000000000000e+01,-9.200000000000000000e+01,8.300000000000000000e+01,4.000000000000000000e+00
-1.000000000000000000e+00,1.600000000000000000e+01,1.600000000000000000e+01,1.770000000000000000e+02,6.000000000000000000e+01,2.000000000000000000e+02,4.000000000000000000e+01,-9.200000000000000000e+01,8.100000000000000000e+01,4.000000000000000000e+00
-1.000000000000000000e+00,1.600000000000000000e+01,1.600000000000000000e+01,2.000000000000000000e+02,6.000000000000000000e+01,2.160000000000000000e+02,4.000000000000000000e+01,-6.400000000000000000e+01,8.100000000000000000e+01,4.000000000000000000e+00
-1.000000000000000000e+00,1.600000000000000000e+01,1.600000000000000000e+01,2.160000000000000000e+02,6.000000000000000000e+01,2.320000000000000000e+02,4.000000000000000000e+01,-6.400000000000000000e+01,8.100000000000000000e+01,4.000000000000000000e+00
-1.000000000000000000e+00,1.600000000000000000e+01,1.600000000000000000e+01,2.410000000000000000e+02,5.500000000000000000e+01,2.640000000000000000e+02,4.000000000000000000e+01,-9.400000000000000000e+01,6.300000000000000000e+01,4.000000000000000000e+00
-1.000000000000000000e+00,1.600000000000000000e+01,1.600000000000000000e+01,2.750000000000000000e+02,5.800000000000000000e+01,2.960000000000000000e+02,4.000000000000000000e+01,-8.700000000000000000e+01,7.400000000000000000e+01,4.000000000000000000e+00
-1.000000000000000000e+00,1.600000000000000000e+01,1.600000000000000000e+01,2.910000000000000000e+02,5.800000000000000000e+01,3.120000000000000000e+02,4.000000000000000000e+01,-8.500000000000000000e+01,7.400000000000000000e+01,4.000000000000000000e+00
-1.000000000000000000e+00,1.600000000000000000e+01,1.600000000000000000e+01,3.080000000000000000e+02,6.000000000000000000e+01,3.280000000000000000e+02,4.000000000000000000e+01,-8.300000000000000000e+01,8.100000000000000000e+01,4.000000000000000000e+00
-1.000000000000000000e+00,1.600000000000000000e+01,1.600000000000000000e+01,3.230000000000000000e+02,6.000000000000000000e+01,3.440000000000000000e+02,4.000000000000000000e+01,-8.500000000000000000e+01,8.000000000000000000e+01,4.000000000000000000e+00
-1.000000000000000000e+00,1.600000000000000000e+01,1.600000000000000000e+01,3.390000000000000000e+02,6.000000000000000000e+01,3.600000000000000000e+02,4.000000000000000000e+01,-8.500000000000000000e+01,8.000000000000000000e+01,4.000000000000000000e+00
-1.000000000000000000e+00,1.600000000000000000e+01,1.600000000000000000e+01,3.550000000000000000e+02,6.100000000000000000e+01,3.760000000000000000e+02,4.000000000000000000e+01,-8.400000000000000000e+01,8.400000000000000000e+01,4.000000000000000000e+00
-1.000000000000000000e+00,1.600000000000000000e+01,8.000000000000000000e+00,3.760000000000000000e+02,5.300000000000000000e+01,3.920000000000000000e+02,3.600000000000000000e+01,-6.500000000000000000e+01,7.100000000000000000e+01,4.000000000000000000e+00
-1.000000000000000000e+00,1.600000000000000000e+01,8.000000000000000000e+00,3.710000000000000000e+02,6.500000000000000000e+01,3.920000000000000000e+02,4.400000000000000000e+01,-8.400000000000000000e+01,8.400000000000000000e+01,4.000000000000000000e+00
-1.000000000000000000e+00,1.600000000000000000e+01,1.600000000000000000e+01,3.910000000000000000e+02,5.400000000000000000e+01,4.080000000000000000e+02,4.000000000000000000e+01,-6.800000000000000000e+01,5.700000000000000000e+01,4.000000000000000000e+00
1.000000000000000000e+00,8.000000000000000000e+00,1.600000000000000000e+01,4.400000000000000000e+02,2.900000000000000000e+01,4.200000000000000000e+02,4.000000000000000000e+01,8.200000000000000000e+01,-4.500000000000000000e+01,4.000000000000000000e+00
1.000000000000000000e+00,8.000000000000000000e+00,1.600000000000000000e+01,4.500000000000000000e+02,3.100000000000000000e+01,4.280000000000000000e+02,4.000000000000000000e+01,8.900000000000000000e+01,-3.700000000000000000e+01,4.000000000000000000e+00
-1.000000000000000000e+00,1.600000000000000000e+01,1.600000000000000000e+01,4.690000000000000000e+02,4.000000000000000000e+01,4.560000000000000000e+02,4.000000000000000000e+01,5.200000000000000000e+01,0.000000000000000000e+00,4.000000000000000000e+00
-1.000000000000000000e+00,1.600000000000000000e+01,1.600000000000000000e+01,4.720000000000000000e+02,4.000000000000000000e+01,4.720000000000000000e+02,4.000000000000000000e+01,0.000000000000000000e+00,0.000000000000000000e+00,4.000000000000000000e+00
1.000000000000000000e+00,1.600000000000000000e+01,1.600000000000000000e+01,4.720000000000000000e+02,4.000000000000000000e+01,4.720000000000000000e+02,4.000000000000000000e+01,0.000000000000000000e+00,0.000000000000000000e+00,4.000000000000000000e+00
-1.000000000000000000e+00,1.600000000000000000e+01,1.600000000000000000e+01,4.880000000000000000e+02,4.000000000000000000e+01,4.880000000000000000e+02,4.000000000000000000e+01,0.000000000000000000e+00,0.000000000000000000e+00,4.000000000000000000e+00
1.000000000000000000e+00,1.600000000000000000e+01,1.600000000000000000e+01,4.880000000000000000e+02,4.000000000000000000e+01,4.880000000000000000e+02,4.000000000000000000e+01,0.000000000000000000e+00,0.000000000000000000e+00,4.000000000000000000e+00
-1.000000000000000000e+00,1.600000000000000000e+01,1.600000000000000000e+01,5.040000000000000000e+02,4.000000000000000000e+01,5.040000000000000000e+02,4.000000000000000000e+01,0.000000000000000000e+00,0.000000000000000000e+00,4.000000000000000000e+00
1.000000000000000000e+00,1.600000000000000000e+01,1.600000000000000000e+01,5.040000000000000000e+02,4.000000000000000000e+01,5.040000000000000000e+02,4.000000000000000000e+01,0.000000000000000000e+00,0.000000000000000000e+00,4.000000000000000000e+00
-1.000000000000000000e+00,1.600000000000000000e+01,1.600000000000000000e+01,5.200000000000000000e+02,4.000000000000000000e+01,5.200000000000000000e+02,4.000000000000000000e+01,0.000000000000000000e+00,0.000000000000000000e+00,4.000000000000000000e+00
1.000000000000000000e+00,1.600000000000000000e+01,1.600000000000000000e+01,5.200000000000000000e+02,4.000000000000000000e+01,5.200000000000000000e+02,4.000000000000000000e+01,0.000000000000000000e+00,0.000000000000000000e+00,4.000000000000000000e+00
1.000000000000000000e+00,1.600000000000000000e+01,1.600000000000000000e+01,5.630000000000000000e+02,2.600000000000000000e+01,5.360000000000000000e+02,4.000000000000000000e+01,1.080000000000000000e+02,-5.600000000000000000e+01,4.000000000000000000e+00
-1.000000000000000000e+00,1.600000000000000000e+01,1.600000000000000000e+01,5.520000000000000000e+02,3.800000000000000000e+01,5.520000000000000000e+02,4.000000000000000000e+01,0.000000000000000000e+00,-9.000000000000000000e+00,4.000000000000000000e+00
1.000000000000000000e+00,1.600000000000000000e+01,1.600000000000000000e+01,6.060000000000000000e+02,2.700000000000000000e+01,5.680000000000000000e+02,4.000000000000000000e+01,1.550000000000000000e+02,-5.200000000000000000e+01,4.000000000000000000e+00
-1.000000000000000000e+00,1.600000000000000000e+01,1.600000000000000000e+01,5.890000000000000000e+02,6.100000000000000000e+01,6.000000000000000000e+02,4.000000000000000000e+01,-4.400000000000000000e+01,8.400000000000000000e+01,4.000000000000000000e+00
-1.000000000000000000e+00,1.600000000000000000e+01,1.600000000000000000e+01,6.200000000000000000e+02,5.300000000000000000e+01,6.160000000000000000e+02,4.000000000000000000e+01,1.600000000000000000e+01,5.300000000000000000e+01,4.000000000000000000e+00
-1.000000000000000000e+00,1.600000000000000000e+01,1.600000000000000000e+01,6.440000000000000000e+02,5.800000000000000000e+01,6.640000000000000000e+02,4.000000000000000000e+01,-8.000000000000000000e+01,7.500000000000000000e+01,4.000000000000000000e+00
1.000000000000000000e+00,1.600000000000000000e+01,1.600000000000000000e+01,7.200000000000000000e+02,2.400000000000000000e+01,6.960000000000000000e+02,4.000000000000000000e+01,9.700000000000000000e+01,-6.400000000000000000e+01,4.000000000000000000e+00
1.000000000000000000e+00,1.600000000000000000e+01,1.600000000000000000e+01,8.040000000000000000e+02,4.000000000000000000e+01,7.760000000000000000e+02,4.000000000000000000e+01,1.120000000000000000e+02,0.000000000000000000e+00,4.000000000000000000e+00
-1.000000000000000000e+00,8.000000000000000000e+00,1.600000000000000000e+01,7.650000000000000000e+02,6.100000000000000000e+01,7.880000000000000000e+02,4.000000000000000000e+01,-9.400000000000000000e+01,8.600000000000000000e+01,4.000000000000000000e+00
-1.000000000000000000e+00,8.000000000000000000e+00,1.600000000000000000e+01,7.700000000000000000e+02,5.700000000000000000e+01,7.960000000000000000e+02,4.000000000000000000e+01,-1.040000000000000000e+02,6.800000000000000000e+01,4.000000000000000000e+00
-1.000000000000000000e+00,1.600000000000000000e+01,1.600000000000000000e+01,7.860000000000000000e+02,6.100000000000000000e+01,8.080000000000000000e+02,4.000000000000000000e+01,-9.100000000000000000e+01,8.500000000000000000e+01,4.000000000000000000e+00
1.000000000000000000e+00,1.600000000000000000e+01,1.600000000000000000e+01,8.340000000000000000e+02,1.900000000000000000e+01,8.080000000000000000e+02,4.000000000000000000e+01,1.050000000000000000e+02,-8.600000000000000000e+01,4.000000000000000000e+00
1.000000000000000000e+00,1.600000000000000000e+01,1.600000000000000000e+01,8.490000000000000000e+02,1.900000000000000000e+01,8.240000000000000000e+02,4.000000000000000000e+01,1.020000000000000000e+02,-8.600000000000000000e+01,4.000000000000000000e+00
1.000000000000000000e+00,1.600000000000000000e+01,1.600000000000000000e+01,8.650000000000000000e+02,1.900000000000000000e+01,8.400000000000000000e+02,4.000000000000000000e+01,1.020000000000000000e+02,-8.700000000000000000e+01,4.000000000000000000e+00
-1.000000000000000000e+00,1.600000000000000000e+01,1.600000000000000000e+01,8.330000000000000000e+02,6.100000000000000000e+01,8.560000000000000000e+02,4.000000000000000000e+01,-9.500000000000000000e+01,8.500000000000000000e+01,4.000000000000000000e+00
-1.000000000000000000e+00,1.600000000000000000e+01,1.600000000000000000e+01,8.480000000000000000e+02,6.100000000000000000e+01,8.720000000000000000e+02,4.000000000000000000e+01,-9.800000000000000000e+01,8.600000000000000000e+01,4.000000000000000000e+00
-1.000000000000000000e+00,1.600000000000000000e+01,1.600000000000000000e+01,8.660000000000000000e+02,6.200000000000000000e+01,8.880000000000000000e+02,4.000000000000000000e+01,-8.800000000000000000e+01,8.800000000000000000e+01,4.000000000000000000e+00
-1.000000000000000000e+00,1.600000000000000000e+01,1.600000000000000000e+01,8.970000000000000000e+02,6.100000000000000000e+01,9.200000000000000000e+02,4.000000000000000000e+01,-9.500000000000000000e+01,8.700000000000000000e+01,4.000000000000000000e+00
-1.000000000000000000e+00,1.600000000000000000e+01,1.600000000000000000e+01,9.110000000000000000e+02,6.100000000000000000e+01,9.360000000000000000e+02,4.000000000000000000e+01,-1.000000000000000000e+02,8.700000000000000000e+01,4.000000000000000000e+00
-1.000000000000000000e+00,1.600000000000000000e+01,1.600000000000000000e+01,9.290000000000000000e+02,6.100000000000000000e+01,9.520000000000000000e+02,4.000000000000000000e+01,-9.300000000000000000e+01,8.700000000000000000e+01,4.000000000000000000e+00
-1.000000000000000000e+00,1.600000000000000000e+01,1.600000000000000000e+01,9.470000000000000000e+02,6.100000000000000000e+01,9.680000000000000000e+02,4.000000000000000000e+01,-8.700000000000000000e+01,8.400000000000000000e+01,4.000000000000000000e+00
1.000000000000000000e+00,1.600000000000000000e+01,1.600000000000000000e+01,9.960000000000000000e+02,4.000000000000000000e+01,9.680000000000000000e+02,4.000000000000000000e+01,1.120000000000000000e+02,0.000000000000000000e+00,4.000000000000000000e+00
-1.000000000000000000e+00,1.600000000000000000e+01,1.600000000000000000e+01,9.630000000000000000e+02,6.100000000000000000e+01,9.840000000000000000e+02,4.000000000000000000e+01,-8.700000000000000000e+01,8.400000000000000000e+01,4.000000000000000000e+00
1.000000000000000000e+00,1.600000000000000000e+01,1.600000000000000000e+01,1.012000000000000000e+03,4.000000000000000000e+01,9.840000000000000000e+02,4.000000000000000000e+01,1.120000000000000000e+02,0.000000000000000000e+00,4.000000000000000000e+00
-1.000000000000000000e+00,1.600000000000000000e+01,1.600000000000000000e+01,9.790000000000000000e+02,6.100000000000000000e+01,1.000000000000000000e+03,4.000000000000000000e+01,-8.700000000000000000e+01,8.700000000000000000e+01,4.000000000000000000e+00
1.000000000000000000e+00,1.600000000000000000e+01,1.600000000000000000e+01,1.028000000000000000e+03,4.000000000000000000e+01,1.000000000000000000e+03,4.000000000000000000e+01,1.120000000000000000e+02,0.000000000000000000e+00,4.000000000000000000e+00
-1.000000000000000000e+00,1.600000000000000000e+01,1.600000000000000000e+01,1.016000000000000000e+03,4.000000000000000000e+01,1.016000000000000000e+03,4.000000000000000000e+01,0.000000000000000000e+00,0.000000000000000000e+00,4.000000000000000000e+00
1.000000000000000000e+00,1.600000000000000000e+01,1.600000000000000000e+01,1.016000000000000000e+03,4.000000000000000000e+01,1.016000000000000000e+03,4.000000000000000000e+01,0.000000000000000000e+00,0.000000000000000000e+00,4.000000000000000000e+00
-1.000000000000000000e+00,1.600000000000000000e+01,1.600000000000000000e+01,1.032000000000000000e+03,4.000000000000000000e+01,1.032000000000000000e+03,4.000000000000000000e+01,0.000000000000000000e+00,0.000000000000000000e+00,4.000000000000000000e+00
1.000000000000000000e+00,1.600000000000000000e+01,1.600000000000000000e+01,1.032000000000000000e+03,4.000000000000000000e+01,1.032000000000000000e+03,4.000000000000000000e+01,0.000000000000000000e+00,0.000000000000000000e+00,4.000000000000000000e+00
-1.000000000000000000e+00,1.600000000000000000e+01,1.600000000000000000e+01,1.048000000000000000e+03,4.000000000000000000e+01,1.048000000000000000e+03,4.000000000000000000e+01,0.000000000000000000e+00,0.000000000000000000e+00,4.000000000000000000e+00
1.000000000000000000e+00,1.600000000000000000e+01,1.600000000000000000e+01,1.048000000000000000e+03,4.000000000000000000e+01,1.048000000000000000e+03,4.000000000000000000e+01,0.000000000000000000e+00,0.000000000000000000e+00,4.000000000000000000e+00
-1.000000000000000000e+00,1.600000000000000000e+01,1.600000000000000000e+01,1.064000000000000000e+03,4.000000000000000000e+01,1.064000000000000000e+03,4.000000000000000000e+01,0.000000000000000000e+00,0.000000000000000000e+00,4.000000000000000000e+00
1.000000000000000000e+00,1.600000000000000000e+01,1.600000000000000000e+01,1.064000000000000000e+03,4.000000000000000000e+01,1.064000000000000000e+03,4.000000000000000000e+01,0.000000000000000000e+00,0.000000000000000000e+00,4.000000000000000000e+00
-1.000000000000000000e+00,1.600000000000000000e+01,1.600000000000000000e+01,1.080000000000000000e+03,4.000000000000000000e+01,1.080000000000000000e+03,4.000000000000000000e+01,0.000000000000000000e+00,0.000000000000000000e+00,4.000000000000000000e+00
1.000000000000000000e+00,1.600000000000000000e+01,1.600000000000000000e+01,1.080000000000000000e+03,4.000000000000000000e+01,1.080000000000000000e+03,4.000000000000000000e+01,0.000000000000000000e+00,0.000000000000000000e+00,4.000000000000000000e+00
-1.000000000000000000e+00,1.600000000000000000e+01,1.600000000000000000e+01,1.096000000000000000e+03,4.000000000000000000e+01,1.096000000000000000e+03,4.000000000000000000e+01,0.000000000000000000e+00,0.000000000000000000e+00,4.000000000000000000e+00
1.000000000000000000e+00,1.600000000000000000e+01,1.600000000000000000e+01,1.096000000000000000e+03,4.000000000000000000e+01,1.096000000000000000e+03,4.000000000000000000e+01,0.000000000000000000e+00,0.000000000000000000e+00,4.000000000000000000e+00
-1.000000000000000000e+00,1.600000000000000000e+01,1.600000000000000000e+01,1.112000000000000000e+03,4.000000000000000000e+01,1.112000000000000000e+03,4.000000000000000000e+01,0.000000000000000000e+00,0.000000000000000000e+00,4.000000000000000000e+00
1.000000000000000000e+00,1.600000000000000000e+01,1.600000000000000000e+01,1.112000000000000000e+03,4.000000000000000000e+01,1.112000000000000000e+03,4.000000000000000000e+01,0.000000000000000000e+00,0.000000000000000000e+00,4.000000000000000000e+00
-1.000000000000000000e+00,1.600000000000000000e+01,1.600000000000000000e+01,1.128000000000000000e+03,4.000000000000000000e+01,1.128000000000000000e+03,4.000000000000000000e+01,0.000000000000000000e+00,0.000000000000000000e+00,4.000000000000000000e+00
1.000000000000000000e+00,1.600000000000000000e+01,1.600000000000000000e+01,1.128000000000000000e+03,4.000000000000000000e+01,1.128000000000000000e+03,4.000000000000000000e+01,0.000000000000000000e+00,0.000000000000000000e+00,4.000000000000000000e+00
-1.000000000000000000e+00,1.600000000000000000e+01,1.600000000000000000e+01,1.144000000000000000e+03,4.000000000000000000e+01,1.144000000000000000e+03,4.000000000000000000e+01,0.000000000000000000e+00,0.000000000000000000e+00,4.000000000000000000e+00
1.000000000000000000e+00,1.600000000000000000e+01,1.600000000000000000e+01,1.144000000000000000e+03,4.000000000000000000e+01,1.144000000000000000e+03,4.000000000000000000e+01,0.000000000000000000e+00,0.000000000000000000e+00,4.000000000000000000e+00
-1.000000000000000000e+00,1.600000000000000000e+01,1.600000000000000000e+01,1.160000000000000000e+03,4.000000000000000000e+01,1.160000000000000000e+03,4.000000000000000000e+01,0.000000000000000000e+00,0.000000000000000000e+00,4.000000000000000000e+00
1.000000000000000000e+00,1.600000000000000000e+01,1.600000000000000000e+01,1.160000000000000000e+03,4.000000000000000000e+01,1.160000000000000000e+03,4.000000000000000000e+01,0.000000000000000000e+00,0.000000000000000000e+00,4.000000000000000000e+00
-1.000000000000000000e+00,1.600000000000000000e+01,1.600000000000000000e+01,1.176000000000000000e+03,4.000000000000000000e+01,1.176000000000000000e+03,4.000000000000000000e+01,0.000000000000000000e+00,0.000000000000000000e+00,4.000000000000000000e+00
1.000000000000000000e+00,1.600000000000000000e+01,1.600000000000000000e+01,1.176000000000000000e+03,4.000000000000000000e+01,1.176000000000000000e+03,4.000000000000000000e+01,0.000000000000000000e+00,0.000000000000000000e+00,4.000000000000000000e+00
-1.000000000000000000e+00,1.600000000000000000e+01,1.600000000000000000e+01,1.192000000000000000e+03,4.000000000000000000e+01,1.192000000000000000e+03,4.000000000000000000e+01,0.000000000000000000e+00,0.000000000000000000e+00,4.000000000000000000e+00
1.000000000000000000e+00,1.600000000000000000e+01,1.600000000000000000e+01,1.192000000000000000e+03,4.000000000000000000e+01,1.192000000000000000e+03,4.000000000000000000e+01,0.000000000000000000e+00,0.000000000000000000e+00,4.000000000000000000e+00
-1.000000000000000000e+00,1.600000000000000000e+01,1.600000000000000000e+01,1.208000000000000000e+03,4.000000000000000000e+01,1.208000000000000000e+03,4.000000000000000000e+01,0.000000000000000000e+00,0.000000000000000000e+00,4.000000000000000000e+00
1.000000000000000000e+00,1.600000000000000000e+01,1.600000000000000000e+01,1.208000000000000000e+03,4.000000000000000000e+01,1.208000000000000000e+03,4.000000000000000000e+01,0.000000000000000000e+00,0.000000000000000000e+00,4.000000000000000000e+00
-1.000000000000000000e+00,1.600000000000000000e+01,1.600000000000000000e+01,1.224000000000000000e+03,4.000000000000000000e+01,1.224000000000000000e+03,4.000000000000000000e+01,0.000000000000000000e+00,0.000000000000000000e+00,4.000000000000000000e+00
1.000000000000000000e+00,1.600000000000000000e+01,1.600000000000000000e+01,1.224000000000000000e+03,4.000000000000000000e+01,1.224000000000000000e+03,4.000000000000000000e+01,0.000000000000000000e+00,0.000000000000000000e+00,4.000000000000000000e+00
-1.000000000000000000e+00,1.600000000000000000e+01,1.600000000000000000e+01,1.240000000000000000e+03,4.000000000000000000e+01,1.240000000000000000e+03,4.000000000000000000e+01,0.000000000000000000e+00,0.000000000000000000e+00,4.000000000000000000e+00
1.000000000000000000e+00,1.600000000000000000e+01,1.600000000000000000e+01,1.240000000000000000e+03,4.000000000000000000e+01,1.240000000000000000e+03,4.000000000000000000e+01,0.000000000000000000e+00,0.000000000000000000e+00,4.000000000000000000e+00
1.000000000000000000e+00,1.600000000000000000e+01,1.600000000000000000e+01,1.256000000000000000e+03,4.000000000000000000e+01,1.256000000000000000e+03,4.000000000000000000e+01,0.000000000000000000e+00,0.000000000000000000e+00,4.000000000000000000e+00
-1.000000000000000000e+00,1.600000000000000000e+01,1.600000000000000000e+01,1.272000000000000000e+03,4.000000000000000000e+01,1.272000000000000000e+03,4.000000000000000000e+01,0.000000000000000000e+00,0.000000000000000000e+00,4.000000000000000000e+00
1.000000000000000000e+00,1.600000000000000000e+01,1.600000000000000000e+01,3.600000000000000000e+01,4.100000000000000000e+01,8.000000000000000000e+00,5.600000000000000000e+01,1.140000000000000000e+02,-6.200000000000000000e+01,4.000000000000000000e+00
1.000000000000000000e+00,1.600000000000000000e+01,1.600000000000000000e+01,5.300000000000000000e+01,5.400000000000000000e+01,2.400000000000000000e+01,5.600000000000000000e+01,1.190000000000000000e+02,-8.000000000000000000e+00,4.000000000000000000e+00
1.000000000000000000e+00,1.600000000000000000e+01,1.600000000000000000e+01,1.000000000000000000e+02,4.400000000000000000e+01,7.200000000000000000e+01,5.600000000000000000e+01,1.120000000000000000e+02,-5.000000000000000000e+01,4.000000000000000000e+00
-1.000000000000000000e+00,1.600000000000000000e+01,1.600000000000000000e+01,6.800000000000000000e+01,5.600000000000000000e+01,8.800000000000000000e+01,5.600000000000000000e+01,-8.000000000000000000e+01,0.000000000000000000e+00,4.000000000000000000e+00
1.000000000000000000e+00,1.600000000000000000e+01,1.600000000000000000e+01,1.270000000000000000e+02,5.000000000000000000e+01,1.040000000000000000e+02,5.600000000000000000e+01,9.500000000000000000e+01,-2.500000000000000000e+01,4.000000000000000000e+00
1.000000000000000000e+00,1.600000000000000000e+01,1.600000000000000000e+01,1.530000000000000000e+02,3.900000000000000000e+01,1.360000000000000000e+02,5.600000000000000000e+01,6.800000000000000000e+01,-6.800000000000000000e+01,4.000000000000000000e+00
-1.000000000000000000e+00,1.600000000000000000e+01,1.600000000000000000e+01,1.310000000000000000e+02,7.400000000000000000e+01,1.520000000000000000e+02,5.600000000000000000e+01,-8.500000000000000000e+01,7.200000000000000000e+01,4.000000000000000000e+00
1.000000000000000000e+00,1.600000000000000000e+01,1.600000000000000000e+01,1.690000000000000000e+02,3.900000000000000000e+01,1.520000000000000000e+02,5.600000000000000000e+01,6.800000000000000000e+01,-6.800000000000000000e+01,4.000000000000000000e+00
-1.000000000000000000e+00,1.600000000000000000e+01,1.600000000000000000e+01,1.470000000000000000e+02,7.600000000000000000e+01,1.680000000000000000e+02,5.600000000000000000e+01,-8.500000000000000000e+01,8.100000000000000000e+01,4.000000000000000000e+00
-1.000000000000000000e+00,1.600000000000000000e+01,1.600000000000000000e+01,1.620000000000000000e+02,7.600000000000000000e+01,1.840000000000000000e+02,5.600000000000000000e+01,-9.100000000000000000e+01,8.100000000000000000e+01,4.000000000000000000e+00
1.000000000000000000e+00,1.600000000000000000e+01,1.600000000000000000e+01,2.260000000000000000e+02,4.200000000000000000e+01,2.000000000000000000e+02,5.600000000000000000e+01,1.040000000000000000e+02,-5.800000000000000000e+01,4.000000000000000000e+00
-1.000000000000000000e+00,1.600000000000000000e+01,1.600000000000000000e+01,2.000000000000000000e+02,7.600000000000000000e+01,2.160000000000000000e+02,5.600000000000000000e+01,-6.400000000000000000e+01,8.100000000000000000e+01,4.000000000000000000e+00
1.000000000000000000e+00,1.600000000000000000e+01,1.600000000000000000e+01,2.420000000000000000e+02,4.200000000000000000e+01,2.160000000000000000e+02,5.600000000000000000e+01,1.040000000000000000e+02,-5.800000000000000000e+01,4.000000000000000000e+00
-1.000000000000000000e+00,1.600000000000000000e+01,1.600000000000000000e+01,2.160000000000000000e+02,7.600000000000000000e+01,2.320000000000000000e+02,5.600000000000000000e+01,-6.400000000000000000e+01,8.100000000000000000e+01,4.000000000000000000e+00
1.000000000000000000e+00,1.600000000000000000e+01,1.600000000000000000e+01,2.580000000000000000e+02,4.200000000000000000e+01,2.320000000000000000e+02,5.600000000000000000e+01,1.040000000000000000e+02,-5.800000000000000000e+01,4.000000000000000000e+00
-1.000000000000000000e+00,1.600000000000000000e+01,1.600000000000000000e+01,2.410000000000000000e+02,7.100000000000000000e+01,2.640000000000000000e+02,5.600000000000000000e+01,-9.300000000000000000e+01,6.300000000000000000e+01,4.000000000000000000e+00
1.000000000000000000e+00,1.600000000000000000e+01,1.600000000000000000e+01,3.040000000000000000e+02,3.200000000000000000e+01,2.800000000000000000e+02,5.600000000000000000e+01,9.700000000000000000e+01,-9.800000000000000000e+01,4.000000000000000000e+00
-1.000000000000000000e+00,1.600000000000000000e+01,1.600000000000000000e+01,2.740000000000000000e+02,7.200000000000000000e+01,2.960000000000000000e+02,5.600000000000000000e+01,-9.100000000000000000e+01,6.500000000000000000e+01,4.000000000000000000e+00
1.000000000000000000e+00,1.600000000000000000e+01,1.600000000000000000e+01,3.200000000000000000e+02,3.200000000000000000e+01,2.960000000000000000e+02,5.600000000000000000e+01,9.700000000000000000e+01,-9.800000000000000000e+01,4.000000000000000000e+00
-1.000000000000000000e+00,1.600000000000000000e+01,1.600000000000000000e+01,2.910000000000000000e+02,7.400000000000000000e+01,3.120000000000000000e+02,5.600000000000000000e+01,-8.700000000000000000e+01,7.400000000000000000e+01,4.000000000000000000e+00
-1.000000000000000000e+00,1.600000000000000000e+01,1.600000000000000000e+01,3.070000000000000000e+02,7.600000000000000000e+01,3.280000000000000000e+02,5.600000000000000000e+01,-8.500000000000000000e+01,8.000000000000000000e+01,4.000000000000000000e+00
-1.000000000000000000e+00,1.600000000000000000e+01,1.600000000000000000e+01,3.230000000000000000e+02,7.600000000000000000e+01,3.440000000000000000e+02,5.600000000000000000e+01,-8.500000000000000000e+01,8.000000000000000000e+01,4.000000000000000000e+00
-1.000000000000000000e+00,1.600000000000000000e+01,1.600000000000000000e+01,3.390000000000000000e+02,7.700000000000000000e+01,3.600000000000000000e+02,5.600000000000000000e+01,-8.500000000000000000e+01,8.400000000000000000e+01,4.000000000000000000e+00
-1.000000000000000000e+00,1.600000000000000000e+01,1.600000000000000000e+01,3.550000000000000000e+02,7.700000000000000000e+01,3.760000000000000000e+02,5.600000000000000000e+01,-8.400000000000000000e+01,8.400000000000000000e+01,4.000000000000000000e+00
-1.000000000000000000e+00,1.600000000000000000e+01,1.600000000000000000e+01,3.710000000000000000e+02,7.700000000000000000e+01,3.920000000000000000e+02,5.600000000000000000e+01,-8.400000000000000000e+01,8.400000000000000000e+01,4.000000000000000000e+00
-1.000000000000000000e+00,1.600000000000000000e+01,1.600000000000000000e+01,3.910000000000000000e+02,7.000000000000000000e+01,4.080000000000000000e+02,5.600000000000000000e+01,-6.800000000000000000e+01,5.700000000000000000e+01,4.000000000000000000e+00
-1.000000000000000000e+00,8.000000000000000000e+00,8.000000000000000000e+00,4.030000000000000000e+02,6.600000000000000000e+01,4.200000000000000000e+02,5.200000000000000000e+01,-6.800000000000000000e+01,5.700000000000000000e+01,4.000000000000000000e+00
-1.000000000000000000e+00,8.000000000000000000e+00,8.000000000000000000e+00,4.280000000000000000e+02,5.200000000000000000e+01,4.280000000000000000e+02,5.200000000000000000e+01,0.000000000000000000e+00,0.000000000000000000e+00,4.000000000000000000e+00
-1.000000000000000000e+00,8.000000000000000000e+00,8.000000000000000000e+00,4.030000000000000000e+02,7.400000000000000000e+01,4.200000000000000000e+02,6.000000000000000000e+01,-6.800000000000000000e+01,5.700000000000000000e+01,4.000000000000000000e+00
-1.000000000000000000e+00,8.000000000000000000e+00,8.000000000000000000e+00,4.110000000000000000e+02,7.400000000000000000e+01,4.280000000000000000e+02,6.000000000000000000e+01,-6.800000000000000000e+01,5.700000000000000000e+01,4.000000000000000000e+00
1.000000000000000000e+00,8.000000000000000000e+00,8.000000000000000000e+00,4.400000000000000000e+02,4.100000000000000000e+01,4.200000000000000000e+02,5.200000000000000000e+01,8.200000000000000000e+01,-4.500000000000000000e+01,4.000000000000000000e+00
1.000000000000000000e+00,8.000000000000000000e+00,8.000000000000000000e+00,4.510000000000000000e+02,4.300000000000000000e+01,4.280000000000000000e+02,5.200000000000000000e+01,9.200000000000000000e+01,-3.700000000000000000e+01,4.000000000000000000e+00
1.000000000000000000e+00,8.000000000000000000e+00,8.000000000000000000e+00,4.400000000000000000e+02,4.900000000000000000e+01,4.200000000000000000e+02,6.000000000000000000e+01,8.200000000000000000e+01,-4.500000000000000000e+01,4.000000000000000000e+00
1.000000000000000000e+00,8.000000000000000000e+00,8.000000000000000000e+00,4.480000000000000000e+02,4.900000000000000000e+01,4.280000000000000000e+02,6.000000000000000000e+01,8.200000000000000000e+01,-4.500000000000000000e+01,4.000000000000000000e+00
1.000000000000000000e+00,1.600000000000000000e+01,1.600000000000000000e+01,4.620000000000000000e+02,4.700000000000000000e+01,4.400000000000000000e+02,5.600000000000000000e+01,9.100000000000000000e+01,-3.700000000000000000e+01,4.000000000000000000e+00
-1.000000000000000000e+00,1.600000000000000000e+01,8.000000000000000000e+00,4.690000000000000000e+02,5.200000000000000000e+01,4.560000000000000000e+02,5.200000000000000000e+01,5.200000000000000000e+01,0.000000000000000000e+00,4.000000000000000000e+00
-1.000000000000000000e+00,1.600000000000000000e+01,8.000000000000000000e+00,4.640000000000000000e+02,6.000000000000000000e+01,4.560000000000000000e+02,6.000000000000000000e+01,3.400000000000000000e+01,0.000000000000000000e+00,4.000000000000000000e+00
-1.000000000000000000e+00,1.600000000000000000e+01,1.600000000000000000e+01,4.720000000000000000e+02,5.600000000000000000e+01,4.720000000000000000e+02,5.600000000000000000e+01,0.000000000000000000e+00,0.000000000000000000e+00,4.000000000000000000e+00
-1.000000000000000000e+00,1.600000000000000000e+01,1.600000000000000000e+01,4.880000000000000000e+02,5.600000000000000000e+01,4.880000000000000000e+02,5.600000000000000000e+01,0.000000000000000000e+00,0.000000000000000000e+00,4.000000000000000000e+00
1.000000000000000000e+00,1.600000000000000000e+01,1.600000000000000000e+01,4.880000000000000000e+02,5.600000000000000000e+01,4.880000000000000000e+02,5.600000000000000000e+01,0.000000000000000000e+00,0.000000000000000000e+00,4.000000000000000000e+00
1.000000000000000000e+00,1.600000000000000000e+01,1.600000000000000000e+01,5.040000000000000000e+02,5.600000000000000000e+01,5.040000000000000000e+02,5.600000000000000000e+01,0.000000000000000000e+00,0.000000000000000000e+00,4.000000000000000000e+00
1.000000000000000000e+00,1.600000000000000000e+01,1.600000000000000000e+01,5.200000000000000000e+02,5.600000000000000000e+01,5.200000000000000000e+02,5.600000000000000000e+01,0.000000000000000000e+00,0.000000000000000000e+00,4.000000000000000000e+00
-1.000000000000000000e+00,1.600000000000000000e+01,1.600000000000000000e+01,5.100000000000000000e+02,5.800000000000000000e+01,5.360000000000000000e+02,5.600000000000000000e+01,-1.040000000000000000e+02,1.100000000000000000e+01,4.000000000000000000e+00
1.000000000000000000e+00,1.600000000000000000e+01,1.600000000000000000e+01,5.940000000000000000e+02,4.300000000000000000e+01,5.520000000000000000e+02,5.600000000000000000e+01,1.680000000000000000e+02,-5.200000000000000000e+01,4.000000000000000000e+00
1.000000000000000000e+00,1.600000000000000000e+01,1.600000000000000000e+01,6.320000000000000000e+02,5.600000000000000000e+01,6.320000000000000000e+02,5.600000000000000000e+01,0.000000000000000000e+00,0.000000000000000000e+00,4.000000000000000000e+00
-1.000000000000000000e+00,1.600000000000000000e+01,1.600000000000000000e+01,6.320000000000000000e+02,7.400000000000000000e+01,6.480000000000000000e+02,5.600000000000000000e+01,-6.400000000000000000e+01,7.500000000000000000e+01,4.000000000000000000e+00
1.000000000000000000e+00,1.600000000000000000e+01,1.600000000000000000e+01,7.040000000000000000e+02,4.000000000000000000e+01,6.800000000000000000e+02,5.600000000000000000e+01,9.600000000000000000e+01,-6.400000000000000000e+01,4.000000000000000000e+00
1.000000000000000000e+00,8.000000000000000000e+00,1.600000000000000000e+01,7.160000000000000000e+02,4.000000000000000000e+01,6.920000000000000000e+02,5.600000000000000000e+01,9.600000000000000000e+01,-6.400000000000000000e+01,4.000000000000000000e+00
1.000000000000000000e+00,8.000000000000000000e+00,1.600000000000000000e+01,7.160000000000000000e+02,4.000000000000000000e+01,7.000000000000000000e+02,5.600000000000000000e+01,6.500000000000000000e+01,-6.400000000000000000e+01,4.000000000000000000e+00
1.000000000000000000e+00,1.600000000000000000e+01,1.600000000000000000e+01,7.640000000000000000e+02,3.800000000000000000e+01,7.440000000000000000e+02,5.600000000000000000e+01,8.200000000000000000e+01,-7.200000000000000000e+01,4.000000000000000000e+00
1.000000000000000000e+00,1.600000000000000000e+01,1.600000000000000000e+01,7.800000000000000000e+02,3.200000000000000000e+01,7.600000000000000000e+02,5.600000000000000000e+01,8.200000000000000000e+01,-9.600000000000000000e+01,4.000000000000000000e+00
1.000000000000000000e+00,1.600000000000000000e+01,1.600000000000000000e+01,7.960000000000000000e+02,3.700000000000000000e+01,7.760000000000000000e+02,5.600000000000000000e+01,8.200000000000000000e+01,-7.600000000000000000e+01,4.000000000000000000e+00
1.000000000000000000e+00,1.600000000000000000e+01,1.600000000000000000e+01,8.180000000000000000e+02,3.700000000000000000e+01,7.920000000000000000e+02,5.600000000000000000e+01,1.070000000000000000e+02,-7.600000000000000000e+01,4.000000000000000000e+00
-1.000000000000000000e+00,1.600000000000000000e+01,1.600000000000000000e+01,7.860000000000000000e+02,7.700000000000000000e+01,8.080000000000000000e+02,5.600000000000000000e+01,-9.100000000000000000e+01,8.500000000000000000e+01,4.000000000000000000e+00
1.000000000000000000e+00,1.600000000000000000e+01,1.600000000000000000e+01,8.340000000000000000e+02,3.500000000000000000e+01,8.080000000000000000e+02,5.600000000000000000e+01,1.050000000000000000e+02,-8.600000000000000000e+01,4.000000000000000000e+00
-1.000000000000000000e+00,1.600000000000000000e+01,1.600000000000000000e+01,8.020000000000000000e+02,7.700000000000000000e+01,8.240000000000000000e+02,5.600000000000000000e+01,-9.100000000000000000e+01,8.400000000000000000e+01,4.000000000000000000e+00
1.000000000000000000e+00,1.600000000000000000e+01,1.600000000000000000e+01,8.650000000000000000e+02,3.500000000000000000e+01,8.400000000000000000e+02,5.600000000000000000e+01,1.020000000000000000e+02,-8.500000000000000000e+01,4.000000000000000000e+00
-1.000000000000000000e+00,1.600000000000000000e+01,1.600000000000000000e+01,8.330000000000000000e+02,7.700000000000000000e+01,8.560000000000000000e+02,5.600000000000000000e+01,-9.500000000000000000e+01,8.500000000000000000e+01,4.000000000000000000e+00
1.000000000000000000e+00,1.600000000000000000e+01,1.600000000000000000e+01,8.810000000000000000e+02,3.500000000000000000e+01,8.560000000000000000e+02,5.600000000000000000e+01,1.020000000000000000e+02,-8.500000000000000000e+01,4.000000000000000000e+00
-1.000000000000000000e+00,1.600000000000000000e+01,1.600000000000000000e+01,8.490000000000000000e+02,7.700000000000000000e+01,8.720000000000000000e+02,5.600000000000000000e+01,-9.500000000000000000e+01,8.600000000000000000e+01,4.000000000000000000e+00
1.000000000000000000e+00,1.600000000000000000e+01,1.600000000000000000e+01,8.970000000000000000e+02,3.500000000000000000e+01,8.720000000000000000e+02,5.600000000000000000e+01,1.020000000000000000e+02,-8.500000000000000000e+01,4.000000000000000000e+00
-1.000000000000000000e+00,1.600000000000000000e+01,1.600000000000000000e+01,8.660000000000000000e+02,7.700000000000000000e+01,8.880000000000000000e+02,5.600000000000000000e+01,-8.800000000000000000e+01,8.600000000000000000e+01,4.000000000000000000e+00
1.000000000000000000e+00,1.600000000000000000e+01,1.600000000000000000e+01,9.130000000000000000e+02,3.500000000000000000e+01,8.880000000000000000e+02,5.600000000000000000e+01,1.020000000000000000e+02,-8.500000000000000000e+01,4.000000000000000000e+00
-1.000000000000000000e+00,1.600000000000000000e+01,1.600000000000000000e+01,8.800000000000000000e+02,7.700000000000000000e+01,9.040000000000000000e+02,5.600000000000000000e+01,-9.700000000000000000e+01,8.600000000000000000e+01,4.000000000000000000e+00
1.000000000000000000e+00,1.600000000000000000e+01,1.600000000000000000e+01,9.290000000000000000e+02,3.500000000000000000e+01,9.040000000000000000e+02,5.600000000000000000e+01,1.020000000000000000e+02,-8.500000000000000000e+01,4.000000000000000000e+00
1.000000000000000000e+00,1.600000000000000000e+01,1.600000000000000000e+01,9.450000000000000000e+02,3.600000000000000000e+01,9.200000000000000000e+02,5.600000000000000000e+01,1.020000000000000000e+02,-8.300000000000000000e+01,4.000000000000000000e+00
1.000000000000000000e+00,1.600000000000000000e+01,1.600000000000000000e+01,9.610000000000000000e+02,3.600000000000000000e+01,9.360000000000000000e+02,5.600000000000000000e+01,1.020000000000000000e+02,-8.300000000000000000e+01,4.000000000000000000e+00
1.000000000000000000e+00,1.600000000000000000e+01,1.600000000000000000e+01,9.780000000000000000e+02,3.400000000000000000e+01,9.520000000000000000e+02,5.600000000000000000e+01,1.060000000000000000e+02,-8.800000000000000000e+01,4.000000000000000000e+00
-1.000000000000000000e+00,1.600000000000000000e+01,1.600000000000000000e+01,9.470000000000000000e+02,7.700000000000000000e+01,9.680000000000000000e+02,5.600000000000000000e+01,-8.700000000000000000e+01,8.400000000000000000e+01,4.000000000000000000e+00
-1.000000000000000000e+00,1.600000000000000000e+01,1.600000000000000000e+01,9.630000000000000000e+02,7.700000000000000000e+01,9.840000000000000000e+02,5.600000000000000000e+01,-8.700000000000000000e+01,8.400000000000000000e+01,4.000000000000000000e+00
1.000000000000000000e+00,1.600000000000000000e+01,1.600000000000000000e+01,1.012000000000000000e+03,5.600000000000000000e+01,9.840000000000000000e+02,5.600000000000000000e+01,1.120000000000000000e+02,0.000000000000000000e+00,4.000000000000000000e+00
-1.000000000000000000e+00,1.600000000000000000e+01,1.600000000000000000e+01,9.790000000000000000e+02,7.700000000000000000e+01,1.000000000000000000e+03,5.600000000000000000e+01,-8.700000000000000000e+01,8.400000000000000000e+01,4.000000000000000000e+00
1.000000000000000000e+00,1.600000000000000000e+01,1.600000000000000000e+01,1.028000000000000000e+03,5.600000000000000000e+01,1.000000000000000000e+03,5.600000000000000000e+01,1.120000000000000000e+02,0.000000000000000000e+00,4.000000000000000000e+00
-1.000000000000000000e+00,1.600000000000000000e+01,1.600000000000000000e+01,1.016000000000000000e+03,5.600000000000000000e+01,1.016000000000000000e+03,5.600000000000000000e+01,0.000000000000000000e+00,0.000000000000000000e+00,4.000000000000000000e+00
1.000000000000000000e+00,1.600000000000000000e+01,1.600000000000000000e+01,1.016000000000000000e+03,5.600000000000000000e+01,1.016000000000000000e+03,5.600000000000000000e+01,0.000000000000000000e+00,0.000000000000000000e+00,4.000000000000000000e+00
-1.000000000000000000e+00,1.600000000000000000e+01,1.600000000000000000e+01,1.032000000000000000e+03,5.600000000000000000e+01,1.032000000000000000e+03,5.600000000000000000e+01,0.000000000000000000e+00,0.000000000000000000e+00,4.000000000000000000e+00
1.000000000000000000e+00,1.600000000000000000e+01,1.600000000000000000e+01,1.032000000000000000e+03,5.600000000000000000e+01,1.032000000000000000e+03,5.600000000000000000e+01,0.000000000000000000e+00,0.000000000000000000e+00,4.000000000000000000e+00
-1.000000000000000000e+00,1.600000000000000000e+01,1.600000000000000000e+01,1.048000000000000000e+03,5.600000000000000000e+01,1.048000000000000000e+03,5.600000000000000000e+01,0.000000000000000000e+00,0.000000000000000000e+00,4.000000000000000000e+00
1.000000000000000000e+00,1.600000000000000000e+01,1.600000000000000000e+01,1.048000000000000000e+03,5.600000000000000000e+01,1.048000000000000000e+03,5.600000000000000000e+01,0.000000000000000000e+00,0.000000000000000000e+00,4.000000000000000000e+00
-1.000000000000000000e+00,1.600000000000000000e+01,1.600000000000000000e+01,1.064000000000000000e+03,5.600000000000000000e+01,1.064000000000000000e+03,5.600000000000000000e+01,0.000000000000000000e+00,0.000000000000000000e+00,4.000000000000000000e+00
1.000000000000000000e+00,1.600000000000000000e+01,1.600000000000000000e+01,1.064000000000000000e+03,5.600000000000000000e+01,1.064000000000000000e+03,5.600000000000000000e+01,0.000000000000000000e+00,0.000000000000000000e+00,4.000000000000000000e+00
-1.000000000000000000e+00,1.600000000000000000e+01,1.600000000000000000e+01,1.080000000000000000e+03,5.600000000000000000e+01,1.080000000000000000e+03,5.600000000000000000e+01,0.000000000000000000e+00,0.000000000000000000e+00,4.000000000000000000e+00
1.000000000000000000e+00,1.600000000000000000e+01,1.600000000000000000e+01,1.080000000000000000e+03,5.600000000000000000e+01,1.080000000000000000e+03,5.600000000000000000e+01,0.000000000000000000e+00,0.000000000000000000e+00,4.000000000000000000e+00
-1.000000000000000000e+00,1.600000000000000000e+01,1.600000000000000000e+01,1.096000000000000000e+03,5.600000000000000000e+01,1.096000000000000000e+03,5.600000000000000000e+01,0.000000000000000000e+00,0.000000000000000000e+00,4.000000000000000000e+00
1.000000000000000000e+00,1.600000000000000000e+01,1.600000000000000000e+01,1.096000000000000000e+03,5.600000000000000000e+01,1.096000000000000000e+03,5.600000000000000000e+01,0.000000000000000000e+00,0.000000000000000000e+00,4.000000000000000000e+00
-1.000000000000000000e+00,1.600000000000000000e+01,1.600000000000000000e+01,1.112000000000000000e+03,5.600000000000000000e+01,1.112000000000000000e+03,5.600000000000000000e+01,0.000000000000000000e+00,0.000000000000000000e+00,4.000000000000000000e+00
1.000000000000000000e+00,1.600000000000000000e+01,1.600000000000000000e+01,1.112000000000000000e+03,5.600000000000000000e+01,1.112000000000000000e+03,5.600000000000000000e+01,0.000000000000000000e+00,0.000000000000000000e+00,4.000000000000000000e+00
-1.000000000000000000e+00,1.600000000000000000e+01,1.600000000000000000e+01,1.128000000000000000e+03,5.600000000000000000e+01,1.128000000000000000e+03,5.600000000000000000e+01,0.000000000000000000e+00,0.000000000000000000e+00,4.000000000000000000e+00
1.000000000000000000e+00,1.600000000000000000e+01,1.600000000000000000e+01,1.128000000000000000e+03,5.600000000000000000e+01,1.128000000000000000e+03,5.600000000000000000e+01,0.000000000000000000e+00,0.000000000000000000e+00,4.000000000000000000e+00
-1.000000000000000000e+00,1.600000000000000000e+01,1.600000000000000000e+01,1.144000000000000000e+03,5.600000000000000000e+01,1.144000000000000000e+03,5.600000000000000000e+01,0.000000000000000000e+00,0.000000000000000000e+00,4.000000000000000000e+00
1.000000000000000000e+00,1.600000000000000000e+01,1.600000000000000000e+01,1.144000000000000000e+03,5.600000000000000000e+01,1.144000000000000000e+03,5.600000000000000000e+01,0.000000000000000000e+00,0.000000000000000000e+00,4.000000000000000000e+00
-1.000000000000000000e+00,1.600000000000000000e+01,1.600000000000000000e+01,1.160000000000000000e+03,5.600000000000000000e+01,1.160000000000000000e+03,5.600000000000000000e+01,0.000000000000000000e+00,0.000000000000000000e+00,4.000000000000000000e+00
1.000000000000000000e+00,1.600000000000000000e+01,1.600000000000000000e+01,1.160000000000000000e+03,5.600000000000000000e+01,1.160000000000000000e+03,5.600000000000000000e+01,0.000000000000000000e+00,0.000000000000000000e+00,4.000000000000000000e+00
-1.000000000000000000e+00,1.600000000000000000e+01,1.600000000000000000e+01,1.176000000000000000e+03,5.600000000000000000e+01,1.176000000000000000e+03,5.600000000000000000e+01,0.000000000000000000e+00,0.000000000000000000e+00,4.000000000000000000e+00
1.000000000000000000e+00,1.600000000000000000e+01,1.600000000000000000e+01,1.176000000000000000e+03,5.600000000000000000e+01,1.176000000000000000e+03,5.600000000000000000e+01,0.000000000000000000e+00,0.000000000000000000e+00,4.000000000000000000e+00
-1.000000000000000000e+00,1.600000000000000000e+01,1.600000000000000000e+01,1.192000000000000000e+03,5.600000000000000000e+01,1.192000000000000000e+03,5.600000000000000000e+01,0.000000000000000000e+00,0.000000000000000000e+00,4.000000000000000000e+00
1.000000000000000000e+00,1.600000000000000000e+01,1.600000000000000000e+01,1.192000000000000000e+03,5.600000000000000000e+01,1.192000000000000000e+03,5.600000000000000000e+01,0.000000000000000000e+00,0.000000000000000000e+00,4.000000000000000000e+00
-1.000000000000000000e+00,1.600000000000000000e+01,1.600000000000000000e+01,1.208000000000000000e+03,5.600000000000000000e+01,1.208000000000000000e+03,5.600000000000000000e+01,0.000000000000000000e+00,0.000000000000000000e+00,4.000000000000000000e+00
1.000000000000000000e+00,1.600000000000000000e+01,1.600000000000000000e+01,1.208000000000000000e+03,5.600000000000000000e+01,1.208000000000000000e+03,5.600000000000000000e+01,0.000000000000000000e+00,0.000000000000000000e+00,4.000000000000000000e+00
-1.000000000000000000e+00,1.600000000000000000e+01,1.600000000000000000e+01,1.224000000000000000e+03,5.600000000000000000e+01,1.224000000000000000e+03,5.600000000000000000e+01,0.000000000000000000e+00,0.000000000000000000e+00,4.000000000000000000e+00
1.000000000000000000e+00,1.600000000000000000e+01,1.600000000000000000e+01,1.224000000000000000e+03,5.600000000000000000e+01,1.224000000000000000e+03,5.600000000000000000e+01,0.000000000000000000e+00,0.000000000000000000e+00,4.000000000000000000e+00
-1.000000000000000000e+00,1.600000000000000000e+01,1.600000000000000000e+01,1.240000000000000000e+03,5.600000000000000000e+01,1.240000000000000000e+03,5.600000000000000000e+01,0.000000000000000000e+00,0.000000000000000000e+00,4.000000000000000000e+00
1.000000000000000000e+00,1.600000000000000000e+01,1.600000000000000000e+01,1.240000000000000000e+03,5.600000000000000000e+01,1.240000000000000000e+03,5.600000000000000000e+01,0.000000000000000000e+00,0.000000000000000000e+00,4.000000000000000000e+00
1.000000000000000000e+00,1.600000000000000000e+01,1.600000000000000000e+01,1.256000000000000000e+03,5.600000000000000000e+01,1.256000000000000000e+03,5.600000000000000000e+01,0.000000000000000000e+00,0.000000000000000000e+00,4.000000000000000000e+00
1.000000000000000000e+00,1.600000000000000000e+01,1.600000000000000000e+01,3.700000000000000000e+01,6.800000000000000000e+01,8.000000000000000000e+00,7.200000000000000000e+01,1.160000000000000000e+02,-1.800000000000000000e+01,4.000000000000000000e+00
1.000000000000000000e+00,1.600000000000000000e+01,1.600000000000000000e+01,5.300000000000000000e+01,7.000000000000000000e+01,2.400000000000000000e+01,7.200000000000000000e+01,1.160000000000000000e+02,-8.000000000000000000e+00,4.000000000000000000e+00
1.000000000000000000e+00,1.600000000000000000e+01,1.600000000000000000e+01,6.900000000000000000e+01,7.000000000000000000e+01,4.000000000000000000e+01,7.200000000000000000e+01,1.160000000000000000e+02,-8.000000000000000000e+00,4.000000000000000000e+00
1.000000000000000000e+00,1.600000000000000000e+01,1.600000000000000000e+01,8.400000000000000000e+01,5.500000000000000000e+01,5.600000000000000000e+01,7.200000000000000000e+01,1.120000000000000000e+02,-7.100000000000000000e+01,4.000000000000000000e+00
-1.000000000000000000e+00,1.600000000000000000e+01,1.600000000000000000e+01,6.800000000000000000e+01,7.200000000000000000e+01,8.800000000000000000e+01,7.200000000000000000e+01,-8.000000000000000000e+01,0.000000000000000000e+00,4.000000000000000000e+00
1.000000000000000000e+00,1.600000000000000000e+01,1.600000000000000000e+01,1.110000000000000000e+02,6.600000000000000000e+01,8.800000000000000000e+01,7.200000000000000000e+01,9.500000000000000000e+01,-2.500000000000000000e+01,4.000000000000000000e+00
1.000000000000000000e+00,1.600000000000000000e+01,1.600000000000000000e+01,1.400000000000000000e+02,5.500000000000000000e+01,1.200000000000000000e+02,7.200000000000000000e+01,8.000000000000000000e+01,-6.800000000000000000e+01,4.000000000000000000e+00
1.000000000000000000e+00,1.600000000000000000e+01,1.600000000000000000e+01,1.530000000000000000e+02,5.500000000000000000e+01,1.360000000000000000e+02,7.200000000000000000e+01,6.800000000000000000e+01,-6.800000000000000000e+01,4.000000000000000000e+00
-1.000000000000000000e+00,1.600000000000000000e+01,1.600000000000000000e+01,1.310000000000000000e+02,9.000000000000000000e+01,1.520000000000000000e+02,7.200000000000000000e+01,-8.500000000000000000e+01,7.200000000000000000e+01,4.000000000000000000e+00
1.000000000000000000e+00,1.600000000000000000e+01,1.600000000000000000e+01,1.690000000000000000e+02,5.500000000000000000e+01,1.520000000000000000e+02,7.200000000000000000e+01,6.800000000000000000e+01,-6.800000000000000000e+01,4.000000000000000000e+00
-1.000000000000000000e+00,1.600000000000000000e+01,1.600000000000000000e+01,1.470000000000000000e+02,9.200000000000000000e+01,1.680000000000000000e+02,7.200000000000000000e+01,-8.500000000000000000e+01,8.100000000000000000e+01,4.000000000000000000e+00
1.000000000000000000e+00,1.600000000000000000e+01,1.600000000000000000e+01,1.850000000000000000e+02,5.500000000000000000e+01,1.680000000000000000e+02,7.200000000000000000e+01,6.800000000000000000e+01,-6.800000000000000000e+01,4.000000000000000000e+00
1.000000000000000000e+00,1.600000000000000000e+01,1.600000000000000000e+01,2.100000000000000000e+02,5.500000000000000000e+01,1.840000000000000000e+02,7.200000000000000000e+01,1.040000000000000000e+02,-7.100000000000000000e+01,4.000000000000000000e+00
1.000000000000000000e+00,1.600000000000000000e+01,1.600000000000000000e+01,2.250000000000000000e+02,5.200000000000000000e+01,2.000000000000000000e+02,7.200000000000000000e+01,1.010000000000000000e+02,-8.200000000000000000e+01,4.000000000000000000e+00
-1.000000000000000000e+00,1.600000000000000000e+01,1.600000000000000000e+01,2.000000000000000000e+02,9.200000000000000000e+01,2.160000000000000000e+02,7.200000000000000000e+01,-6.400000000000000000e+01,8.100000000000000000e+01,4.000000000000000000e+00
1.000000000000000000e+00,1.600000000000000000e+01,1.600000000000000000e+01,2.420000000000000000e+02,5.800000000000000000e+01,2.160000000000000000e+02,7.200000000000000000e+01,1.040000000000000000e+02,-5.800000000000000000e+01,4.000000000000000000e+00
-1.000000000000000000e+00,1.600000000000000000e+01,1.600000000000000000e+01,2.160000000000000000e+02,9.200000000000000000e+01,2.320000000000000000e+02,7.200000000000000000e+01,-6.400000000000000000e+01,8.100000000000000000e+01,4.000000000000000000e+00
1.000000000000000000e+00,1.600000000000000000e+01,1.600000000000000000e+01,2.580000000000000000e+02,5.800000000000000000e+01,2.320000000000000000e+02,7.200000000000000000e+01,1.040000000000000000e+02,-5.800000000000000000e+01,4.000000000000000000e+00
-1.000000000000000000e+00,1.600000000000000000e+01,1.600000000000000000e+01,2.410000000000000000e+02,8.700000000000000000e+01,2.640000000000000000e+02,7.200000000000000000e+01,-9.300000000000000000e+01,6.300000000000000000e+01,4.000000000000000000e+00
1.000000000000000000e+00,1.600000000000000000e+01,1.600000000000000000e+01,2.880000000000000000e+02,4.800000000000000000e+01,2.640000000000000000e+02,7.200000000000000000e+01,9.700000000000000000e+01,-9.800000000000000000e+01,4.000000000000000000e+00
-1.000000000000000000e+00,8.000000000000000000e+00,1.600000000000000000e+01,2.520000000000000000e+02,8.700000000000000000e+01,2.760000000000000000e+02,7.200000000000000000e+01,-9.800000000000000000e+01,6.300000000000000000e+01,4.000000000000000000e+00
-1.000000000000000000e+00,8.000000000000000000e+00,1.600000000000000000e+01,2.620000000000000000e+02,8.800000000000000000e+01,2.840000000000000000e+02,7.200000000000000000e+01,-9.100000000000000000e+01,6.500000000000000000e+01,4.000000000000000000e+00
1.000000000000000000e+00,8.000000000000000000e+00,1.600000000000000000e+01,2.760000000000000000e+02,7.200000000000000000e+01,2.760000000000000000e+02,7.200000000000000000e+01,0.000000000000000000e+00,0.000000000000000000e+00,4.000000000000000000e+00
1.000000000000000000e+00,8.000000000000000000e+00,1.600000000000000000e+01,3.080000000000000000e+02,4.800000000000000000e+01,2.840000000000000000e+02,7.200000000000000000e+01,9.700000000000000000e+01,-9.800000000000000000e+01,4.000000000000000000e+00
-1.000000000000000000e+00,1.600000000000000000e+01,1.600000000000000000e+01,2.740000000000000000e+02,8.800000000000000000e+01,2.960000000000000000e+02,7.200000000000000000e+01,-9.100000000000000000e+01,6.500000000000000000e+01,4.000000000000000000e+00
1.000000000000000000e+00,1.600000000000000000e+01,1.600000000000000000e+01,3.200000000000000000e+02,4.800000000000000000e+01,2.960000000000000000e+02,7.200000000000000000e+01,9.700000000000000000e+01,-9.800000000000000000e+01,4.000000000000000000e+00
-1.000000000000000000e+00,1.600000000000000000e+01,1.600000000000000000e+01,2.910000000000000000e+02,9.000000000000000000e+01,3.120000000000000000e+02,7.200000000000000000e+01,-8.700000000000000000e+01,7.400000000000000000e+01,4.000000000000000000e+00
-1.000000000000000000e+00,1.600000000000000000e+01,1.600000000000000000e+01,3.070000000000000000e+02,9.000000000000000000e+01,3.280000000000000000e+02,7.200000000000000000e+01,-8.400000000000000000e+01,7.500000000000000000e+01,4.000000000000000000e+00
-1.000000000000000000e+00,1.600000000000000000e+01,1.600000000000000000e+01,3.230000000000000000e+02,9.200000000000000000e+01,3.440000000000000000e+02,7.200000000000000000e+01,-8.500000000000000000e+01,8.000000000000000000e+01,4.000000000000000000e+00
-1.000000000000000000e+00,1.600000000000000000e+01,1.600000000000000000e+01,3.400000000000000000e+02,9.300000000000000000e+01,3.600000000000000000e+02,7.200000000000000000e+01,-8.000000000000000000e+01,8.400000000000000000e+01,4.000000000000000000e+00
-1.000000000000000000e+00,1.600000000000000000e+01,8.000000000000000000e+00,3.760000000000000000e+02,6.800000000000000000e+01,3.760000000000000000e+02,6.800000000000000000e+01,0.000000000000000000e+00,0.000000000000000000e+00,4.000000000000000000e+00
-1.000000000000000000e+00,1.600000000000000000e+01,8.000000000000000000e+00,3.550000000000000000e+02,9.700000000000000000e+01,3.760000000000000000e+02,7.600000000000000000e+01,-8.400000000000000000e+01,8.400000000000000000e+01,4.000000000000000000e+00
1.000000000000000000e+00,1.600000000000000000e+01,8.000000000000000000e+00,3.960000000000000000e+02,6.000000000000000000e+01,3.760000000000000000e+02,6.800000000000000000e+01,8.300000000000000000e+01,-3.300000000000000000e+01,4.000000000000000000e+00
1.000000000000000000e+00,1.600000000000000000e+01,8.000000000000000000e+00,3.760000000000000000e+02,7.600000000000000000e+01,3.760000000000000000e+02,7.600000000000000000e+01,0.000000000000000000e+00,0.000000000000000000e+00,4.000000000000000000e+00
-1.000000000000000000e+00,1.600000000000000000e+01,1.600000000000000000e+01,3.730000000000000000e+02,9.100000000000000000e+01,3.920000000000000000e+02,7.200000000000000000e+01,-7.900000000000000000e+01,7.700000000000000000e+01,4.000000000000000000e+00
-1.000000000000000000e+00,1.600000000000000000e+01,1.600000000000000000e+01,3.910000000000000000e+02,8.600000000000000000e+01,4.080000000000000000e+02,7.200000000000000000e+01,-6.800000000000000000e+01,5.700000000000000000e+01,4.000000000000000000e+00
1.000000000000000000e+00,1.600000000000000000e+01,1.600000000000000000e+01,4.280000000000000000e+02,6.100000000000000000e+01,4.080000000000000000e+02,7.200000000000000000e+01,8.200000000000000000e+01,-4.500000000000000000e+01,4.000000000000000000e+00
1.000000000000000000e+00,1.600000000000000000e+01,8.000000000000000000e+00,4.420000000000000000e+02,5.600000000000000000e+01,4.240000000000000000e+02,6.800000000000000000e+01,7.200000000000000000e+01,-5.000000000000000000e+01,4.000000000000000000e+00
1.000000000000000000e+00,1.600000000000000000e+01,8.000000000000000000e+00,4.480000000000000000e+02,7.400000000000000000e+01,4.240000000000000000e+02,7.600000000000000000e+01,9.600000000000000000e+01,-8.000000000000000000e+00,4.000000000000000000e+00
-1.000000000000000000e+00,1.600000000000000000e+01,1.600000000000000000e+01,4.260000000000000000e+02,9.000000000000000000e+01,4.400000000000000000e+02,7.200000000000000000e+01,-5.600000000000000000e+01,7.500000000000000000e+01,4.000000000000000000e+00
-1.000000000000000000e+00,1.600000000000000000e+01,1.600000000000000000e+01,4.560000000000000000e+02,7.200000000000000000e+01,4.560000000000000000e+02,7.200000000000000000e+01,0.000000000000000000e+00,0.000000000000000000e+00,4.000000000000000000e+00
-1.000000000000000000e+00,1.600000000000000000e+01,1.600000000000000000e+01,4.720000000000000000e+02,7.200000000000000000e+01,4.720000000000000000e+02,7.200000000000000000e+01,0.000000000000000000e+00,0.000000000000000000e+00,4.000000000000000000e+00
1.000000000000000000e+00,1.600000000000000000e+01,1.600000000000000000e+01,5.520000000000000000e+02,7.200000000000000000e+01,5.040000000000000000e+02,7.200000000000000000e+01,1.920000000000000000e+02,-1.000000000000000000e+00,4.000000000000000000e+00
-1.000000000000000000e+00,1.600000000000000000e+01,1.600000000000000000e+01,4.940000000000000000e+02,7.400000000000000000e+01,5.200000000000000000e+02,7.200000000000000000e+01,-1.040000000000000000e+02,1.100000000000000000e+01,4.000000000000000000e+00
1.000000000000000000e+00,1.600000000000000000e+01,1.600000000000000000e+01,5.200000000000000000e+02,7.200000000000000000e+01,5.200000000000000000e+02,7.200000000000000000e+01,0.000000000000000000e+00,0.000000000000000000e+00,4.000000000000000000e+00
1.000000000000000000e+00,1.600000000000000000e+01,1.600000000000000000e+01,5.800000000000000000e+02,6.200000000000000000e+01,5.360000000000000000e+02,7.200000000000000000e+01,1.760000000000000000e+02,-4.100000000000000000e+01,4.000000000000000000e+00
1.000000000000000000e+00,1.600000000000000000e+01,1.600000000000000000e+01,6.050000000000000000e+02,6.200000000000000000e+01,5.520000000000000000e+02,7.200000000000000000e+01,2.120000000000000000e+02,-4.100000000000000000e+01,4.000000000000000000e+00
-1.000000000000000000e+00,1.600000000000000000e+01,1.600000000000000000e+01,5.680000000000000000e+02,7.200000000000000000e+01,5.680000000000000000e+02,7.200000000000000000e+01,0.000000000000000000e+00,0.000000000000000000e+00,4.000000000000000000e+00
-1.000000000000000000e+00,1.600000000000000000e+01,1.600000000000000000e+01,5.840000000000000000e+02,6.900000000000000000e+01,5.840000000000000000e+02,7.200000000000000000e+01,0.000000000000000000e+00,-1.300000000000000000e+01,4.000000000000000000e+00
-1.000000000000000000e+00,1.600000000000000000e+01,1.600000000000000000e+01,6.000000000000000000e+02,7.600000000000000000e+01,6.000000000000000000e+02,7.200000000000000000e+01,0.000000000000000000e+00,1.800000000000000000e+01,4.000000000000000000e+00
1.000000000000000000e+00,1.600000000000000000e+01,1.600000000000000000e+01,6.160000000000000000e+02,7.300000000000000000e+01,6.160000000000000000e+02,7.200000000000000000e+01,0.000000000000000000e+00,6.000000000000000000e+00,4.000000000000000000e+00
-1.000000000000000000e+00,1.600000000000000000e+01,1.600000000000000000e+01,6.160000000000000000e+02,9.000000000000000000e+01,6.320000000000000000e+02,7.200000000000000000e+01,-6.400000000000000000e+01,7.500000000000000000e+01,4.000000000000000000e+00
-1.000000000000000000e+00,1.600000000000000000e+01,1.600000000000000000e+01,6.320000000000000000e+02,9.000000000000000000e+01,6.480000000000000000e+02,7.200000000000000000e+01,-6.400000000000000000e+01,7.500000000000000000e+01,4.000000000000000000e+00
1.000000000000000000e+00,1.600000000000000000e+01,1.600000000000000000e+01,6.860000000000000000e+02,5.600000000000000000e+01,6.640000000000000000e+02,7.200000000000000000e+01,9.000000000000000000e+01,-6.400000000000000000e+01,4.000000000000000000e+00
1.000000000000000000e+00,8.000000000000000000e+00,1.600000000000000000e+01,7.080000000000000000e+02,5.600000000000000000e+01,6.920000000000000000e+02,7.200000000000000000e+01,6.500000000000000000e+01,-6.400000000000000000e+01,4.000000000000000000e+00
1.000000000000000000e+00,8.000000000000000000e+00,1.600000000000000000e+01,7.160000000000000000e+02,5.600000000000000000e+01,7.000000000000000000e+02,7.200000000000000000e+01,6.500000000000000000e+01,-6.400000000000000000e+01,4.000000000000000000e+00
1.000000000000000000e+00,1.600000000000000000e+01,1.600000000000000000e+01,7.280000000000000000e+02,5.600000000000000000e+01,7.120000000000000000e+02,7.200000000000000000e+01,6.500000000000000000e+01,-6.400000000000000000e+01,4.000000000000000000e+00
1.000000000000000000e+00,1.600000000000000000e+01,1.600000000000000000e+01,7.480000000000000000e+02,5.600000000000000000e+01,7.280000000000000000e+02,7.200000000000000000e+01,8.000000000000000000e+01,-6.400000000000000000e+01,4.000000000000000000e+00
1.000000000000000000e+00,1.600000000000000000e+01,1.600000000000000000e+01,7.640000000000000000e+02,5.400000000000000000e+01,7.440000000000000000e+02,7.200000000000000000e+01,8.200000000000000000e+01,-7.500000000000000000e+01,4.000000000000000000e+00
1.000000000000000000e+00,1.600000000000000000e+01,1.600000000000000000e+01,7.800000000000000000e+02,4.600000000000000000e+01,7.600000000000000000e+02,7.200000000000000000e+01,8.200000000000000000e+01,-1.040000000000000000e+02,4.000000000000000000e+00
1.000000000000000000e+00,1.600000000000000000e+01,1.600000000000000000e+01,7.960000000000000000e+02,4.600000000000000000e+01,7.760000000000000000e+02,7.200000000000000000e+01,8.200000000000000000e+01,-1.040000000000000000e+02,4.000000000000000000e+00
1.000000000000000000e+00,1.600000000000000000e+01,1.600000000000000000e+01,8.120000000000000000e+02,5.100000000000000000e+01,7.920000000000000000e+02,7.200000000000000000e+01,8.000000000000000000e+01,-8.600000000000000000e+01,4.000000000000000000e+00
1.000000000000000000e+00,1.600000000000000000e+01,1.600000000000000000e+01,8.280000000000000000e+02,4.900000000000000000e+01,8.080000000000000000e+02,7.200000000000000000e+01,8.000000000000000000e+01,-9.500000000000000000e+01,4.000000000000000000e+00
-1.000000000000000000e+00,1.600000000000000000e+01,1.600000000000000000e+01,8.020000000000000000e+02,9.300000000000000000e+01,8.240000000000000000e+02,7.200000000000000000e+01,-8.800000000000000000e+01,8.400000000000000000e+01,4.000000000000000000e+00
-1.000000000000000000e+00,1.600000000000000000e+01,1.600000000000000000e+01,8.180000000000000000e+02,9.300000000000000000e+01,8.400000000000000000e+02,7.200000000000000000e+01,-8.800000000000000000e+01,8.400000000000000000e+01,4.000000000000000000e+00
1.000000000000000000e+00,1.600000000000000000e+01,1.600000000000000000e+01,8.650000000000000000e+02,5.100000000000000000e+01,8.400000000000000000e+02,7.200000000000000000e+01,1.020000000000000000e+02,-8.500000000000000000e+01,4.000000000000000000e+00
-1.000000000000000000e+00,1.600000000000000000e+01,1.600000000000000000e+01,8.330000000000000000e+02,9.300000000000000000e+01,8.560000000000000000e+02,7.200000000000000000e+01,-9.500000000000000000e+01,8.500000000000000000e+01,4.000000000000000000e+00
1.000000000000000000e+00,1.600000000000000000e+01,1.600000000000000000e+01,8.810000000000000000e+02,5.100000000000000000e+01,8.560000000000000000e+02,7.200000000000000000e+01,1.020000000000000000e+02,-8.500000000000000000e+01,4.000000000000000000e+00
-1.000000000000000000e+00,1.600000000000000000e+01,1.600000000000000000e+01,8.490000000000000000e+02,9.300000000000000000e+01,8.720000000000000000e+02,7.200000000000000000e+01,-9.500000000000000000e+01,8.600000000000000000e+01,4.000000000000000000e+00
1.000000000000000000e+00,1.600000000000000000e+01,1.600000000000000000e+01,8.970000000000000000e+02,5.100000000000000000e+01,8.720000000000000000e+02,7.200000000000000000e+01,1.020000000000000000e+02,-8.500000000000000000e+01,4.000000000000000000e+00
-1.000000000000000000e+00,1.600000000000000000e+01,1.600000000000000000e+01,8.650000000000000000e+02,9.300000000000000000e+01,8.880000000000000000e+02,7.200000000000000000e+01,-9.500000000000000000e+01,8.600000000000000000e+01,4.000000000000000000e+00
1.000000000000000000e+00,1.600000000000000000e+01,1.600000000000000000e+01,9.130000000000000000e+02,5.100000000000000000e+01,8.880000000000000000e+02,7.200000000000000000e+01,1.020000000000000000e+02,-8.500000000000000000e+01,4.000000000000000000e+00
-1.000000000000000000e+00,1.600000000000000000e+01,1.600000000000000000e+01,8.810000000000000000e+02,9.300000000000000000e+01,9.040000000000000000e+02,7.200000000000000000e+01,-9.500000000000000000e+01,8.600000000000000000e+01,4.000000000000000000e+00
1.000000000000000000e+00,1.600000000000000000e+01,1.600000000000000000e+01,9.290000000000000000e+02,5.100000000000000000e+01,9.040000000000000000e+02,7.200000000000000000e+01,1.020000000000000000e+02,-8.500000000000000000e+01,4.000000000000000000e+00
1.000000000000000000e+00,1.600000000000000000e+01,8.000000000000000000e+00,9.460000000000000000e+02,4.800000000000000000e+01,9.200000000000000000e+02,6.800000000000000000e+01,1.040000000000000000e+02,-8.300000000000000000e+01,4.000000000000000000e+00
1.000000000000000000e+00,1.600000000000000000e+01,8.000000000000000000e+00,9.450000000000000000e+02,5.500000000000000000e+01,9.200000000000000000e+02,7.600000000000000000e+01,1.030000000000000000e+02,-8.500000000000000000e+01,4.000000000000000000e+00
1.000000000000000000e+00,1.600000000000000000e+01,1.600000000000000000e+01,9.620000000000000000e+02,5.200000000000000000e+01,9.360000000000000000e+02,7.200000000000000000e+01,1.040000000000000000e+02,-8.300000000000000000e+01,4.000000000000000000e+00
1.000000000000000000e+00,1.600000000000000000e+01,8.000000000000000000e+00,9.780000000000000000e+02,4.600000000000000000e+01,9.520000000000000000e+02,6.800000000000000000e+01,1.070000000000000000e+02,-8.800000000000000000e+01,4.000000000000000000e+00
1.000000000000000000e+00,1.600000000000000000e+01,8.000000000000000000e+00,9.780000000000000000e+02,5.600000000000000000e+01,9.520000000000000000e+02,7.600000000000000000e+01,1.050000000000000000e+02,-8.300000000000000000e+01,4.000000000000000000e+00
-1.000000000000000000e+00,1.600000000000000000e+01,8.000000000000000000e+00,9.470000000000000000e+02,8.800000000000000000e+01,9.680000000000000000e+02,6.800000000000000000e+01,-8.700000000000000000e+01,8.300000000000000000e+01,4.000000000000000000e+00
-1.000000000000000000e+00,1.600000000000000000e+01,8.000000000000000000e+00,9.680000000000000000e+02,7.600000000000000000e+01,9.680000000000000000e+02,7.600000000000000000e+01,0.000000000000000000e+00,0.000000000000000000e+00,4.000000000000000000e+00
1.000000000000000000e+00,1.600000000000000000e+01,8.000000000000000000e+00,9.680000000000000000e+02,6.800000000000000000e+01,9.680000000000000000e+02,6.800000000000000000e+01,0.000000000000000000e+00,0.000000000000000000e+00,4.000000000000000000e+00
1.000000000000000000e+00,1.600000000000000000e+01,8.000000000000000000e+00,9.940000000000000000e+02,5.600000000000000000e+01,9.680000000000000000e+02,7.600000000000000000e+01,1.050000000000000000e+02,-8.300000000000000000e+01,4.000000000000000000e+00
-1.000000000000000000e+00,1.600000000000000000e+01,1.600000000000000000e+01,9.680000000000000000e+02,9.200000000000000000e+01,9.840000000000000000e+02,7.200000000000000000e+01,-6.400000000000000000e+01,8.300000000000000000e+01,4.000000000000000000e+00
-1.000000000000000000e+00,1.600000000000000000e+01,1.600000000000000000e+01,1.016000000000000000e+03,7.200000000000000000e+01,1.016000000000000000e+03,7.200000000000000000e+01,0.000000000000000000e+00,0.000000000000000000e+00,4.000000000000000000e+00
-1.000000000000000000e+00,1.600000000000000000e+01,1.600000000000000000e+01,1.032000000000000000e+03,7.200000000000000000e+01,1.032000000000000000e+03,7.200000000000000000e+01,0.000000000000000000e+00,0.000000000000000000e+00,4.000000000000000000e+00
1.000000000000000000e+00,1.600000000000000000e+01,1.600000000000000000e+01,1.032000000000000000e+03,7.200000000000000000e+01,1.032000000000000000e+03,7.200000000000000000e+01,0.000000000000000000e+00,0.000000000000000000e+00,4.000000000000000000e+00
-1.000000000000000000e+00,1.600000000000000000e+01,1.600000000000000000e+01,1.048000000000000000e+03,7.200000000000000000e+01,1.048000000000000000e+03,7.200000000000000000e+01,0.000000000000000000e+00,0.000000000000000000e+00,4.000000000000000000e+00
1.000000000000000000e+00,1.600000000000000000e+01,1.600000000000000000e+01,1.048000000000000000e+03,7.200000000000000000e+01,1.048000000000000000e+03,7.200000000000000000e+01,0.000000000000000000e+00,0.000000000000000000e+00,4.000000000000000000e+00
-1.000000000000000000e+00,1.600000000000000000e+01,1.600000000000000000e+01,1.064000000000000000e+03,7.200000000000000000e+01,1.064000000000000000e+03,7.200000000000000000e+01,0.000000000000000000e+00,0.000000000000000000e+00,4.000000000000000000e+00
1.000000000000000000e+00,1.600000000000000000e+01,1.600000000000000000e+01,1.064000000000000000e+03,7.200000000000000000e+01,1.064000000000000000e+03,7.200000000000000000e+01,0.000000000000000000e+00,0.000000000000000000e+00,4.000000000000000000e+00
-1.000000000000000000e+00,1.600000000000000000e+01,1.600000000000000000e+01,1.080000000000000000e+03,7.200000000000000000e+01,1.080000000000000000e+03,7.200000000000000000e+01,0.000000000000000000e+00,0.000000000000000000e+00,4.000000000000000000e+00
1.000000000000000000e+00,1.600000000000000000e+01,1.600000000000000000e+01,1.080000000000000000e+03,7.200000000000000000e+01,1.080000000000000000e+03,7.200000000000000000e+01,0.000000000000000000e+00,0.000000000000000000e+00,4.000000000000000000e+00
-1.000000000000000000e+00,1.600000000000000000e+01,1.600000000000000000e+01,1.096000000000000000e+03,7.200000000000000000e+01,1.096000000000000000e+03,7.200000000000000000e+01,0.000000000000000000e+00,0.000000000000000000e+00,4.000000000000000000e+00
1.000000000000000000e+00,1.600000000000000000e+01,1.600000000000000000e+01,1.096000000000000000e+03,7.200000000000000000e+01,1.096000000000000000e+03,7.200000000000000000e+01,0.000000000000000000e+00,0.000000000000000000e+00,4.000000000000000000e+00
-1.000000000000000000e+00,1.600000000000000000e+01,1.600000000000000000e+01,1.112000000000000000e+03,7.200000000000000000e+01,1.112000000000000000e+03,7.200000000000000000e+01,0.000000000000000000e+00,0.000000000000000000e+00,4.000000000000000000e+00
1.000000000000000000e+00,1.600000000000000000e+01,1.600000000000000000e+01,1.112000000000000000e+03,7.200000000000000000e+01,1.112000000000000000e+03,7.200000000000000000e+01,0.000000000000000000e+00,0.000000000000000000e+00,4.000000000000000000e+00
1.000000000000000000e+00,1.600000000000000000e+01,1.600000000000000000e+01,1.128000000000000000e+03,7.200000000000000000e+01,1.128000000000000000e+03,7.200000000000000000e+01,0.000000000000000000e+00,0.000000000000000000e+00,4.000000000000000000e+00
-1.000000000000000000e+00,1.600000000000000000e+01,1.600000000000000000e+01,1.144000000000000000e+03,7.200000000000000000e+01,1.144000000000000000e+03,7.200000000000000000e+01,0.000000000000000000e+00,0.000000000000000000e+00,4.000000000000000000e+00
1.000000000000000000e+00,1.600000000000000000e+01,1.600000000000000000e+01,1.144000000000000000e+03,7.200000000000000000e+01,1.144000000000000000e+03,7.200000000000000000e+01,0.000000000000000000e+00,0.000000000000000000e+00,4.000000000000000000e+00
-1.000000000000000000e+00,1.600000000000000000e+01,1.600000000000000000e+01,1.160000000000000000e+03,7.200000000000000000e+01,1.160000000000000000e+03,7.200000000000000000e+01,0.000000000000000000e+00,0.000000000000000000e+00,4.000000000000000000e+00
1.000000000000000000e+00,1.600000000000000000e+01,1.600000000000000000e+01,1.160000000000000000e+03,7.200000000000000000e+01,1.160000000000000000e+03,7.200000000000000000e+01,0.000000000000000000e+00,0.000000000000000000e+00,4.000000000000000000e+00
-1.000000000000000000e+00,1.600000000000000000e+01,1.600000000000000000e+01,1.176000000000000000e+03,7.200000000000000000e+01,1.176000000000000000e+03,7.200000000000000000e+01,0.000000000000000000e+00,0.000000000000000000e+00,4.000000000000000000e+00
1.000000000000000000e+00,1.600000000000000000e+01,1.600000000000000000e+01,1.176000000000000000e+03,7.200000000000000000e+01,1.176000000000000000e+03,7.200000000000000000e+01,0.000000000000000000e+00,0.000000000000000000e+00,4.000000000000000000e+00
-1.000000000000000000e+00,1.600000000000000000e+01,1.600000000000000000e+01,1.192000000000000000e+03,7.200000000000000000e+01,1.192000000000000000e+03,7.200000000000000000e+01,0.000000000000000000e+00,0.000000000000000000e+00,4.000000000000000000e+00
1.000000000000000000e+00,1.600000000000000000e+01,1.600000000000000000e+01,1.192000000000000000e+03,7.200000000000000000e+01,1.192000000000000000e+03,7.200000000000000000e+01,0.000000000000000000e+00,0.000000000000000000e+00,4.000000000000000000e+00
-1.000000000000000000e+00,1.600000000000000000e+01,1.600000000000000000e+01,1.208000000000000000e+03,7.200000000000000000e+01,1.208000000000000000e+03,7.200000000000000000e+01,0.000000000000000000e+00,0.000000000000000000e+00,4.000000000000000000e+00
1.000000000000000000e+00,1.600000000000000000e+01,1.600000000000000000e+01,1.208000000000000000e+03,7.200000000000000000e+01,1.208000000000000000e+03,7.200000000000000000e+01,0.000000000000000000e+00,0.000000000000000000e+00,4.000000000000000000e+00
-1.000000000000000000e+00,1.600000000000000000e+01,1.600000000000000000e+01,1.224000000000000000e+03,7.200000000000000000e+01,1.224000000000000000e+03,7.200000000000000000e+01,0.000000000000000000e+00,0.000000000000000000e+00,4.000000000000000000e+00
1.000000000000000000e+00,1.600000000000000000e+01,1.600000000000000000e+01,1.224000000000000000e+03,7.200000000000000000e+01,1.224000000000000000e+03,7.200000000000000000e+01,0.000000000000000000e+00,0.000000000000000000e+00,4.000000000000000000e+00
-1.000000000000000000e+00,1.600000000000000000e+01,1.600000000000000000e+01,1.240000000000000000e+03,7.200000000000000000e+01,1.240000000000000000e+03,7.200000000000000000e+01,0.000000000000000000e+00,0.000000000000000000e+00,4.000000000000000000e+00
1.000000000000000000e+00,1.600000000000000000e+01,1.600000000000000000e+01,1.240000000000000000e+03,7.200000000000000000e+01,1.240000000000000000e+03,7.200000000000000000e+01,0.000000000000000000e+00,0.000000000000000000e+00,4.000000000000000000e+00
-1.000000000000000000e+00,1.600000000000000000e+01,1.600000000000000000e+01,1.256000000000000000e+03,7.200000000000000000e+01,1.256000000000000000e+03,7.200000000000000000e+01,0.000000000000000000e+00,0.000000000000000000e+00,4.000000000000000000e+00
1.000000000000000000e+00,1.600000000000000000e+01,1.600000000000000000e+01,1.256000000000000000e+03,7.200000000000000000e+01,1.256000000000000000e+03,7.200000000000000000e+01,0.000000000000000000e+00,0.000000000000000000e+00,4.000000000000000000e+00
1.000000000000000000e+00,1.600000000000000000e+01,1.600000000000000000e+01,1.272000000000000000e+03,7.200000000000000000e+01,1.272000000000000000e+03,7.200000000000000000e+01,0.000000000000000000e+00,0.000000000000000000e+00,4.000000000000000000e+00
1.000000000000000000e+00,8.000000000000000000e+00,1.600000000000000000e+01,3.300000000000000000e+01,6.600000000000000000e+01,4.000000000000000000e+00,8.800000000000000000e+01,1.160000000000000000e+02,-8.800000000000000000e+01,4.000000000000000000e+00
1.000000000000000000e+00,8.000000000000000000e+00,1.600000000000000000e+01,4.100000000000000000e+01,8.600000000000000000e+01,1.200000000000000000e+01,8.800000000000000000e+01,1.160000000000000000e+02,-8.000000000000000000e+00,4.000000000000000000e+00
1.000000000000000000e+00,1.600000000000000000e+01,1.600000000000000000e+01,8.400000000000000000e+01,7.100000000000000000e+01,5.600000000000000000e+01,8.800000000000000000e+01,1.120000000000000000e+02,-7.100000000000000000e+01,4.000000000000000000e+00
-1.000000000000000000e+00,1.600000000000000000e+01,1.600000000000000000e+01,5.200000000000000000e+01,8.800000000000000000e+01,7.200000000000000000e+01,8.800000000000000000e+01,-8.000000000000000000e+01,0.000000000000000000e+00,4.000000000000000000e+00
1.000000000000000000e+00,1.600000000000000000e+01,1.600000000000000000e+01,9.500000000000000000e+01,8.200000000000000000e+01,7.200000000000000000e+01,8.800000000000000000e+01,9.500000000000000000e+01,-2.500000000000000000e+01,4.000000000000000000e+00
-1.000000000000000000e+00,1.600000000000000000e+01,1.600000000000000000e+01,6.800000000000000000e+01,8.800000000000000000e+01,8.800000000000000000e+01,8.800000000000000000e+01,-8.000000000000000000e+01,0.000000000000000000e+00,4.000000000000000000e+00
1.000000000000000000e+00,1.600000000000000000e+01,1.600000000000000000e+01,1.110000000000000000e+02,8.200000000000000000e+01,8.800000000000000000e+01,8.800000000000000000e+01,9.500000000000000000e+01,-2.500000000000000000e+01,4.000000000000000000e+00
1.000000000000000000e+00,1.600000000000000000e+01,1.600000000000000000e+01,1.400000000000000000e+02,6.400000000000000000e+01,1.200000000000000000e+02,8.800000000000000000e+01,8.000000000000000000e+01,-9.600000000000000000e+01,4.000000000000000000e+00
-1.000000000000000000e+00,1.600000000000000000e+01,1.600000000000000000e+01,1.150000000000000000e+02,1.060000000000000000e+02,1.360000000000000000e+02,8.800000000000000000e+01,-8.500000000000000000e+01,7.200000000000000000e+01,4.000000000000000000e+00
1.000000000000000000e+00,1.600000000000000000e+01,1.600000000000000000e+01,1.530000000000000000e+02,7.100000000000000000e+01,1.360000000000000000e+02,8.800000000000000000e+01,6.800000000000000000e+01,-6.800000000000000000e+01,4.000000000000000000e+00
-1.000000000000000000e+00,1.600000000000000000e+01,1.600000000000000000e+01,1.310000000000000000e+02,1.060000000000000000e+02,1.520000000000000000e+02,8.800000000000000000e+01,-8.500000000000000000e+01,7.200000000000000000e+01,4.000000000000000000e+00
1.000000000000000000e+00,1.600000000000000000e+01,1.600000000000000000e+01,1.690000000000000000e+02,7.100000000000000000e+01,1.520000000000000000e+02,8.800000000000000000e+01,6.800000000000000000e+01,-6.800000000000000000e+01,4.000000000000000000e+00
-1.000000000000000000e+00,1.600000000000000000e+01,1.600000000000000000e+01,1.470000000000000000e+02,1.060000000000000000e+02,1.680000000000000000e+02,8.800000000000000000e+01,-8.500000000000000000e+01,7.200000000000000000e+01,4.000000000000000000e+00
1.000000000000000000e+00,1.600000000000000000e+01,1.600000000000000000e+01,1.850000000000000000e+02,7.100000000000000000e+01,1.680000000000000000e+02,8.800000000000000000e+01,6.800000000000000000e+01,-6.800000000000000000e+01,4.000000000000000000e+00
-1.000000000000000000e+00,1.600000000000000000e+01,1.600000000000000000e+01,1.630000000000000000e+02,1.060000000000000000e+02,1.840000000000000000e+02,8.800000000000000000e+01,-8.500000000000000000e+01,7.200000000000000000e+01,4.000000000000000000e+00
1.000000000000000000e+00,1.600000000000000000e+01,1.600000000000000000e+01,2.090000000000000000e+02,7.100000000000000000e+01,1.840000000000000000e+02,8.800000000000000000e+01,1.010000000000000000e+02,-7.100000000000000000e+01,4.000000000000000000e+00
1.000000000000000000e+00,1.600000000000000000e+01,1.600000000000000000e+01,2.250000000000000000e+02,7.100000000000000000e+01,2.000000000000000000e+02,8.800000000000000000e+01,1.010000000000000000e+02,-7.100000000000000000e+01,4.000000000000000000e+00
-1.000000000000000000e+00,1.600000000000000000e+01,1.600000000000000000e+01,2.000000000000000000e+02,1.080000000000000000e+02,2.160000000000000000e+02,8.800000000000000000e+01,-6.400000000000000000e+01,8.100000000000000000e+01,4.000000000000000000e+00
-1.000000000000000000e+00,1.600000000000000000e+01,1.600000000000000000e+01,2.160000000000000000e+02,1.080000000000000000e+02,2.320000000000000000e+02,8.800000000000000000e+01,-6.400000000000000000e+01,8.100000000000000000e+01,4.000000000000000000e+00
1.000000000000000000e+00,1.600000000000000000e+01,1.600000000000000000e+01,2.580000000000000000e+02,7.400000000000000000e+01,2.320000000000000000e+02,8.800000000000000000e+01,1.040000000000000000e+02,-5.800000000000000000e+01,4.000000000000000000e+00
-1.000000000000000000e+00,1.600000000000000000e+01,1.600000000000000000e+01,2.320000000000000000e+02,1.030000000000000000e+02,2.480000000000000000e+02,8.800000000000000000e+01,-6.400000000000000000e+01,6.300000000000000000e+01,4.000000000000000000e+00
1.000000000000000000e+00,1.600000000000000000e+01,1.600000000000000000e+01,2.720000000000000000e+02,7.400000000000000000e+01,2.480000000000000000e+02,8.800000000000000000e+01,9.700000000000000000e+01,-5.800000000000000000e+01,4.000000000000000000e+00
1.000000000000000000e+00,1.600000000000000000e+01,1.600000000000000000e+01,2.880000000000000000e+02,6.400000000000000000e+01,2.640000000000000000e+02,8.800000000000000000e+01,9.700000000000000000e+01,-9.700000000000000000e+01,4.000000000000000000e+00
1.000000000000000000e+00,1.600000000000000000e+01,1.600000000000000000e+01,3.040000000000000000e+02,6.400000000000000000e+01,2.800000000000000000e+02,8.800000000000000000e+01,9.700000000000000000e+01,-9.700000000000000000e+01,4.000000000000000000e+00
-1.000000000000000000e+00,8.000000000000000000e+00,1.600000000000000000e+01,2.690000000000000000e+02,1.040000000000000000e+02,2.920000000000000000e+02,8.800000000000000000e+01,-9.300000000000000000e+01,6.500000000000000000e+01,4.000000000000000000e+00
-1.000000000000000000e+00,8.000000000000000000e+00,1.600000000000000000e+01,3.000000000000000000e+02,8.800000000000000000e+01,3.000000000000000000e+02,8.800000000000000000e+01,0.000000000000000000e+00,0.000000000000000000e+00,4.000000000000000000e+00
1.000000000000000000e+00,8.000000000000000000e+00,1.600000000000000000e+01,2.920000000000000000e+02,8.800000000000000000e+01,2.920000000000000000e+02,8.800000000000000000e+01,0.000000000000000000e+00,0.000000000000000000e+00,4.000000000000000000e+00
1.000000000000000000e+00,8.000000000000000000e+00,1.600000000000000000e+01,3.240000000000000000e+02,6.400000000000000000e+01,3.000000000000000000e+02,8.800000000000000000e+01,9.700000000000000000e+01,-9.800000000000000000e+01,4.000000000000000000e+00
-1.000000000000000000e+00,1.600000000000000000e+01,1.600000000000000000e+01,2.900000000000000000e+02,1.090000000000000000e+02,3.120000000000000000e+02,8.800000000000000000e+01,-8.900000000000000000e+01,8.500000000000000000e+01,4.000000000000000000e+00
-1.000000000000000000e+00,1.600000000000000000e+01,1.600000000000000000e+01,3.070000000000000000e+02,1.080000000000000000e+02,3.280000000000000000e+02,8.800000000000000000e+01,-8.400000000000000000e+01,8.000000000000000000e+01,4.000000000000000000e+00
-1.000000000000000000e+00,1.600000000000000000e+01,1.600000000000000000e+01,3.230000000000000000e+02,1.080000000000000000e+02,3.440000000000000000e+02,8.800000000000000000e+01,-8.400000000000000000e+01,8.000000000000000000e+01,4.000000000000000000e+00
-1.000000000000000000e+00,1.600000000000000000e+01,1.600000000000000000e+01,3.390000000000000000e+02,1.090000000000000000e+02,3.600000000000000000e+02,8.800000000000000000e+01,-8.400000000000000000e+01,8.400000000000000000e+01,4.000000000000000000e+00
-1.000000000000000000e+00,1.600000000000000000e+01,1.600000000000000000e+01,3.550000000000000000e+02,1.090000000000000000e+02,3.760000000000000000e+02,8.800000000000000000e+01,-8.400000000000000000e+01,8.400000000000000000e+01,4.000000000000000000e+00
1.000000000000000000e+00,1.600000000000000000e+01,1.600000000000000000e+01,4.140000000000000000e+02,6.700000000000000000e+01,3.920000000000000000e+02,8.800000000000000000e+01,8.900000000000000000e+01,-8.400000000000000000e+01,4.000000000000000000e+00
-1.000000000000000000e+00,1.600000000000000000e+01,1.600000000000000000e+01,3.910000000000000000e+02,1.020000000000000000e+02,4.080000000000000000e+02,8.800000000000000000e+01,-6.800000000000000000e+01,5.700000000000000000e+01,4.000000000000000000e+00
1.000000000000000000e+00,1.600000000000000000e+01,1.600000000000000000e+01,4.300000000000000000e+02,7.700000000000000000e+01,4.080000000000000000e+02,8.800000000000000000e+01,8.900000000000000000e+01,-4.500000000000000000e+01,4.000000000000000000e+00
1.000000000000000000e+00,1.600000000000000000e+01,1.600000000000000000e+01,4.470000000000000000e+02,8.600000000000000000e+01,4.240000000000000000e+02,8.800000000000000000e+01,9.500000000000000000e+01,-8.000000000000000000e+00,4.000000000000000000e+00
1.000000000000000000e+00,8.000000000000000000e+00,1.600000000000000000e+01,4.600000000000000000e+02,8.600000000000000000e+01,4.360000000000000000e+02,8.800000000000000000e+01,9.800000000000000000e+01,-1.000000000000000000e+01,4.000000000000000000e+00
1.000000000000000000e+00,8.000000000000000000e+00,1.600000000000000000e+01,4.600000000000000000e+02,7.300000000000000000e+01,4.440000000000000000e+02,8.800000000000000000e+01,6.500000000000000000e+01,-6.300000000000000000e+01,4.000000000000000000e+00
1.000000000000000000e+00,1.600000000000000000e+01,1.600000000000000000e+01,4.730000000000000000e+02,7.300000000000000000e+01,4.560000000000000000e+02,8.800000000000000000e+01,6.900000000000000000e+01,-6.300000000000000000e+01,4.000000000000000000e+00
1.000000000000000000e+00,1.600000000000000000e+01,1.600000000000000000e+01,5.020000000000000000e+02,7.200000000000000000e+01,4.720000000000000000e+02,8.800000000000000000e+01,1.200000000000000000e+02,-6.500000000000000000e+01,4.000000000000000000e+00
1.000000000000000000e+00,1.600000000000000000e+01,1.600000000000000000e+01,5.680000000000000000e+02,8.800000000000000000e+01,5.200000000000000000e+02,8.800000000000000000e+01,1.920000000000000000e+02,0.000000000000000000e+00,4.000000000000000000e+00
-1.000000000000000000e+00,1.600000000000000000e+01,1.600000000000000000e+01,5.680000000000000000e+02,8.800000000000000000e+01,5.680000000000000000e+02,8.800000000000000000e+01,0.000000000000000000e+00,0.000000000000000000e+00,4.000000000000000000e+00
-1.000000000000000000e+00,1.600000000000000000e+01,1.600000000000000000e+01,5.840000000000000000e+02,8.800000000000000000e+01,5.840000000000000000e+02,8.800000000000000000e+01,0.000000000000000000e+00,0.000000000000000000e+00,4.000000000000000000e+00
-1.000000000000000000e+00,1.600000000000000000e+01,1.600000000000000000e+01,6.000000000000000000e+02,8.800000000000000000e+01,6.000000000000000000e+02,8.800000000000000000e+01,0.000000000000000000e+00,0.000000000000000000e+00,4.000000000000000000e+00
1.000000000000000000e+00,1.600000000000000000e+01,1.600000000000000000e+01,6.000000000000000000e+02,8.900000000000000000e+01,6.000000000000000000e+02,8.800000000000000000e+01,0.000000000000000000e+00,6.000000000000000000e+00,4.000000000000000000e+00
-1.000000000000000000e+00,1.600000000000000000e+01,1.600000000000000000e+01,6.160000000000000000e+02,9.800000000000000000e+01,6.160000000000000000e+02,8.800000000000000000e+01,0.000000000000000000e+00,4.000000000000000000e+01,4.000000000000000000e+00
-1.000000000000000000e+00,1.600000000000000000e+01,1.600000000000000000e+01,6.180000000000000000e+02,1.060000000000000000e+02,6.320000000000000000e+02,8.800000000000000000e+01,-5.600000000000000000e+01,7.500000000000000000e+01,4.000000000000000000e+00
-1.000000000000000000e+00,1.600000000000000000e+01,1.600000000000000000e+01,6.340000000000000000e+02,1.060000000000000000e+02,6.480000000000000000e+02,8.800000000000000000e+01,-5.600000000000000000e+01,7.200000000000000000e+01,4.000000000000000000e+00
-1.000000000000000000e+00,1.600000000000000000e+01,1.600000000000000000e+01,6.500000000000000000e+02,1.060000000000000000e+02,6.640000000000000000e+02,8.800000000000000000e+01,-5.600000000000000000e+01,7.500000000000000000e+01,4.000000000000000000e+00
-1.000000000000000000e+00,1.600000000000000000e+01,1.600000000000000000e+01,6.660000000000000000e+02,1.060000000000000000e+02,6.800000000000000000e+02,8.800000000000000000e+01,-5.600000000000000000e+01,7.500000000000000000e+01,4.000000000000000000e+00
1.000000000000000000e+00,1.600000000000000000e+01,1.600000000000000000e+01,6.960000000000000000e+02,7.200000000000000000e+01,6.800000000000000000e+02,8.800000000000000000e+01,6.500000000000000000e+01,-6.400000000000000000e+01,4.000000000000000000e+00
-1.000000000000000000e+00,1.600000000000000000e+01,1.600000000000000000e+01,6.820000000000000000e+02,1.060000000000000000e+02,6.960000000000000000e+02,8.800000000000000000e+01,-5.600000000000000000e+01,7.500000000000000000e+01,4.000000000000000000e+00
1.000000000000000000e+00,1.600000000000000000e+01,1.600000000000000000e+01,7.120000000000000000e+02,7.200000000000000000e+01,6.960000000000000000e+02,8.800000000000000000e+01,6.500000000000000000e+01,-6.400000000000000000e+01,4.000000000000000000e+00
-1.000000000000000000e+00,1.600000000000000000e+01,1.600000000000000000e+01,6.980000000000000000e+02,1.060000000000000000e+02,7.120000000000000000e+02,8.800000000000000000e+01,-5.600000000000000000e+01,7.500000000000000000e+01,4.000000000000000000e+00
1.000000000000000000e+00,1.600000000000000000e+01,1.600000000000000000e+01,7.280000000000000000e+02,7.200000000000000000e+01,7.120000000000000000e+02,8.800000000000000000e+01,6.500000000000000000e+01,-6.400000000000000000e+01,4.000000000000000000e+00
-1.000000000000000000e+00,1.600000000000000000e+01,1.600000000000000000e+01,7.140000000000000000e+02,1.060000000000000000e+02,7.280000000000000000e+02,8.800000000000000000e+01,-5.600000000000000000e+01,7.500000000000000000e+01,4.000000000000000000e+00
1.000000000000000000e+00,1.600000000000000000e+01,1.600000000000000000e+01,7.480000000000000000e+02,7.200000000000000000e+01,7.280000000000000000e+02,8.800000000000000000e+01,8.000000000000000000e+01,-6.400000000000000000e+01,4.000000000000000000e+00
1.000000000000000000e+00,1.600000000000000000e+01,1.600000000000000000e+01,7.960000000000000000e+02,6.900000000000000000e+01,7.760000000000000000e+02,8.800000000000000000e+01,8.000000000000000000e+01,-7.600000000000000000e+01,4.000000000000000000e+00
1.000000000000000000e+00,1.600000000000000000e+01,1.600000000000000000e+01,8.120000000000000000e+02,6.800000000000000000e+01,7.920000000000000000e+02,8.800000000000000000e+01,8.000000000000000000e+01,-8.000000000000000000e+01,4.000000000000000000e+00
-1.000000000000000000e+00,1.600000000000000000e+01,1.600000000000000000e+01,7.860000000000000000e+02,1.090000000000000000e+02,8.080000000000000000e+02,8.800000000000000000e+01,-8.800000000000000000e+01,8.400000000000000000e+01,4.000000000000000000e+00
1.000000000000000000e+00,1.600000000000000000e+01,1.600000000000000000e+01,8.280000000000000000e+02,6.800000000000000000e+01,8.080000000000000000e+02,8.800000000000000000e+01,8.000000000000000000e+01,-8.000000000000000000e+01,4.000000000000000000e+00
-1.000000000000000000e+00,1.600000000000000000e+01,1.600000000000000000e+01,8.020000000000000000e+02,1.090000000000000000e+02,8.240000000000000000e+02,8.800000000000000000e+01,-8.800000000000000000e+01,8.400000000000000000e+01,4.000000000000000000e+00
1.000000000000000000e+00,1.600000000000000000e+01,1.600000000000000000e+01,8.440000000000000000e+02,6.800000000000000000e+01,8.240000000000000000e+02,8.800000000000000000e+01,8.000000000000000000e+01,-8.000000000000000000e+01,4.000000000000000000e+00
-1.000000000000000000e+00,1.600000000000000000e+01,1.600000000000000000e+01,8.180000000000000000e+02,1.090000000000000000e+02,8.400000000000000000e+02,8.800000000000000000e+01,-8.800000000000000000e+01,8.400000000000000000e+01,4.000000000000000000e+00
1.000000000000000000e+00,1.600000000000000000e+01,1.600000000000000000e+01,8.650000000000000000e+02,6.700000000000000000e+01,8.400000000000000000e+02,8.800000000000000000e+01,1.020000000000000000e+02,-8.500000000000000000e+01,4.000000000000000000e+00
-1.000000000000000000e+00,1.600000000000000000e+01,1.600000000000000000e+01,8.330000000000000000e+02,1.090000000000000000e+02,8.560000000000000000e+02,8.800000000000000000e+01,-9.500000000000000000e+01,8.500000000000000000e+01,4.000000000000000000e+00
1.000000000000000000e+00,1.600000000000000000e+01,1.600000000000000000e+01,8.810000000000000000e+02,6.700000000000000000e+01,8.560000000000000000e+02,8.800000000000000000e+01,1.020000000000000000e+02,-8.500000000000000000e+01,4.000000000000000000e+00
-1.000000000000000000e+00,1.600000000000000000e+01,1.600000000000000000e+01,8.490000000000000000e+02,1.090000000000000000e+02,8.720000000000000000e+02,8.800000000000000000e+01,-9.500000000000000000e+01,8.600000000000000000e+01,4.000000000000000000e+00
1.000000000000000000e+00,1.600000000000000000e+01,1.600000000000000000e+01,8.970000000000000000e+02,6.700000000000000000e+01,8.720000000000000000e+02,8.800000000000000000e+01,1.020000000000000000e+02,-8.500000000000000000e+01,4.000000000000000000e+00
1.000000000000000000e+00,1.600000000000000000e+01,8.000000000000000000e+00,9.130000000000000000e+02,6.300000000000000000e+01,8.880000000000000000e+02,8.400000000000000000e+01,1.020000000000000000e+02,-8.500000000000000000e+01,4.000000000000000000e+00
1.000000000000000000e+00,1.600000000000000000e+01,8.000000000000000000e+00,9.140000000000000000e+02,7.100000000000000000e+01,8.880000000000000000e+02,9.200000000000000000e+01,1.040000000000000000e+02,-8.500000000000000000e+01,4.000000000000000000e+00
-1.000000000000000000e+00,1.600000000000000000e+01,1.600000000000000000e+01,8.810000000000000000e+02,1.090000000000000000e+02,9.040000000000000000e+02,8.800000000000000000e+01,-9.500000000000000000e+01,8.600000000000000000e+01,4.000000000000000000e+00
1.000000000000000000e+00,1.600000000000000000e+01,1.600000000000000000e+01,9.290000000000000000e+02,6.700000000000000000e+01,9.040000000000000000e+02,8.800000000000000000e+01,1.020000000000000000e+02,-8.500000000000000000e+01,4.000000000000000000e+00
-1.000000000000000000e+00,1.600000000000000000e+01,1.600000000000000000e+01,8.970000000000000000e+02,1.090000000000000000e+02,9.200000000000000000e+02,8.800000000000000000e+01,-9.500000000000000000e+01,8.600000000000000000e+01,4.000000000000000000e+00
1.000000000000000000e+00,1.600000000000000000e+01,1.600000000000000000e+01,9.450000000000000000e+02,6.700000000000000000e+01,9.200000000000000000e+02,8.800000000000000000e+01,1.030000000000000000e+02,-8.500000000000000000e+01,4.000000000000000000e+00
-1.000000000000000000e+00,1.600000000000000000e+01,1.600000000000000000e+01,9.130000000000000000e+02,1.090000000000000000e+02,9.360000000000000000e+02,8.800000000000000000e+01,-9.500000000000000000e+01,8.600000000000000000e+01,4.000000000000000000e+00
1.000000000000000000e+00,1.600000000000000000e+01,1.600000000000000000e+01,9.620000000000000000e+02,6.800000000000000000e+01,9.360000000000000000e+02,8.800000000000000000e+01,1.040000000000000000e+02,-8.300000000000000000e+01,4.000000000000000000e+00
-1.000000000000000000e+00,1.600000000000000000e+01,1.600000000000000000e+01,9.290000000000000000e+02,1.090000000000000000e+02,9.520000000000000000e+02,8.800000000000000000e+01,-9.500000000000000000e+01,8.600000000000000000e+01,4.000000000000000000e+00
1.000000000000000000e+00,1.600000000000000000e+01,1.600000000000000000e+01,9.780000000000000000e+02,6.800000000000000000e+01,9.520000000000000000e+02,8.800000000000000000e+01,1.050000000000000000e+02,-8.300000000000000000e+01,4.000000000000000000e+00
1.000000000000000000e+00,1.600000000000000000e+01,1.600000000000000000e+01,9.940000000000000000e+02,6.800000000000000000e+01,9.680000000000000000e+02,8.800000000000000000e+01,1.070000000000000000e+02,-8.300000000000000000e+01,4.000000000000000000e+00
1.000000000000000000e+00,1.600000000000000000e+01,1.600000000000000000e+01,1.010000000000000000e+03,6.800000000000000000e+01,9.840000000000000000e+02,8.800000000000000000e+01,1.070000000000000000e+02,-8.300000000000000000e+01,4.000000000000000000e+00
-1.000000000000000000e+00,1.600000000000000000e+01,1.600000000000000000e+01,1.032000000000000000e+03,8.800000000000000000e+01,1.032000000000000000e+03,8.800000000000000000e+01,0.000000000000000000e+00,0.000000000000000000e+00,4.000000000000000000e+00
1.000000000000000000e+00,1.600000000000000000e+01,1.600000000000000000e+01,1.032000000000000000e+03,8.800000000000000000e+01,1.032000000000000000e+03,8.800000000000000000e+01,0.000000000000000000e+00,0.000000000000000000e+00,4.000000000000000000e+00
-1.000000000000000000e+00,1.600000000000000000e+01,1.600000000000000000e+01,1.048000000000000000e+03,8.800000000000000000e+01,1.048000000000000000e+03,8.800000000000000000e+01,0.000000000000000000e+00,0.000000000000000000e+00,4.000000000000000000e+00
1.000000000000000000e+00,1.600000000000000000e+01,1.600000000000000000e+01,1.048000000000000000e+03,8.800000000000000000e+01,1.048000000000000000e+03,8.800000000000000000e+01,0.000000000000000000e+00,0.000000000000000000e+00,4.000000000000000000e+00
1.000000000000000000e+00,1.600000000000000000e+01,1.600000000000000000e+01,1.064000000000000000e+03,8.800000000000000000e+01,1.064000000000000000e+03,8.800000000000000000e+01,0.000000000000000000e+00,0.000000000000000000e+00,4.000000000000000000e+00
1.000000000000000000e+00,1.600000000000000000e+01,1.600000000000000000e+01,1.080000000000000000e+03,8.800000000000000000e+01,1.080000000000000000e+03,8.800000000000000000e+01,0.000000000000000000e+00,0.000000000000000000e+00,4.000000000000000000e+00
1.000000000000000000e+00,1.600000000000000000e+01,1.600000000000000000e+01,1.096000000000000000e+03,8.800000000000000000e+01,1.096000000000000000e+03,8.800000000000000000e+01,0.000000000000000000e+00,0.000000000000000000e+00,4.000000000000000000e+00
-1.000000000000000000e+00,1.600000000000000000e+01,1.600000000000000000e+01,1.112000000000000000e+03,8.800000000000000000e+01,1.112000000000000000e+03,8.800000000000000000e+01,0.000000000000000000e+00,0.000000000000000000e+00,4.000000000000000000e+00
1.000000000000000000e+00,1.600000000000000000e+01,1.600000000000000000e+01,1.112000000000000000e+03,8.800000000000000000e+01,1.112000000000000000e+03,8.800000000000000000e+01,0.000000000000000000e+00,0.000000000000000000e+00,4.000000000000000000e+00
-1.000000000000000000e+00,1.600000000000000000e+01,1.600000000000000000e+01,1.128000000000000000e+03,8.800000000000000000e+01,1.128000000000000000e+03,8.800000000000000000e+01,0.000000000000000000e+00,0.000000000000000000e+00,4.000000000000000000e+00
1.000000000000000000e+00,1.600000000000000000e+01,1.600000000000000000e+01,1.128000000000000000e+03,8.800000000000000000e+01,1.128000000000000000e+03,8.800000000000000000e+01,0.000000000000000000e+00,0.000000000000000000e+00,4.000000000000000000e+00
1.000000000000000000e+00,1.600000000000000000e+01,1.600000000000000000e+01,1.144000000000000000e+03,8.800000000000000000e+01,1.144000000000000000e+03,8.800000000000000000e+01,0.000000000000000000e+00,0.000000000000000000e+00,4.000000000000000000e+00
-1.000000000000000000e+00,1.600000000000000000e+01,8.000000000000000000e+00,1.160000000000000000e+03,8.400000000000000000e+01,1.160000000000000000e+03,8.400000000000000000e+01,0.000000000000000000e+00,0.000000000000000000e+00,4.000000000000000000e+00
-1.000000000000000000e+00,1.600000000000000000e+01,8.000000000000000000e+00,1.160000000000000000e+03,9.200000000000000000e+01,1.160000000000000000e+03,9.200000000000000000e+01,0.000000000000000000e+00,0.000000000000000000e+00,4.000000000000000000e+00
1.000000000000000000e+00,1.600000000000000000e+01,8.000000000000000000e+00,1.160000000000000000e+03,8.400000000000000000e+01,1.160000000000000000e+03,8.400000000000000000e+01,0.000000000000000000e+00,0.000000000000000000e+00,4.000000000000000000e+00
1.000000000000000000e+00,1.600000000000000000e+01,8.000000000000000000e+00,1.160000000000000000e+03,9.200000000000000000e+01,1.160000000000000000e+03,9.200000000000000000e+01,0.000000000000000000e+00,0.000000000000000000e+00,4.000000000000000000e+00
1.000000000000000000e+00,1.600000000000000000e+01,1.600000000000000000e+01,1.176000000000000000e+03,8.800000000000000000e+01,1.176000000000000000e+03,8.800000000000000000e+01,0.000000000000000000e+00,0.000000000000000000e+00,4.000000000000000000e+00
-1.000000000000000000e+00,1.600000000000000000e+01,1.600000000000000000e+01,1.192000000000000000e+03,8.800000000000000000e+01,1.192000000000000000e+03,8.800000000000000000e+01,0.000000000000000000e+00,0.000000000000000000e+00,4.000000000000000000e+00
1.000000000000000000e+00,1.600000000000000000e+01,1.600000000000000000e+01,1.192000000000000000e+03,8.800000000000000000e+01,1.192000000000000000e+03,8.800000000000000000e+01,0.000000000000000000e+00,0.000000000000000000e+00,4.000000000000000000e+00
1.000000000000000000e+00,1.600000000000000000e+01,1.600000000000000000e+01,1.208000000000000000e+03,8.800000000000000000e+01,1.208000000000000000e+03,8.800000000000000000e+01,0.000000000000000000e+00,0.000000000000000000e+00,4.000000000000000000e+00
1.000000000000000000e+00,1.600000000000000000e+01,1.600000000000000000e+01,1.224000000000000000e+03,8.800000000000000000e+01,1.224000000000000000e+03,8.800000000000000000e+01,0.000000000000000000e+00,0.000000000000000000e+00,4.000000000000000000e+00
1.000000000000000000e+00,1.600000000000000000e+01,1.600000000000000000e+01,1.240000000000000000e+03,8.800000000000000000e+01,1.240000000000000000e+03,8.800000000000000000e+01,0.000000000000000000e+00,0.000000000000000000e+00,4.000000000000000000e+00
-1.000000000000000000e+00,1.600000000000000000e+01,1.600000000000000000e+01,1.256000000000000000e+03,8.800000000000000000e+01,1.256000000000000000e+03,8.800000000000000000e+01,0.000000000000000000e+00,0.000000000000000000e+00,4.000000000000000000e+00
1.000000000000000000e+00,1.600000000000000000e+01,1.600000000000000000e+01,1.256000000000000000e+03,8.800000000000000000e+01,1.256000000000000000e+03,8.800000000000000000e+01,0.000000000000000000e+00,0.000000000000000000e+00,4.000000000000000000e+00
1.000000000000000000e+00,1.600000000000000000e+01,1.600000000000000000e+01,1.272000000000000000e+03,8.800000000000000000e+01,1.272000000000000000e+03,8.800000000000000000e+01,0.000000000000000000e+00,0.000000000000000000e+00,4.000000000000000000e+00
1.000000000000000000e+00,8.000000000000000000e+00,1.600000000000000000e+01,3.200000000000000000e+01,1.020000000000000000e+02,4.000000000000000000e+00,1.040000000000000000e+02,1.150000000000000000e+02,-8.000000000000000000e+00,4.000000000000000000e+00
1.000000000000000000e+00,8.000000000000000000e+00,1.600000000000000000e+01,4.000000000000000000e+01,1.020000000000000000e+02,1.200000000000000000e+01,1.040000000000000000e+02,1.130000000000000000e+02,-8.000000000000000000e+00,4.000000000000000000e+00
1.000000000000000000e+00,1.600000000000000000e+01,1.600000000000000000e+01,5.200000000000000000e+01,8.500000000000000000e+01,2.400000000000000000e+01,1.040000000000000000e+02,1.120000000000000000e+02,-7.600000000000000000e+01,4.000000000000000000e+00
1.000000000000000000e+00,1.600000000000000000e+01,8.000000000000000000e+00,8.400000000000000000e+01,8.300000000000000000e+01,5.600000000000000000e+01,1.000000000000000000e+02,1.120000000000000000e+02,-7.100000000000000000e+01,4.000000000000000000e+00
1.000000000000000000e+00,1.600000000000000000e+01,8.000000000000000000e+00,8.400000000000000000e+01,9.100000000000000000e+01,5.600000000000000000e+01,1.080000000000000000e+02,1.120000000000000000e+02,-7.100000000000000000e+01,4.000000000000000000e+00
-1.000000000000000000e+00,1.600000000000000000e+01,1.600000000000000000e+01,5.200000000000000000e+01,1.040000000000000000e+02,7.200000000000000000e+01,1.040000000000000000e+02,-8.000000000000000000e+01,0.000000000000000000e+00,4.000000000000000000e+00
1.000000000000000000e+00,1.600000000000000000e+01,1.600000000000000000e+01,9.500000000000000000e+01,9.800000000000000000e+01,7.200000000000000000e+01,1.040000000000000000e+02,9.500000000000000000e+01,-2.500000000000000000e+01,4.000000000000000000e+00
-1.000000000000000000e+00,1.600000000000000000e+01,1.600000000000000000e+01,9.900000000000000000e+01,1.220000000000000000e+02,1.200000000000000000e+02,1.040000000000000000e+02,-8.500000000000000000e+01,7.200000000000000000e+01,4.000000000000000000e+00
-1.000000000000000000e+00,1.600000000000000000e+01,1.600000000000000000e+01,1.120000000000000000e+02,1.220000000000000000e+02,1.360000000000000000e+02,1.040000000000000000e+02,-9.700000000000000000e+01,7.200000000000000000e+01,4.000000000000000000e+00
-1.000000000000000000e+00,1.600000000000000000e+01,1.600000000000000000e+01,1.310000000000000000e+02,1.220000000000000000e+02,1.520000000000000000e+02,1.040000000000000000e+02,-8.500000000000000000e+01,7.200000000000000000e+01,4.000000000000000000e+00
1.000000000000000000e+00,1.600000000000000000e+01,1.600000000000000000e+01,1.690000000000000000e+02,8.700000000000000000e+01,1.520000000000000000e+02,1.040000000000000000e+02,6.800000000000000000e+01,-6.800000000000000000e+01,4.000000000000000000e+00
-1.000000000000000000e+00,1.600000000000000000e+01,1.600000000000000000e+01,1.470000000000000000e+02,1.220000000000000000e+02,1.680000000000000000e+02,1.040000000000000000e+02,-8.500000000000000000e+01,7.200000000000000000e+01,4.000000000000000000e+00
1.000000000000000000e+00,1.600000000000000000e+01,1.600000000000000000e+01,1.850000000000000000e+02,8.700000000000000000e+01,1.680000000000000000e+02,1.040000000000000000e+02,6.800000000000000000e+01,-6.800000000000000000e+01,4.000000000000000000e+00
-1.000000000000000000e+00,1.600000000000000000e+01,1.600000000000000000e+01,1.630000000000000000e+02,1.220000000000000000e+02,1.840000000000000000e+02,1.040000000000000000e+02,-8.500000000000000000e+01,7.200000000000000000e+01,4.000000000000000000e+00
1.000000000000000000e+00,1.600000000000000000e+01,1.600000000000000000e+01,2.090000000000000000e+02,8.700000000000000000e+01,1.840000000000000000e+02,1.040000000000000000e+02,1.010000000000000000e+02,-7.100000000000000000e+01,4.000000000000000000e+00
-1.000000000000000000e+00,1.600000000000000000e+01,1.600000000000000000e+01,1.780000000000000000e+02,1.240000000000000000e+02,2.000000000000000000e+02,1.040000000000000000e+02,-9.100000000000000000e+01,8.300000000000000000e+01,4.000000000000000000e+00
1.000000000000000000e+00,1.600000000000000000e+01,1.600000000000000000e+01,2.250000000000000000e+02,8.700000000000000000e+01,2.000000000000000000e+02,1.040000000000000000e+02,1.010000000000000000e+02,-7.100000000000000000e+01,4.000000000000000000e+00
-1.000000000000000000e+00,1.600000000000000000e+01,1.600000000000000000e+01,2.000000000000000000e+02,1.240000000000000000e+02,2.160000000000000000e+02,1.040000000000000000e+02,-6.400000000000000000e+01,8.100000000000000000e+01,4.000000000000000000e+00
-1.000000000000000000e+00,1.600000000000000000e+01,1.600000000000000000e+01,2.160000000000000000e+02,1.240000000000000000e+02,2.320000000000000000e+02,1.040000000000000000e+02,-6.400000000000000000e+01,8.100000000000000000e+01,4.000000000000000000e+00
1.000000000000000000e+00,1.600000000000000000e+01,1.600000000000000000e+01,2.880000000000000000e+02,8.000000000000000000e+01,2.640000000000000000e+02,1.040000000000000000e+02,9.700000000000000000e+01,-9.700000000000000000e+01,4.000000000000000000e+00
-1.000000000000000000e+00,1.600000000000000000e+01,1.600000000000000000e+01,2.570000000000000000e+02,1.200000000000000000e+02,2.800000000000000000e+02,1.040000000000000000e+02,-9.300000000000000000e+01,6.500000000000000000e+01,4.000000000000000000e+00
1.000000000000000000e+00,1.600000000000000000e+01,1.600000000000000000e+01,3.040000000000000000e+02,8.000000000000000000e+01,2.800000000000000000e+02,1.040000000000000000e+02,9.700000000000000000e+01,-9.700000000000000000e+01,4.000000000000000000e+00
-1.000000000000000000e+00,1.600000000000000000e+01,1.600000000000000000e+01,2.730000000000000000e+02,1.200000000000000000e+02,2.960000000000000000e+02,1.040000000000000000e+02,-9.300000000000000000e+01,6.500000000000000000e+01,4.000000000000000000e+00
1.000000000000000000e+00,1.600000000000000000e+01,1.600000000000000000e+01,3.200000000000000000e+02,8.000000000000000000e+01,2.960000000000000000e+02,1.040000000000000000e+02,9.700000000000000000e+01,-9.700000000000000000e+01,4.000000000000000000e+00
-1.000000000000000000e+00,1.600000000000000000e+01,1.600000000000000000e+01,2.880000000000000000e+02,1.200000000000000000e+02,3.120000000000000000e+02,1.040000000000000000e+02,-9.600000000000000000e+01,6.400000000000000000e+01,4.000000000000000000e+00
-1.000000000000000000e+00,1.600000000000000000e+01,1.600000000000000000e+01,3.070000000000000000e+02,1.240000000000000000e+02,3.280000000000000000e+02,1.040000000000000000e+02,-8.400000000000000000e+01,8.000000000000000000e+01,4.000000000000000000e+00
-1.000000000000000000e+00,1.600000000000000000e+01,1.600000000000000000e+01,3.230000000000000000e+02,1.240000000000000000e+02,3.440000000000000000e+02,1.040000000000000000e+02,-8.400000000000000000e+01,8.000000000000000000e+01,4.000000000000000000e+00
-1.000000000000000000e+00,1.600000000000000000e+01,1.600000000000000000e+01,3.390000000000000000e+02,1.240000000000000000e+02,3.600000000000000000e+02,1.040000000000000000e+02,-8.400000000000000000e+01,8.100000000000000000e+01,4.000000000000000000e+00
-1.000000000000000000e+00,1.600000000000000000e+01,1.600000000000000000e+01,3.550000000000000000e+02,1.240000000000000000e+02,3.760000000000000000e+02,1.040000000000000000e+02,-8.400000000000000000e+01,8.100000000000000000e+01,4.000000000000000000e+00
1.000000000000000000e+00,1.600000000000000000e+01,1.600000000000000000e+01,3.980000000000000000e+02,8.300000000000000000e+01,3.760000000000000000e+02,1.040000000000000000e+02,8.900000000000000000e+01,-8.400000000000000000e+01,4.000000000000000000e+00
1.000000000000000000e+00,1.600000000000000000e+01,1.600000000000000000e+01,4.140000000000000000e+02,8.300000000000000000e+01,3.920000000000000000e+02,1.040000000000000000e+02,8.800000000000000000e+01,-8.400000000000000000e+01,4.000000000000000000e+00
-1.000000000000000000e+00,1.600000000000000000e+01,8.000000000000000000e+00,3.910000000000000000e+02,1.140000000000000000e+02,4.080000000000000000e+02,1.000000000000000000e+02,-6.800000000000000000e+01,5.700000000000000000e+01,4.000000000000000000e+00
-1.000000000000000000e+00,1.600000000000000000e+01,8.000000000000000000e+00,4.080000000000000000e+02,1.080000000000000000e+02,4.080000000000000000e+02,1.080000000000000000e+02,0.000000000000000000e+00,0.000000000000000000e+00,4.000000000000000000e+00
1.000000000000000000e+00,1.600000000000000000e+01,8.000000000000000000e+00,4.080000000000000000e+02,1.000000000000000000e+02,4.080000000000000000e+02,1.000000000000000000e+02,0.000000000000000000e+00,0.000000000000000000e+00,4.000000000000000000e+00
1.000000000000000000e+00,1.600000000000000000e+01,8.000000000000000000e+00,4.300000000000000000e+02,8.700000000000000000e+01,4.080000000000000000e+02,1.080000000000000000e+02,8.800000000000000000e+01,-8.400000000000000000e+01,4.000000000000000000e+00
1.000000000000000000e+00,1.600000000000000000e+01,1.600000000000000000e+01,4.460000000000000000e+02,8.800000000000000000e+01,4.240000000000000000e+02,1.040000000000000000e+02,8.800000000000000000e+01,-6.700000000000000000e+01,4.000000000000000000e+00
-1.000000000000000000e+00,8.000000000000000000e+00,1.600000000000000000e+01,4.160000000000000000e+02,1.210000000000000000e+02,4.360000000000000000e+02,1.040000000000000000e+02,-8.000000000000000000e+01,7.100000000000000000e+01,4.000000000000000000e+00
-1.000000000000000000e+00,8.000000000000000000e+00,1.600000000000000000e+01,4.310000000000000000e+02,1.210000000000000000e+02,4.440000000000000000e+02,1.040000000000000000e+02,-5.500000000000000000e+01,6.900000000000000000e+01,4.000000000000000000e+00
-1.000000000000000000e+00,1.600000000000000000e+01,1.600000000000000000e+01,4.430000000000000000e+02,1.210000000000000000e+02,4.560000000000000000e+02,1.040000000000000000e+02,-5.500000000000000000e+01,6.900000000000000000e+01,4.000000000000000000e+00
1.000000000000000000e+00,1.600000000000000000e+01,1.600000000000000000e+01,4.710000000000000000e+02,8.800000000000000000e+01,4.560000000000000000e+02,1.040000000000000000e+02,6.300000000000000000e+01,-6.500000000000000000e+01,4.000000000000000000e+00
-1.000000000000000000e+00,1.600000000000000000e+01,1.600000000000000000e+01,4.580000000000000000e+02,1.200000000000000000e+02,4.720000000000000000e+02,1.040000000000000000e+02,-5.800000000000000000e+01,6.700000000000000000e+01,4.000000000000000000e+00
1.000000000000000000e+00,1.600000000000000000e+01,1.600000000000000000e+01,4.870000000000000000e+02,8.800000000000000000e+01,4.720000000000000000e+02,1.040000000000000000e+02,6.300000000000000000e+01,-6.500000000000000000e+01,4.000000000000000000e+00
1.000000000000000000e+00,1.600000000000000000e+01,1.600000000000000000e+01,5.030000000000000000e+02,8.600000000000000000e+01,4.880000000000000000e+02,1.040000000000000000e+02,6.300000000000000000e+01,-7.200000000000000000e+01,4.000000000000000000e+00
1.000000000000000000e+00,1.600000000000000000e+01,1.600000000000000000e+01,5.500000000000000000e+02,1.040000000000000000e+02,5.040000000000000000e+02,1.040000000000000000e+02,1.840000000000000000e+02,0.000000000000000000e+00,4.000000000000000000e+00
1.000000000000000000e+00,1.600000000000000000e+01,1.600000000000000000e+01,6.070000000000000000e+02,8.500000000000000000e+01,5.680000000000000000e+02,1.040000000000000000e+02,1.560000000000000000e+02,-7.700000000000000000e+01,4.000000000000000000e+00
-1.000000000000000000e+00,1.600000000000000000e+01,1.600000000000000000e+01,6.160000000000000000e+02,1.040000000000000000e+02,6.160000000000000000e+02,1.040000000000000000e+02,0.000000000000000000e+00,0.000000000000000000e+00,4.000000000000000000e+00
-1.000000000000000000e+00,1.600000000000000000e+01,1.600000000000000000e+01,6.180000000000000000e+02,1.220000000000000000e+02,6.320000000000000000e+02,1.040000000000000000e+02,-5.600000000000000000e+01,7.200000000000000000e+01,4.000000000000000000e+00
-1.000000000000000000e+00,1.600000000000000000e+01,1.600000000000000000e+01,6.460000000000000000e+02,1.220000000000000000e+02,6.480000000000000000e+02,1.040000000000000000e+02,-1.000000000000000000e+01,7.200000000000000000e+01,4.000000000000000000e+00
-1.000000000000000000e+00,1.600000000000000000e+01,1.600000000000000000e+01,6.500000000000000000e+02,1.210000000000000000e+02,6.640000000000000000e+02,1.040000000000000000e+02,-5.600000000000000000e+01,6.900000000000000000e+01,4.000000000000000000e+00
-1.000000000000000000e+00,1.600000000000000000e+01,1.600000000000000000e+01,6.660000000000000000e+02,1.220000000000000000e+02,6.800000000000000000e+02,1.040000000000000000e+02,-5.600000000000000000e+01,7.500000000000000000e+01,4.000000000000000000e+00
1.000000000000000000e+00,1.600000000000000000e+01,1.600000000000000000e+01,6.960000000000000000e+02,8.800000000000000000e+01,6.800000000000000000e+02,1.040000000000000000e+02,6.500000000000000000e+01,-6.400000000000000000e+01,4.000000000000000000e+00
-1.000000000000000000e+00,1.600000000000000000e+01,1.600000000000000000e+01,6.820000000000000000e+02,1.220000000000000000e+02,6.960000000000000000e+02,1.040000000000000000e+02,-5.600000000000000000e+01,7.500000000000000000e+01,4.000000000000000000e+00
1.000000000000000000e+00,1.600000000000000000e+01,1.600000000000000000e+01,7.120000000000000000e+02,8.800000000000000000e+01,6.960000000000000000e+02,1.040000000000000000e+02,6.500000000000000000e+01,-6.400000000000000000e+01,4.000000000000000000e+00
1.000000000000000000e+00,1.600000000000000000e+01,1.600000000000000000e+01,7.260000000000000000e+02,8.800000000000000000e+01,7.120000000000000000e+02,1.040000000000000000e+02,5.600000000000000000e+01,-6.400000000000000000e+01,4.000000000000000000e+00
1.000000000000000000e+00,1.600000000000000000e+01,1.600000000000000000e+01,7.800000000000000000e+02,8.500000000000000000e+01,7.600000000000000000e+02,1.040000000000000000e+02,8.000000000000000000e+01,-7.600000000000000000e+01,4.000000000000000000e+00
1.000000000000000000e+00,1.600000000000000000e+01,1.600000000000000000e+01,7.960000000000000000e+02,8.500000000000000000e+01,7.760000000000000000e+02,1.040000000000000000e+02,8.000000000000000000e+01,-7.600000000000000000e+01,4.000000000000000000e+00
-1.000000000000000000e+00,1.600000000000000000e+01,1.600000000000000000e+01,7.700000000000000000e+02,1.250000000000000000e+02,7.920000000000000000e+02,1.040000000000000000e+02,-8.800000000000000000e+01,8.400000000000000000e+01,4.000000000000000000e+00
1.000000000000000000e+00,1.600000000000000000e+01,1.600000000000000000e+01,8.120000000000000000e+02,8.400000000000000000e+01,7.920000000000000000e+02,1.040000000000000000e+02,8.000000000000000000e+01,-8.000000000000000000e+01,4.000000000000000000e+00
1.000000000000000000e+00,1.600000000000000000e+01,1.600000000000000000e+01,8.280000000000000000e+02,8.500000000000000000e+01,8.080000000000000000e+02,1.040000000000000000e+02,8.100000000000000000e+01,-7.600000000000000000e+01,4.000000000000000000e+00
1.000000000000000000e+00,1.600000000000000000e+01,1.600000000000000000e+01,8.440000000000000000e+02,8.400000000000000000e+01,8.240000000000000000e+02,1.040000000000000000e+02,8.100000000000000000e+01,-8.000000000000000000e+01,4.000000000000000000e+00
-1.000000000000000000e+00,1.600000000000000000e+01,1.600000000000000000e+01,8.180000000000000000e+02,1.250000000000000000e+02,8.400000000000000000e+02,1.040000000000000000e+02,-8.800000000000000000e+01,8.400000000000000000e+01,4.000000000000000000e+00
1.000000000000000000e+00,1.600000000000000000e+01,1.600000000000000000e+01,8.650000000000000000e+02,8.300000000000000000e+01,8.400000000000000000e+02,1.040000000000000000e+02,1.020000000000000000e+02,-8.500000000000000000e+01,4.000000000000000000e+00
-1.000000000000000000e+00,1.600000000000000000e+01,1.600000000000000000e+01,8.330000000000000000e+02,1.250000000000000000e+02,8.560000000000000000e+02,1.040000000000000000e+02,-9.500000000000000000e+01,8.500000000000000000e+01,4.000000000000000000e+00
1.000000000000000000e+00,1.600000000000000000e+01,1.600000000000000000e+01,8.810000000000000000e+02,8.300000000000000000e+01,8.560000000000000000e+02,1.040000000000000000e+02,1.020000000000000000e+02,-8.500000000000000000e+01,4.000000000000000000e+00
-1.000000000000000000e+00,1.600000000000000000e+01,1.600000000000000000e+01,8.490000000000000000e+02,1.250000000000000000e+02,8.720000000000000000e+02,1.040000000000000000e+02,-9.500000000000000000e+01,8.500000000000000000e+01,4.000000000000000000e+00
1.000000000000000000e+00,1.600000000000000000e+01,1.600000000000000000e+01,8.970000000000000000e+02,8.300000000000000000e+01,8.720000000000000000e+02,1.040000000000000000e+02,1.020000000000000000e+02,-8.500000000000000000e+01,4.000000000000000000e+00
-1.000000000000000000e+00,1.600000000000000000e+01,1.600000000000000000e+01,8.650000000000000000e+02,1.250000000000000000e+02,8.880000000000000000e+02,1.040000000000000000e+02,-9.500000000000000000e+01,8.500000000000000000e+01,4.000000000000000000e+00
1.000000000000000000e+00,1.600000000000000000e+01,1.600000000000000000e+01,9.130000000000000000e+02,8.300000000000000000e+01,8.880000000000000000e+02,1.040000000000000000e+02,1.020000000000000000e+02,-8.500000000000000000e+01,4.000000000000000000e+00
-1.000000000000000000e+00,1.600000000000000000e+01,1.600000000000000000e+01,8.810000000000000000e+02,1.250000000000000000e+02,9.040000000000000000e+02,1.040000000000000000e+02,-9.500000000000000000e+01,8.600000000000000000e+01,4.000000000000000000e+00
1.000000000000000000e+00,1.600000000000000000e+01,1.600000000000000000e+01,9.290000000000000000e+02,8.300000000000000000e+01,9.040000000000000000e+02,1.040000000000000000e+02,1.020000000000000000e+02,-8.500000000000000000e+01,4.000000000000000000e+00
-1.000000000000000000e+00,1.600000000000000000e+01,1.600000000000000000e+01,8.970000000000000000e+02,1.250000000000000000e+02,9.200000000000000000e+02,1.040000000000000000e+02,-9.500000000000000000e+01,8.600000000000000000e+01,4.000000000000000000e+00
1.000000000000000000e+00,1.600000000000000000e+01,1.600000000000000000e+01,9.450000000000000000e+02,8.300000000000000000e+01,9.200000000000000000e+02,1.040000000000000000e+02,1.030000000000000000e+02,-8.500000000000000000e+01,4.000000000000000000e+00
-1.000000000000000000e+00,1.600000000000000000e+01,1.600000000000000000e+01,9.140000000000000000e+02,1.250000000000000000e+02,9.360000000000000000e+02,1.040000000000000000e+02,-9.100000000000000000e+01,8.500000000000000000e+01,4.000000000000000000e+00
1.000000000000000000e+00,1.600000000000000000e+01,1.600000000000000000e+01,9.620000000000000000e+02,8.300000000000000000e+01,9.360000000000000000e+02,1.040000000000000000e+02,1.040000000000000000e+02,-8.400000000000000000e+01,4.000000000000000000e+00
-1.000000000000000000e+00,1.600000000000000000e+01,1.600000000000000000e+01,9.280000000000000000e+02,1.250000000000000000e+02,9.520000000000000000e+02,1.040000000000000000e+02,-9.900000000000000000e+01,8.500000000000000000e+01,4.000000000000000000e+00
1.000000000000000000e+00,1.600000000000000000e+01,1.600000000000000000e+01,9.780000000000000000e+02,8.400000000000000000e+01,9.520000000000000000e+02,1.040000000000000000e+02,1.050000000000000000e+02,-8.000000000000000000e+01,4.000000000000000000e+00
1.000000000000000000e+00,1.600000000000000000e+01,1.600000000000000000e+01,9.940000000000000000e+02,8.400000000000000000e+01,9.680000000000000000e+02,1.040000000000000000e+02,1.040000000000000000e+02,-8.000000000000000000e+01,4.000000000000000000e+00
1.000000000000000000e+00,8.000000000000000000e+00,1.600000000000000000e+01,1.006000000000000000e+03,8.400000000000000000e+01,9.800000000000000000e+02,1.040000000000000000e+02,1.040000000000000000e+02,-8.000000000000000000e+01,4.000000000000000000e+00
1.000000000000000000e+00,8.000000000000000000e+00,1.600000000000000000e+01,1.014000000000000000e+03,8.400000000000000000e+01,9.880000000000000000e+02,1.040000000000000000e+02,1.070000000000000000e+02,-8.000000000000000000e+01,4.000000000000000000e+00
-1.000000000000000000e+00,1.600000000000000000e+01,1.600000000000000000e+01,1.016000000000000000e+03,1.040000000000000000e+02,1.016000000000000000e+03,1.040000000000000000e+02,0.000000000000000000e+00,0.000000000000000000e+00,4.000000000000000000e+00
1.000000000000000000e+00,1.600000000000000000e+01,1.600000000000000000e+01,1.032000000000000000e+03,1.040000000000000000e+02,1.032000000000000000e+03,1.040000000000000000e+02,0.000000000000000000e+00,0.000000000000000000e+00,4.000000000000000000e+00
-1.000000000000000000e+00,1.600000000000000000e+01,1.600000000000000000e+01,1.048000000000000000e+03,1.040000000000000000e+02,1.048000000000000000e+03,1.040000000000000000e+02,0.000000000000000000e+00,0.000000000000000000e+00,4.000000000000000000e+00
1.000000000000000000e+00,1.600000000000000000e+01,1.600000000000000000e+01,1.048000000000000000e+03,1.040000000000000000e+02,1.048000000000000000e+03,1.040000000000000000e+02,0.000000000000000000e+00,0.000000000000000000e+00,4.000000000000000000e+00
1.000000000000000000e+00,1.600000000000000000e+01,1.600000000000000000e+01,1.064000000000000000e+03,1.040000000000000000e+02,1.064000000000000000e+03,1.040000000000000000e+02,0.000000000000000000e+00,0.000000000000000000e+00,4.000000000000000000e+00
1.000000000000000000e+00,1.600000000000000000e+01,1.600000000000000000e+01,1.080000000000000000e+03,1.040000000000000000e+02,1.080000000000000000e+03,1.040000000000000000e+02,0.000000000000000000e+00,0.000000000000000000e+00,4.000000000000000000e+00
1.000000000000000000e+00,1.600000000000000000e+01,1.600000000000000000e+01,1.096000000000000000e+03,1.040000000000000000e+02,1.096000000000000000e+03,1.040000000000000000e+02,0.000000000000000000e+00,0.000000000000000000e+00,4.000000000000000000e+00
1.000000000000000000e+00,1.600000000000000000e+01,1.600000000000000000e+01,1.112000000000000000e+03,1.040000000000000000e+02,1.112000000000000000e+03,1.040000000000000000e+02,0.000000000000000000e+00,0.000000000000000000e+00,4.000000000000000000e+00
1.000000000000000000e+00,1.600000000000000000e+01,1.600000000000000000e+01,1.128000000000000000e+03,1.040000000000000000e+02,1.128000000000000000e+03,1.040000000000000000e+02,0.000000000000000000e+00,0.000000000000000000e+00,4.000000000000000000e+00
1.000000000000000000e+00,1.600000000000000000e+01,1.600000000000000000e+01,1.144000000000000000e+03,1.040000000000000000e+02,1.144000000000000000e+03,1.040000000000000000e+02,0.000000000000000000e+00,0.000000000000000000e+00,4.000000000000000000e+00
1.000000000000000000e+00,1.600000000000000000e+01,1.600000000000000000e+01,1.160000000000000000e+03,1.040000000000000000e+02,1.160000000000000000e+03,1.040000000000000000e+02,0.000000000000000000e+00,0.000000000000000000e+00,4.000000000000000000e+00
1.000000000000000000e+00,1.600000000000000000e+01,1.600000000000000000e+01,1.176000000000000000e+03,1.040000000000000000e+02,1.176000000000000000e+03,1.040000000000000000e+02,0.000000000000000000e+00,0.000000000000000000e+00,4.000000000000000000e+00
1.000000000000000000e+00,1.600000000000000000e+01,1.600000000000000000e+01,1.192000000000000000e+03,1.040000000000000000e+02,1.192000000000000000e+03,1.040000000000000000e+02,0.000000000000000000e+00,0.000000000000000000e+00,4.000000000000000000e+00
1.000000000000000000e+00,1.600000000000000000e+01,1.600000000000000000e+01,1.208000000000000000e+03,1.040000000000000000e+02,1.208000000000000000e+03,1.040000000000000000e+02,0.000000000000000000e+00,0.000000000000000000e+00,4.000000000000000000e+00
1.000000000000000000e+00,1.600000000000000000e+01,1.600000000000000000e+01,1.224000000000000000e+03,1.040000000000000000e+02,1.224000000000000000e+03,1.040000000000000000e+02,0.000000000000000000e+00,0.000000000000000000e+00,4.000000000000000000e+00
1.000000000000000000e+00,1.600000000000000000e+01,1.600000000000000000e+01,1.240000000000000000e+03,1.040000000000000000e+02,1.240000000000000000e+03,1.040000000000000000e+02,0.000000000000000000e+00,0.000000000000000000e+00,4.000000000000000000e+00
-1.000000000000000000e+00,1.600000000000000000e+01,1.600000000000000000e+01,1.256000000000000000e+03,1.040000000000000000e+02,1.256000000000000000e+03,1.040000000000000000e+02,0.000000000000000000e+00,0.000000000000000000e+00,4.000000000000000000e+00
1.000000000000000000e+00,1.600000000000000000e+01,1.600000000000000000e+01,1.256000000000000000e+03,1.040000000000000000e+02,1.256000000000000000e+03,1.040000000000000000e+02,0.000000000000000000e+00,0.000000000000000000e+00,4.000000000000000000e+00
1.000000000000000000e+00,1.600000000000000000e+01,1.600000000000000000e+01,1.272000000000000000e+03,1.040000000000000000e+02,1.272000000000000000e+03,1.040000000000000000e+02,0.000000000000000000e+00,0.000000000000000000e+00,4.000000000000000000e+00
1.000000000000000000e+00,1.600000000000000000e+01,1.600000000000000000e+01,3.600000000000000000e+01,1.180000000000000000e+02,8.000000000000000000e+00,1.200000000000000000e+02,1.120000000000000000e+02,-8.000000000000000000e+00,4.000000000000000000e+00
1.000000000000000000e+00,1.600000000000000000e+01,1.600000000000000000e+01,5.200000000000000000e+01,1.030000000000000000e+02,2.400000000000000000e+01,1.200000000000000000e+02,1.120000000000000000e+02,-7.100000000000000000e+01,4.000000000000000000e+00
1.000000000000000000e+00,1.600000000000000000e+01,1.600000000000000000e+01,6.800000000000000000e+01,1.030000000000000000e+02,4.000000000000000000e+01,1.200000000000000000e+02,1.120000000000000000e+02,-7.100000000000000000e+01,4.000000000000000000e+00
1.000000000000000000e+00,1.600000000000000000e+01,1.600000000000000000e+01,8.200000000000000000e+01,1.030000000000000000e+02,5.600000000000000000e+01,1.200000000000000000e+02,1.040000000000000000e+02,-7.100000000000000000e+01,4.000000000000000000e+00
-1.000000000000000000e+00,1.600000000000000000e+01,1.600000000000000000e+01,5.200000000000000000e+01,1.200000000000000000e+02,7.200000000000000000e+01,1.200000000000000000e+02,-8.000000000000000000e+01,0.000000000000000000e+00,4.000000000000000000e+00
1.000000000000000000e+00,1.600000000000000000e+01,1.600000000000000000e+01,9.500000000000000000e+01,1.140000000000000000e+02,7.200000000000000000e+01,1.200000000000000000e+02,9.500000000000000000e+01,-2.500000000000000000e+01,4.000000000000000000e+00
1.000000000000000000e+00,1.600000000000000000e+01,1.600000000000000000e+01,1.120000000000000000e+02,1.000000000000000000e+02,8.800000000000000000e+01,1.200000000000000000e+02,9.900000000000000000e+01,-8.200000000000000000e+01,4.000000000000000000e+00
-1.000000000000000000e+00,1.600000000000000000e+01,1.600000000000000000e+01,8.300000000000000000e+01,1.380000000000000000e+02,1.040000000000000000e+02,1.200000000000000000e+02,-8.500000000000000000e+01,7.200000000000000000e+01,4.000000000000000000e+00
1.000000000000000000e+00,1.600000000000000000e+01,1.600000000000000000e+01,1.280000000000000000e+02,1.000000000000000000e+02,1.040000000000000000e+02,1.200000000000000000e+02,9.900000000000000000e+01,-8.200000000000000000e+01,4.000000000000000000e+00
1.000000000000000000e+00,1.600000000000000000e+01,1.600000000000000000e+01,1.450000000000000000e+02,1.000000000000000000e+02,1.200000000000000000e+02,1.200000000000000000e+02,1.000000000000000000e+02,-8.200000000000000000e+01,4.000000000000000000e+00
1.000000000000000000e+00,1.600000000000000000e+01,1.600000000000000000e+01,1.760000000000000000e+02,1.000000000000000000e+02,1.520000000000000000e+02,1.200000000000000000e+02,9.800000000000000000e+01,-8.000000000000000000e+01,4.000000000000000000e+00
-1.000000000000000000e+00,1.600000000000000000e+01,1.600000000000000000e+01,1.470000000000000000e+02,1.370000000000000000e+02,1.680000000000000000e+02,1.200000000000000000e+02,-8.500000000000000000e+01,7.000000000000000000e+01,4.000000000000000000e+00
-1.000000000000000000e+00,1.600000000000000000e+01,1.600000000000000000e+01,1.630000000000000000e+02,1.380000000000000000e+02,1.840000000000000000e+02,1.200000000000000000e+02,-8.500000000000000000e+01,7.200000000000000000e+01,4.000000000000000000e+00
1.000000000000000000e+00,1.600000000000000000e+01,1.600000000000000000e+01,2.090000000000000000e+02,1.030000000000000000e+02,1.840000000000000000e+02,1.200000000000000000e+02,1.010000000000000000e+02,-7.100000000000000000e+01,4.000000000000000000e+00
1.000000000000000000e+00,8.000000000000000000e+00,1.600000000000000000e+01,2.200000000000000000e+02,1.030000000000000000e+02,1.960000000000000000e+02,1.200000000000000000e+02,9.700000000000000000e+01,-7.100000000000000000e+01,4.000000000000000000e+00
1.000000000000000000e+00,8.000000000000000000e+00,1.600000000000000000e+01,2.290000000000000000e+02,1.030000000000000000e+02,2.040000000000000000e+02,1.200000000000000000e+02,1.010000000000000000e+02,-7.100000000000000000e+01,4.000000000000000000e+00
1.000000000000000000e+00,8.000000000000000000e+00,1.600000000000000000e+01,2.450000000000000000e+02,1.020000000000000000e+02,2.120000000000000000e+02,1.200000000000000000e+02,1.320000000000000000e+02,-7.200000000000000000e+01,4.000000000000000000e+00
1.000000000000000000e+00,8.000000000000000000e+00,1.600000000000000000e+01,2.530000000000000000e+02,1.020000000000000000e+02,2.200000000000000000e+02,1.200000000000000000e+02,1.320000000000000000e+02,-7.200000000000000000e+01,4.000000000000000000e+00
-1.000000000000000000e+00,1.600000000000000000e+01,1.600000000000000000e+01,2.160000000000000000e+02,1.400000000000000000e+02,2.320000000000000000e+02,1.200000000000000000e+02,-6.400000000000000000e+01,8.100000000000000000e+01,4.000000000000000000e+00
-1.000000000000000000e+00,1.600000000000000000e+01,1.600000000000000000e+01,2.570000000000000000e+02,1.360000000000000000e+02,2.800000000000000000e+02,1.200000000000000000e+02,-9.300000000000000000e+01,6.500000000000000000e+01,4.000000000000000000e+00
1.000000000000000000e+00,1.600000000000000000e+01,1.600000000000000000e+01,3.040000000000000000e+02,9.600000000000000000e+01,2.800000000000000000e+02,1.200000000000000000e+02,9.700000000000000000e+01,-9.700000000000000000e+01,4.000000000000000000e+00
-1.000000000000000000e+00,1.600000000000000000e+01,1.600000000000000000e+01,2.730000000000000000e+02,1.360000000000000000e+02,2.960000000000000000e+02,1.200000000000000000e+02,-9.300000000000000000e+01,6.500000000000000000e+01,4.000000000000000000e+00
1.000000000000000000e+00,1.600000000000000000e+01,1.600000000000000000e+01,3.200000000000000000e+02,9.600000000000000000e+01,2.960000000000000000e+02,1.200000000000000000e+02,9.700000000000000000e+01,-9.700000000000000000e+01,4.000000000000000000e+00
-1.000000000000000000e+00,1.600000000000000000e+01,1.600000000000000000e+01,2.890000000000000000e+02,1.360000000000000000e+02,3.120000000000000000e+02,1.200000000000000000e+02,-9.300000000000000000e+01,6.500000000000000000e+01,4.000000000000000000e+00
1.000000000000000000e+00,1.600000000000000000e+01,1.600000000000000000e+01,3.360000000000000000e+02,9.600000000000000000e+01,3.120000000000000000e+02,1.200000000000000000e+02,9.700000000000000000e+01,-9.700000000000000000e+01,4.000000000000000000e+00
-1.000000000000000000e+00,1.600000000000000000e+01,1.600000000000000000e+01,3.070000000000000000e+02,1.400000000000000000e+02,3.280000000000000000e+02,1.200000000000000000e+02,-8.500000000000000000e+01,8.000000000000000000e+01,4.000000000000000000e+00
-1.000000000000000000e+00,1.600000000000000000e+01,1.600000000000000000e+01,3.390000000000000000e+02,1.400000000000000000e+02,3.600000000000000000e+02,1.200000000000000000e+02,-8.400000000000000000e+01,8.000000000000000000e+01,4.000000000000000000e+00
-1.000000000000000000e+00,1.600000000000000000e+01,1.600000000000000000e+01,3.550000000000000000e+02,1.400000000000000000e+02,3.760000000000000000e+02,1.200000000000000000e+02,-8.400000000000000000e+01,8.000000000000000000e+01,4.000000000000000000e+00
1.000000000000000000e+00,1.600000000000000000e+01,1.600000000000000000e+01,3.980000000000000000e+02,9.900000000000000000e+01,3.760000000000000000e+02,1.200000000000000000e+02,8.800000000000000000e+01,-8.400000000000000000e+01,4.000000000000000000e+00
-1.000000000000000000e+00,1.600000000000000000e+01,1.600000000000000000e+01,3.710000000000000000e+02,1.400000000000000000e+02,3.920000000000000000e+02,1.200000000000000000e+02,-8.400000000000000000e+01,8.000000000000000000e+01,4.000000000000000000e+00
1.000000000000000000e+00,1.600000000000000000e+01,1.600000000000000000e+01,4.140000000000000000e+02,9.900000000000000000e+01,3.920000000000000000e+02,1.200000000000000000e+02,8.800000000000000000e+01,-8.400000000000000000e+01,4.000000000000000000e+00
-1.000000000000000000e+00,1.600000000000000000e+01,1.600000000000000000e+01,3.870000000000000000e+02,1.400000000000000000e+02,4.080000000000000000e+02,1.200000000000000000e+02,-8.400000000000000000e+01,8.000000000000000000e+01,4.000000000000000000e+00
1.000000000000000000e+00,1.600000000000000000e+01,1.600000000000000000e+01,4.300000000000000000e+02,9.900000000000000000e+01,4.080000000000000000e+02,1.200000000000000000e+02,8.800000000000000000e+01,-8.400000000000000000e+01,4.000000000000000000e+00
1.000000000000000000e+00,1.600000000000000000e+01,1.600000000000000000e+01,4.460000000000000000e+02,1.000000000000000000e+02,4.240000000000000000e+02,1.200000000000000000e+02,8.800000000000000000e+01,-8.200000000000000000e+01,4.000000000000000000e+00
-1.000000000000000000e+00,1.600000000000000000e+01,8.000000000000000000e+00,4.200000000000000000e+02,1.330000000000000000e+02,4.400000000000000000e+02,1.160000000000000000e+02,-8.000000000000000000e+01,7.100000000000000000e+01,4.000000000000000000e+00
-1.000000000000000000e+00,1.600000000000000000e+01,8.000000000000000000e+00,4.400000000000000000e+02,1.240000000000000000e+02,4.400000000000000000e+02,1.240000000000000000e+02,0.000000000000000000e+00,0.000000000000000000e+00,4.000000000000000000e+00
1.000000000000000000e+00,1.600000000000000000e+01,8.000000000000000000e+00,4.400000000000000000e+02,1.160000000000000000e+02,4.400000000000000000e+02,1.160000000000000000e+02,0.000000000000000000e+00,0.000000000000000000e+00,4.000000000000000000e+00
1.000000000000000000e+00,1.600000000000000000e+01,8.000000000000000000e+00,4.620000000000000000e+02,1.120000000000000000e+02,4.400000000000000000e+02,1.240000000000000000e+02,8.800000000000000000e+01,-5.100000000000000000e+01,4.000000000000000000e+00
1.000000000000000000e+00,1.600000000000000000e+01,1.600000000000000000e+01,4.710000000000000000e+02,1.040000000000000000e+02,4.560000000000000000e+02,1.200000000000000000e+02,6.000000000000000000e+01,-6.500000000000000000e+01,4.000000000000000000e+00
1.000000000000000000e+00,1.600000000000000000e+01,1.600000000000000000e+01,4.870000000000000000e+02,1.050000000000000000e+02,4.720000000000000000e+02,1.200000000000000000e+02,6.100000000000000000e+01,-6.300000000000000000e+01,4.000000000000000000e+00
1.000000000000000000e+00,1.600000000000000000e+01,1.600000000000000000e+01,5.030000000000000000e+02,1.050000000000000000e+02,4.880000000000000000e+02,1.200000000000000000e+02,6.300000000000000000e+01,-6.300000000000000000e+01,4.000000000000000000e+00
1.000000000000000000e+00,1.600000000000000000e+01,1.600000000000000000e+01,5.790000000000000000e+02,1.040000000000000000e+02,5.360000000000000000e+02,1.200000000000000000e+02,1.750000000000000000e+02,-6.700000000000000000e+01,4.000000000000000000e+00
1.000000000000000000e+00,1.600000000000000000e+01,1.600000000000000000e+01,5.910000000000000000e+02,1.040000000000000000e+02,5.520000000000000000e+02,1.200000000000000000e+02,1.560000000000000000e+02,-6.700000000000000000e+01,4.000000000000000000e+00
1.000000000000000000e+00,1.600000000000000000e+01,1.600000000000000000e+01,6.520000000000000000e+02,1.020000000000000000e+02,6.320000000000000000e+02,1.200000000000000000e+02,8.000000000000000000e+01,-7.200000000000000000e+01,4.000000000000000000e+00
-1.000000000000000000e+00,1.600000000000000000e+01,1.600000000000000000e+01,6.460000000000000000e+02,1.360000000000000000e+02,6.480000000000000000e+02,1.200000000000000000e+02,-1.000000000000000000e+01,6.500000000000000000e+01,4.000000000000000000e+00
-1.000000000000000000e+00,1.600000000000000000e+01,1.600000000000000000e+01,6.500000000000000000e+02,1.370000000000000000e+02,6.640000000000000000e+02,1.200000000000000000e+02,-5.600000000000000000e+01,6.900000000000000000e+01,4.000000000000000000e+00
1.000000000000000000e+00,1.600000000000000000e+01,1.600000000000000000e+01,6.800000000000000000e+02,1.040000000000000000e+02,6.640000000000000000e+02,1.200000000000000000e+02,6.500000000000000000e+01,-6.400000000000000000e+01,4.000000000000000000e+00
-1.000000000000000000e+00,1.600000000000000000e+01,1.600000000000000000e+01,6.660000000000000000e+02,1.380000000000000000e+02,6.800000000000000000e+02,1.200000000000000000e+02,-5.600000000000000000e+01,7.500000000000000000e+01,4.000000000000000000e+00
1.000000000000000000e+00,1.600000000000000000e+01,1.600000000000000000e+01,6.960000000000000000e+02,1.040000000000000000e+02,6.800000000000000000e+02,1.200000000000000000e+02,6.500000000000000000e+01,-6.400000000000000000e+01,4.000000000000000000e+00
1.000000000000000000e+00,1.600000000000000000e+01,1.600000000000000000e+01,7.110000000000000000e+02,1.040000000000000000e+02,6.960000000000000000e+02,1.200000000000000000e+02,6.300000000000000000e+01,-6.400000000000000000e+01,4.000000000000000000e+00
1.000000000000000000e+00,1.600000000000000000e+01,1.600000000000000000e+01,7.260000000000000000e+02,1.040000000000000000e+02,7.120000000000000000e+02,1.200000000000000000e+02,5.600000000000000000e+01,-6.400000000000000000e+01,4.000000000000000000e+00
1.000000000000000000e+00,1.600000000000000000e+01,1.600000000000000000e+01,7.420000000000000000e+02,1.040000000000000000e+02,7.280000000000000000e+02,1.200000000000000000e+02,5.600000000000000000e+01,-6.400000000000000000e+01,4.000000000000000000e+00
1.000000000000000000e+00,1.600000000000000000e+01,1.600000000000000000e+01,8.100000000000000000e+02,1.000000000000000000e+02,7.760000000000000000e+02,1.200000000000000000e+02,1.370000000000000000e+02,-8.100000000000000000e+01,4.000000000000000000e+00
-1.000000000000000000e+00,1.600000000000000000e+01,1.600000000000000000e+01,8.020000000000000000e+02,1.410000000000000000e+02,8.240000000000000000e+02,1.200000000000000000e+02,-8.800000000000000000e+01,8.400000000000000000e+01,4.000000000000000000e+00
1.000000000000000000e+00,1.600000000000000000e+01,1.600000000000000000e+01,8.440000000000000000e+02,1.000000000000000000e+02,8.240000000000000000e+02,1.200000000000000000e+02,8.100000000000000000e+01,-8.000000000000000000e+01,4.000000000000000000e+00
-1.000000000000000000e+00,1.600000000000000000e+01,1.600000000000000000e+01,8.220000000000000000e+02,1.360000000000000000e+02,8.400000000000000000e+02,1.200000000000000000e+02,-7.300000000000000000e+01,6.500000000000000000e+01,4.000000000000000000e+00
-1.000000000000000000e+00,1.600000000000000000e+01,1.600000000000000000e+01,8.330000000000000000e+02,1.410000000000000000e+02,8.560000000000000000e+02,1.200000000000000000e+02,-9.500000000000000000e+01,8.500000000000000000e+01,4.000000000000000000e+00
1.000000000000000000e+00,1.600000000000000000e+01,1.600000000000000000e+01,8.810000000000000000e+02,9.900000000000000000e+01,8.560000000000000000e+02,1.200000000000000000e+02,1.020000000000000000e+02,-8.500000000000000000e+01,4.000000000000000000e+00
-1.000000000000000000e+00,1.600000000000000000e+01,1.600000000000000000e+01,8.490000000000000000e+02,1.410000000000000000e+02,8.720000000000000000e+02,1.200000000000000000e+02,-9.500000000000000000e+01,8.500000000000000000e+01,4.000000000000000000e+00
1.000000000000000000e+00,1.600000000000000000e+01,1.600000000000000000e+01,8.970000000000000000e+02,9.900000000000000000e+01,8.720000000000000000e+02,1.200000000000000000e+02,1.020000000000000000e+02,-8.500000000000000000e+01,4.000000000000000000e+00
1.000000000000000000e+00,1.600000000000000000e+01,1.600000000000000000e+01,9.130000000000000000e+02,1.010000000000000000e+02,8.880000000000000000e+02,1.200000000000000000e+02,1.020000000000000000e+02,-7.900000000000000000e+01,4.000000000000000000e+00
-1.000000000000000000e+00,1.600000000000000000e+01,1.600000000000000000e+01,8.810000000000000000e+02,1.410000000000000000e+02,9.040000000000000000e+02,1.200000000000000000e+02,-9.500000000000000000e+01,8.600000000000000000e+01,4.000000000000000000e+00
1.000000000000000000e+00,1.600000000000000000e+01,1.600000000000000000e+01,9.290000000000000000e+02,9.900000000000000000e+01,9.040000000000000000e+02,1.200000000000000000e+02,1.020000000000000000e+02,-8.500000000000000000e+01,4.000000000000000000e+00
-1.000000000000000000e+00,1.600000000000000000e+01,1.600000000000000000e+01,8.970000000000000000e+02,1.410000000000000000e+02,9.200000000000000000e+02,1.200000000000000000e+02,-9.500000000000000000e+01,8.600000000000000000e+01,4.000000000000000000e+00
1.000000000000000000e+00,1.600000000000000000e+01,1.600000000000000000e+01,9.450000000000000000e+02,9.900000000000000000e+01,9.200000000000000000e+02,1.200000000000000000e+02,1.030000000000000000e+02,-8.500000000000000000e+01,4.000000000000000000e+00
-1.000000000000000000e+00,1.600000000000000000e+01,1.600000000000000000e+01,9.130000000000000000e+02,1.410000000000000000e+02,9.360000000000000000e+02,1.200000000000000000e+02,-9.500000000000000000e+01,8.500000000000000000e+01,4.000000000000000000e+00
1.000000000000000000e+00,1.600000000000000000e+01,1.600000000000000000e+01,9.620000000000000000e+02,9.900000000000000000e+01,9.360000000000000000e+02,1.200000000000000000e+02,1.040000000000000000e+02,-8.400000000000000000e+01,4.000000000000000000e+00
-1.000000000000000000e+00,1.600000000000000000e+01,1.600000000000000000e+01,9.290000000000000000e+02,1.410000000000000000e+02,9.520000000000000000e+02,1.200000000000000000e+02,-9.500000000000000000e+01,8.500000000000000000e+01,4.000000000000000000e+00
1.000000000000000000e+00,1.600000000000000000e+01,1.600000000000000000e+01,9.780000000000000000e+02,1.000000000000000000e+02,9.520000000000000000e+02,1.200000000000000000e+02,1.040000000000000000e+02,-8.000000000000000000e+01,4.000000000000000000e+00
-1.000000000000000000e+00,1.600000000000000000e+01,1.600000000000000000e+01,9.450000000000000000e+02,1.410000000000000000e+02,9.680000000000000000e+02,1.200000000000000000e+02,-9.500000000000000000e+01,8.500000000000000000e+01,4.000000000000000000e+00
1.000000000000000000e+00,1.600000000000000000e+01,1.600000000000000000e+01,9.940000000000000000e+02,1.000000000000000000e+02,9.680000000000000000e+02,1.200000000000000000e+02,1.040000000000000000e+02,-8.000000000000000000e+01,4.000000000000000000e+00
1.000000000000000000e+00,1.600000000000000000e+01,1.600000000000000000e+01,1.010000000000000000e+03,9.900000000000000000e+01,9.840000000000000000e+02,1.200000000000000000e+02,1.040000000000000000e+02,-8.700000000000000000e+01,4.000000000000000000e+00
1.000000000000000000e+00,1.600000000000000000e+01,1.600000000000000000e+01,1.026000000000000000e+03,9.900000000000000000e+01,1.000000000000000000e+03,1.200000000000000000e+02,1.040000000000000000e+02,-8.700000000000000000e+01,4.000000000000000000e+00
-1.000000000000000000e+00,1.600000000000000000e+01,1.600000000000000000e+01,1.016000000000000000e+03,1.200000000000000000e+02,1.016000000000000000e+03,1.200000000000000000e+02,0.000000000000000000e+00,0.000000000000000000e+00,4.000000000000000000e+00
-1.000000000000000000e+00,1.600000000000000000e+01,1.600000000000000000e+01,1.048000000000000000e+03,1.200000000000000000e+02,1.048000000000000000e+03,1.200000000000000000e+02,0.000000000000000000e+00,0.000000000000000000e+00,4.000000000000000000e+00
-1.000000000000000000e+00,1.600000000000000000e+01,1.600000000000000000e+01,1.064000000000000000e+03,1.200000000000000000e+02,1.064000000000000000e+03,1.200000000000000000e+02,0.000000000000000000e+00,0.000000000000000000e+00,4.000000000000000000e+00
1.000000000000000000e+00,1.600000000000000000e+01,1.600000000000000000e+01,1.064000000000000000e+03,1.200000000000000000e+02,1.064000000000000000e+03,1.200000000000000000e+02,0.000000000000000000e+00,0.000000000000000000e+00,4.000000000000000000e+00
-1.000000000000000000e+00,1.600000000000000000e+01,1.600000000000000000e+01,1.080000000000000000e+03,1.200000000000000000e+02,1.080000000000000000e+03,1.200000000000000000e+02,0.000000000000000000e+00,0.000000000000000000e+00,4.000000000000000000e+00
1.000000000000000000e+00,1.600000000000000000e+01,1.600000000000000000e+01,1.080000000000000000e+03,1.200000000000000000e+02,1.080000000000000000e+03,1.200000000000000000e+02,0.000000000000000000e+00,0.000000000000000000e+00,4.000000000000000000e+00
-1.000000000000000000e+00,1.600000000000000000e+01,1.600000000000000000e+01,1.096000000000000000e+03,1.200000000000000000e+02,1.096000000000000000e+03,1.200000000000000000e+02,0.000000000000000000e+00,0.000000000000000000e+00,4.000000000000000000e+00
1.000000000000000000e+00,1.600000000000000000e+01,1.600000000000000000e+01,1.096000000000000000e+03,1.200000000000000000e+02,1.096000000000000000e+03,1.200000000000000000e+02,0.000000000000000000e+00,0.000000000000000000e+00,4.000000000000000000e+00
1.000000000000000000e+00,1.600000000000000000e+01,1.600000000000000000e+01,1.112000000000000000e+03,1.200000000000000000e+02,1.112000000000000000e+03,1.200000000000000000e+02,0.000000000000000000e+00,0.000000000000000000e+00,4.000000000000000000e+00
1.000000000000000000e+00,1.600000000000000000e+01,1.600000000000000000e+01,1.128000000000000000e+03,1.200000000000000000e+02,1.128000000000000000e+03,1.200000000000000000e+02,0.000000000000000000e+00,0.000000000000000000e+00,4.000000000000000000e+00
1.000000000000000000e+00,1.600000000000000000e+01,1.600000000000000000e+01,1.144000000000000000e+03,1.200000000000000000e+02,1.144000000000000000e+03,1.200000000000000000e+02,0.000000000000000000e+00,0.000000000000000000e+00,4.000000000000000000e+00
1.000000000000000000e+00,1.600000000000000000e+01,1.600000000000000000e+01,1.160000000000000000e+03,1.200000000000000000e+02,1.160000000000000000e+03,1.200000000000000000e+02,0.000000000000000000e+00,0.000000000000000000e+00,4.000000000000000000e+00
1.000000000000000000e+00,1.600000000000000000e+01,1.600000000000000000e+01,1.176000000000000000e+03,1.200000000000000000e+02,1.176000000000000000e+03,1.200000000000000000e+02,0.000000000000000000e+00,0.000000000000000000e+00,4.000000000000000000e+00
1.000000000000000000e+00,1.600000000000000000e+01,1.600000000000000000e+01,1.192000000000000000e+03,1.200000000000000000e+02,1.192000000000000000e+03,1.200000000000000000e+02,0.000000000000000000e+00,0.000000000000000000e+00,4.000000000000000000e+00
1.000000000000000000e+00,1.600000000000000000e+01,1.600000000000000000e+01,1.208000000000000000e+03,1.200000000000000000e+02,1.208000000000000000e+03,1.200000000000000000e+02,0.000000000000000000e+00,0.000000000000000000e+00,4.000000000000000000e+00
1.000000000000000000e+00,1.600000000000000000e+01,1.600000000000000000e+01,1.224000000000000000e+03,1.200000000000000000e+02,1.224000000000000000e+03,1.200000000000000000e+02,0.000000000000000000e+00,0.000000000000000000e+00,4.000000000000000000e+00
-1.000000000000000000e+00,1.600000000000000000e+01,1.600000000000000000e+01,1.240000000000000000e+03,1.200000000000000000e+02,1.240000000000000000e+03,1.200000000000000000e+02,0.000000000000000000e+00,0.000000000000000000e+00,4.000000000000000000e+00
1.000000000000000000e+00,1.600000000000000000e+01,1.600000000000000000e+01,1.240000000000000000e+03,1.200000000000000000e+02,1.240000000000000000e+03,1.200000000000000000e+02,0.000000000000000000e+00,0.000000000000000000e+00,4.000000000000000000e+00
-1.000000000000000000e+00,1.600000000000000000e+01,1.600000000000000000e+01,1.256000000000000000e+03,1.200000000000000000e+02,1.256000000000000000e+03,1.200000000000000000e+02,0.000000000000000000e+00,0.000000000000000000e+00,4.000000000000000000e+00
1.000000000000000000e+00,1.600000000000000000e+01,1.600000000000000000e+01,1.256000000000000000e+03,1.200000000000000000e+02,1.256000000000000000e+03,1.200000000000000000e+02,0.000000000000000000e+00,0.000000000000000000e+00,4.000000000000000000e+00
1.000000000000000000e+00,1.600000000000000000e+01,1.600000000000000000e+01,1.272000000000000000e+03,1.200000000000000000e+02,1.272000000000000000e+03,1.200000000000000000e+02,0.000000000000000000e+00,0.000000000000000000e+00,4.000000000000000000e+00
1.000000000000000000e+00,1.600000000000000000e+01,1.600000000000000000e+01,5.200000000000000000e+01,1.190000000000000000e+02,2.400000000000000000e+01,1.360000000000000000e+02,1.120000000000000000e+02,-7.100000000000000000e+01,4.000000000000000000e+00
1.000000000000000000e+00,8.000000000000000000e+00,1.600000000000000000e+01,6.300000000000000000e+01,1.190000000000000000e+02,3.600000000000000000e+01,1.360000000000000000e+02,1.080000000000000000e+02,-7.100000000000000000e+01,4.000000000000000000e+00
1.000000000000000000e+00,8.000000000000000000e+00,1.600000000000000000e+01,7.000000000000000000e+01,1.190000000000000000e+02,4.400000000000000000e+01,1.360000000000000000e+02,1.040000000000000000e+02,-7.100000000000000000e+01,4.000000000000000000e+00
-1.000000000000000000e+00,8.000000000000000000e+00,1.600000000000000000e+01,3.900000000000000000e+01,1.360000000000000000e+02,6.800000000000000000e+01,1.360000000000000000e+02,-1.160000000000000000e+02,0.000000000000000000e+00,4.000000000000000000e+00
-1.000000000000000000e+00,8.000000000000000000e+00,1.600000000000000000e+01,4.700000000000000000e+01,1.360000000000000000e+02,7.600000000000000000e+01,1.360000000000000000e+02,-1.160000000000000000e+02,0.000000000000000000e+00,4.000000000000000000e+00
1.000000000000000000e+00,1.600000000000000000e+01,1.600000000000000000e+01,1.130000000000000000e+02,1.160000000000000000e+02,8.800000000000000000e+01,1.360000000000000000e+02,1.030000000000000000e+02,-8.000000000000000000e+01,4.000000000000000000e+00
-1.000000000000000000e+00,1.600000000000000000e+01,1.600000000000000000e+01,8.300000000000000000e+01,1.540000000000000000e+02,1.040000000000000000e+02,1.360000000000000000e+02,-8.500000000000000000e+01,7.200000000000000000e+01,4.000000000000000000e+00
1.000000000000000000e+00,1.600000000000000000e+01,1.600000000000000000e+01,1.290000000000000000e+02,1.160000000000000000e+02,1.040000000000000000e+02,1.360000000000000000e+02,1.000000000000000000e+02,-8.200000000000000000e+01,4.000000000000000000e+00
-1.000000000000000000e+00,1.600000000000000000e+01,1.600000000000000000e+01,9.900000000000000000e+01,1.540000000000000000e+02,1.200000000000000000e+02,1.360000000000000000e+02,-8.500000000000000000e+01,7.200000000000000000e+01,4.000000000000000000e+00
1.000000000000000000e+00,1.600000000000000000e+01,1.600000000000000000e+01,1.450000000000000000e+02,1.160000000000000000e+02,1.200000000000000000e+02,1.360000000000000000e+02,1.000000000000000000e+02,-8.200000000000000000e+01,4.000000000000000000e+00
1.000000000000000000e+00,1.600000000000000000e+01,1.600000000000000000e+01,1.760000000000000000e+02,1.160000000000000000e+02,1.520000000000000000e+02,1.360000000000000000e+02,9.800000000000000000e+01,-8.000000000000000000e+01,4.000000000000000000e+00
-1.000000000000000000e+00,1.600000000000000000e+01,1.600000000000000000e+01,1.630000000000000000e+02,1.540000000000000000e+02,1.840000000000000000e+02,1.360000000000000000e+02,-8.500000000000000000e+01,7.200000000000000000e+01,4.000000000000000000e+00
1.000000000000000000e+00,1.600000000000000000e+01,1.600000000000000000e+01,2.080000000000000000e+02,1.190000000000000000e+02,1.840000000000000000e+02,1.360000000000000000e+02,9.700000000000000000e+01,-7.100000000000000000e+01,4.000000000000000000e+00
-1.000000000000000000e+00,1.600000000000000000e+01,1.600000000000000000e+01,1.770000000000000000e+02,1.530000000000000000e+02,2.000000000000000000e+02,1.360000000000000000e+02,-9.200000000000000000e+01,7.100000000000000000e+01,4.000000000000000000e+00
1.000000000000000000e+00,1.600000000000000000e+01,1.600000000000000000e+01,2.410000000000000000e+02,1.180000000000000000e+02,2.160000000000000000e+02,1.360000000000000000e+02,1.000000000000000000e+02,-7.200000000000000000e+01,4.000000000000000000e+00
1.000000000000000000e+00,1.600000000000000000e+01,1.600000000000000000e+01,2.570000000000000000e+02,1.180000000000000000e+02,2.320000000000000000e+02,1.360000000000000000e+02,1.000000000000000000e+02,-7.200000000000000000e+01,4.000000000000000000e+00
1.000000000000000000e+00,8.000000000000000000e+00,1.600000000000000000e+01,2.690000000000000000e+02,9.800000000000000000e+01,2.440000000000000000e+02,1.360000000000000000e+02,1.000000000000000000e+02,-1.520000000000000000e+02,4.000000000000000000e+00
1.000000000000000000e+00,8.000000000000000000e+00,1.600000000000000000e+01,2.770000000000000000e+02,9.800000000000000000e+01,2.520000000000000000e+02,1.360000000000000000e+02,1.000000000000000000e+02,-1.520000000000000000e+02,4.000000000000000000e+00
1.000000000000000000e+00,1.600000000000000000e+01,1.600000000000000000e+01,2.840000000000000000e+02,1.120000000000000000e+02,2.640000000000000000e+02,1.360000000000000000e+02,8.000000000000000000e+01,-9.600000000000000000e+01,4.000000000000000000e+00
-1.000000000000000000e+00,1.600000000000000000e+01,1.600000000000000000e+01,2.570000000000000000e+02,1.520000000000000000e+02,2.800000000000000000e+02,1.360000000000000000e+02,-9.300000000000000000e+01,6.500000000000000000e+01,4.000000000000000000e+00
1.000000000000000000e+00,1.600000000000000000e+01,1.600000000000000000e+01,3.040000000000000000e+02,1.120000000000000000e+02,2.800000000000000000e+02,1.360000000000000000e+02,9.700000000000000000e+01,-9.700000000000000000e+01,4.000000000000000000e+00
-1.000000000000000000e+00,1.600000000000000000e+01,1.600000000000000000e+01,2.730000000000000000e+02,1.520000000000000000e+02,2.960000000000000000e+02,1.360000000000000000e+02,-9.500000000000000000e+01,6.500000000000000000e+01,4.000000000000000000e+00
-1.000000000000000000e+00,1.600000000000000000e+01,8.000000000000000000e+00,2.880000000000000000e+02,1.480000000000000000e+02,3.120000000000000000e+02,1.320000000000000000e+02,-9.800000000000000000e+01,6.500000000000000000e+01,4.000000000000000000e+00
-1.000000000000000000e+00,1.600000000000000000e+01,8.000000000000000000e+00,2.890000000000000000e+02,1.560000000000000000e+02,3.120000000000000000e+02,1.400000000000000000e+02,-9.500000000000000000e+01,6.500000000000000000e+01,4.000000000000000000e+00
-1.000000000000000000e+00,1.600000000000000000e+01,1.600000000000000000e+01,3.070000000000000000e+02,1.520000000000000000e+02,3.280000000000000000e+02,1.360000000000000000e+02,-8.500000000000000000e+01,6.500000000000000000e+01,4.000000000000000000e+00
-1.000000000000000000e+00,1.600000000000000000e+01,1.600000000000000000e+01,3.230000000000000000e+02,1.520000000000000000e+02,3.440000000000000000e+02,1.360000000000000000e+02,-8.400000000000000000e+01,6.500000000000000000e+01,4.000000000000000000e+00
1.000000000000000000e+00,1.600000000000000000e+01,1.600000000000000000e+01,3.880000000000000000e+02,1.150000000000000000e+02,3.600000000000000000e+02,1.360000000000000000e+02,1.120000000000000000e+02,-8.400000000000000000e+01,4.000000000000000000e+00
-1.000000000000000000e+00,1.600000000000000000e+01,1.600000000000000000e+01,3.550000000000000000e+02,1.560000000000000000e+02,3.760000000000000000e+02,1.360000000000000000e+02,-8.400000000000000000e+01,8.000000000000000000e+01,4.000000000000000000e+00
1.000000000000000000e+00,1.600000000000000000e+01,1.600000000000000000e+01,3.980000000000000000e+02,1.150000000000000000e+02,3.760000000000000000e+02,1.360000000000000000e+02,8.800000000000000000e+01,-8.400000000000000000e+01,4.000000000000000000e+00
-1.000000000000000000e+00,1.600000000000000000e+01,1.600000000000000000e+01,3.710000000000000000e+02,1.560000000000000000e+02,3.920000000000000000e+02,1.360000000000000000e+02,-8.400000000000000000e+01,8.000000000000000000e+01,4.000000000000000000e+00
-1.000000000000000000e+00,1.600000000000000000e+01,1.600000000000000000e+01,3.870000000000000000e+02,1.560000000000000000e+02,4.080000000000000000e+02,1.360000000000000000e+02,-8.400000000000000000e+01,8.000000000000000000e+01,4.000000000000000000e+00
1.000000000000000000e+00,1.600000000000000000e+01,1.600000000000000000e+01,4.300000000000000000e+02,1.160000000000000000e+02,4.080000000000000000e+02,1.360000000000000000e+02,8.800000000000000000e+01,-8.200000000000000000e+01,4.000000000000000000e+00
-1.000000000000000000e+00,1.600000000000000000e+01,1.600000000000000000e+01,4.030000000000000000e+02,1.560000000000000000e+02,4.240000000000000000e+02,1.360000000000000000e+02,-8.400000000000000000e+01,8.000000000000000000e+01,4.000000000000000000e+00
1.000000000000000000e+00,1.600000000000000000e+01,1.600000000000000000e+01,4.460000000000000000e+02,1.160000000000000000e+02,4.240000000000000000e+02,1.360000000000000000e+02,8.800000000000000000e+01,-8.200000000000000000e+01,4.000000000000000000e+00
1.000000000000000000e+00,1.600000000000000000e+01,1.600000000000000000e+01,4.540000000000000000e+02,1.200000000000000000e+02,4.400000000000000000e+02,1.360000000000000000e+02,5.900000000000000000e+01,-6.500000000000000000e+01,4.000000000000000000e+00
1.000000000000000000e+00,1.600000000000000000e+01,1.600000000000000000e+01,4.710000000000000000e+02,1.210000000000000000e+02,4.560000000000000000e+02,1.360000000000000000e+02,6.000000000000000000e+01,-6.100000000000000000e+01,4.000000000000000000e+00
1.000000000000000000e+00,1.600000000000000000e+01,1.600000000000000000e+01,4.870000000000000000e+02,1.210000000000000000e+02,4.720000000000000000e+02,1.360000000000000000e+02,6.100000000000000000e+01,-6.100000000000000000e+01,4.000000000000000000e+00
1.000000000000000000e+00,1.600000000000000000e+01,1.600000000000000000e+01,5.030000000000000000e+02,1.210000000000000000e+02,4.880000000000000000e+02,1.360000000000000000e+02,6.100000000000000000e+01,-6.100000000000000000e+01,4.000000000000000000e+00
-1.000000000000000000e+00,8.000000000000000000e+00,1.600000000000000000e+01,5.000000000000000000e+02,1.360000000000000000e+02,5.000000000000000000e+02,1.360000000000000000e+02,0.000000000000000000e+00,0.000000000000000000e+00,4.000000000000000000e+00
-1.000000000000000000e+00,8.000000000000000000e+00,1.600000000000000000e+01,5.080000000000000000e+02,1.440000000000000000e+02,5.080000000000000000e+02,1.360000000000000000e+02,0.000000000000000000e+00,3.200000000000000000e+01,4.000000000000000000e+00
1.000000000000000000e+00,8.000000000000000000e+00,1.600000000000000000e+01,5.150000000000000000e+02,1.210000000000000000e+02,5.000000000000000000e+02,1.360000000000000000e+02,6.100000000000000000e+01,-6.100000000000000000e+01,4.000000000000000000e+00
1.000000000000000000e+00,8.000000000000000000e+00,1.600000000000000000e+01,5.080000000000000000e+02,1.360000000000000000e+02,5.080000000000000000e+02,1.360000000000000000e+02,0.000000000000000000e+00,0.000000000000000000e+00,4.000000000000000000e+00
-1.000000000000000000e+00,1.600000000000000000e+01,1.600000000000000000e+01,5.200000000000000000e+02,1.310000000000000000e+02,5.200000000000000000e+02,1.360000000000000000e+02,0.000000000000000000e+00,-2.100000000000000000e+01,4.000000000000000000e+00
1.000000000000000000e+00,1.600000000000000000e+01,1.600000000000000000e+01,5.840000000000000000e+02,1.190000000000000000e+02,5.360000000000000000e+02,1.360000000000000000e+02,1.920000000000000000e+02,-6.900000000000000000e+01,4.000000000000000000e+00
1.000000000000000000e+00,1.600000000000000000e+01,1.600000000000000000e+01,5.910000000000000000e+02,1.200000000000000000e+02,5.520000000000000000e+02,1.360000000000000000e+02,1.560000000000000000e+02,-6.700000000000000000e+01,4.000000000000000000e+00
1.000000000000000000e+00,1.600000000000000000e+01,1.600000000000000000e+01,6.360000000000000000e+02,1.180000000000000000e+02,6.160000000000000000e+02,1.360000000000000000e+02,8.000000000000000000e+01,-7.200000000000000000e+01,4.000000000000000000e+00
1.000000000000000000e+00,1.600000000000000000e+01,1.600000000000000000e+01,6.520000000000000000e+02,1.180000000000000000e+02,6.320000000000000000e+02,1.360000000000000000e+02,8.000000000000000000e+01,-7.200000000000000000e+01,4.000000000000000000e+00
-1.000000000000000000e+00,1.600000000000000000e+01,1.600000000000000000e+01,6.460000000000000000e+02,1.520000000000000000e+02,6.480000000000000000e+02,1.360000000000000000e+02,-1.000000000000000000e+01,6.500000000000000000e+01,4.000000000000000000e+00
1.000000000000000000e+00,1.600000000000000000e+01,1.600000000000000000e+01,6.640000000000000000e+02,1.200000000000000000e+02,6.480000000000000000e+02,1.360000000000000000e+02,6.500000000000000000e+01,-6.400000000000000000e+01,4.000000000000000000e+00
-1.000000000000000000e+00,1.600000000000000000e+01,1.600000000000000000e+01,6.500000000000000000e+02,1.530000000000000000e+02,6.640000000000000000e+02,1.360000000000000000e+02,-5.600000000000000000e+01,6.900000000000000000e+01,4.000000000000000000e+00
1.000000000000000000e+00,1.600000000000000000e+01,1.600000000000000000e+01,6.800000000000000000e+02,1.200000000000000000e+02,6.640000000000000000e+02,1.360000000000000000e+02,6.500000000000000000e+01,-6.400000000000000000e+01,4.000000000000000000e+00
-1.000000000000000000e+00,1.600000000000000000e+01,1.600000000000000000e+01,6.660000000000000000e+02,1.530000000000000000e+02,6.800000000000000000e+02,1.360000000000000000e+02,-5.600000000000000000e+01,6.900000000000000000e+01,4.000000000000000000e+00
1.000000000000000000e+00,1.600000000000000000e+01,1.600000000000000000e+01,6.960000000000000000e+02,1.200000000000000000e+02,6.800000000000000000e+02,1.360000000000000000e+02,6.500000000000000000e+01,-6.400000000000000000e+01,4.000000000000000000e+00
1.000000000000000000e+00,1.600000000000000000e+01,1.600000000000000000e+01,7.110000000000000000e+02,1.200000000000000000e+02,6.960000000000000000e+02,1.360000000000000000e+02,6.300000000000000000e+01,-6.400000000000000000e+01,4.000000000000000000e+00
1.000000000000000000e+00,1.600000000000000000e+01,1.600000000000000000e+01,7.420000000000000000e+02,1.200000000000000000e+02,7.280000000000000000e+02,1.360000000000000000e+02,5.600000000000000000e+01,-6.400000000000000000e+01,4.000000000000000000e+00
1.000000000000000000e+00,1.600000000000000000e+01,1.600000000000000000e+01,7.940000000000000000e+02,1.160000000000000000e+02,7.600000000000000000e+02,1.360000000000000000e+02,1.370000000000000000e+02,-8.000000000000000000e+01,4.000000000000000000e+00
1.000000000000000000e+00,1.600000000000000000e+01,1.600000000000000000e+01,7.970000000000000000e+02,1.110000000000000000e+02,7.760000000000000000e+02,1.360000000000000000e+02,8.400000000000000000e+01,-1.020000000000000000e+02,4.000000000000000000e+00
1.000000000000000000e+00,1.600000000000000000e+01,1.600000000000000000e+01,8.130000000000000000e+02,1.110000000000000000e+02,7.920000000000000000e+02,1.360000000000000000e+02,8.400000000000000000e+01,-1.020000000000000000e+02,4.000000000000000000e+00
1.000000000000000000e+00,1.600000000000000000e+01,1.600000000000000000e+01,8.260000000000000000e+02,1.180000000000000000e+02,8.080000000000000000e+02,1.360000000000000000e+02,7.200000000000000000e+01,-7.200000000000000000e+01,4.000000000000000000e+00
1.000000000000000000e+00,1.600000000000000000e+01,1.600000000000000000e+01,8.380000000000000000e+02,1.210000000000000000e+02,8.240000000000000000e+02,1.360000000000000000e+02,5.600000000000000000e+01,-6.300000000000000000e+01,4.000000000000000000e+00
-1.000000000000000000e+00,1.600000000000000000e+01,1.600000000000000000e+01,8.220000000000000000e+02,1.520000000000000000e+02,8.400000000000000000e+02,1.360000000000000000e+02,-7.300000000000000000e+01,6.500000000000000000e+01,4.000000000000000000e+00
1.000000000000000000e+00,1.600000000000000000e+01,1.600000000000000000e+01,8.540000000000000000e+02,1.210000000000000000e+02,8.400000000000000000e+02,1.360000000000000000e+02,5.600000000000000000e+01,-6.300000000000000000e+01,4.000000000000000000e+00
-1.000000000000000000e+00,1.600000000000000000e+01,1.600000000000000000e+01,8.390000000000000000e+02,1.480000000000000000e+02,8.560000000000000000e+02,1.360000000000000000e+02,-6.800000000000000000e+01,5.100000000000000000e+01,4.000000000000000000e+00
1.000000000000000000e+00,1.600000000000000000e+01,1.600000000000000000e+01,9.080000000000000000e+02,1.240000000000000000e+02,8.880000000000000000e+02,1.360000000000000000e+02,8.000000000000000000e+01,-4.800000000000000000e+01,4.000000000000000000e+00
1.000000000000000000e+00,1.600000000000000000e+01,1.600000000000000000e+01,9.290000000000000000e+02,1.150000000000000000e+02,9.040000000000000000e+02,1.360000000000000000e+02,1.000000000000000000e+02,-8.500000000000000000e+01,4.000000000000000000e+00
-1.000000000000000000e+00,1.600000000000000000e+01,1.600000000000000000e+01,8.970000000000000000e+02,1.570000000000000000e+02,9.200000000000000000e+02,1.360000000000000000e+02,-9.500000000000000000e+01,8.500000000000000000e+01,4.000000000000000000e+00
1.000000000000000000e+00,1.600000000000000000e+01,1.600000000000000000e+01,9.450000000000000000e+02,1.150000000000000000e+02,9.200000000000000000e+02,1.360000000000000000e+02,1.030000000000000000e+02,-8.500000000000000000e+01,4.000000000000000000e+00
-1.000000000000000000e+00,1.600000000000000000e+01,1.600000000000000000e+01,9.130000000000000000e+02,1.570000000000000000e+02,9.360000000000000000e+02,1.360000000000000000e+02,-9.500000000000000000e+01,8.500000000000000000e+01,4.000000000000000000e+00
1.000000000000000000e+00,1.600000000000000000e+01,1.600000000000000000e+01,9.620000000000000000e+02,1.150000000000000000e+02,9.360000000000000000e+02,1.360000000000000000e+02,1.040000000000000000e+02,-8.400000000000000000e+01,4.000000000000000000e+00
-1.000000000000000000e+00,1.600000000000000000e+01,1.600000000000000000e+01,9.290000000000000000e+02,1.570000000000000000e+02,9.520000000000000000e+02,1.360000000000000000e+02,-9.500000000000000000e+01,8.500000000000000000e+01,4.000000000000000000e+00
1.000000000000000000e+00,1.600000000000000000e+01,1.600000000000000000e+01,9.780000000000000000e+02,1.160000000000000000e+02,9.520000000000000000e+02,1.360000000000000000e+02,1.040000000000000000e+02,-8.000000000000000000e+01,4.000000000000000000e+00
1.000000000000000000e+00,1.600000000000000000e+01,1.600000000000000000e+01,9.940000000000000000e+02,1.160000000000000000e+02,9.680000000000000000e+02,1.360000000000000000e+02,1.040000000000000000e+02,-8.000000000000000000e+01,4.000000000000000000e+00
1.000000000000000000e+00,1.600000000000000000e+01,1.600000000000000000e+01,1.010000000000000000e+03,1.160000000000000000e+02,9.840000000000000000e+02,1.360000000000000000e+02,1.050000000000000000e+02,-8.100000000000000000e+01,4.000000000000000000e+00
1.000000000000000000e+00,8.000000000000000000e+00,1.600000000000000000e+01,1.022000000000000000e+03,1.160000000000000000e+02,9.960000000000000000e+02,1.360000000000000000e+02,1.050000000000000000e+02,-8.200000000000000000e+01,4.000000000000000000e+00
1.000000000000000000e+00,8.000000000000000000e+00,1.600000000000000000e+01,1.030000000000000000e+03,1.160000000000000000e+02,1.004000000000000000e+03,1.360000000000000000e+02,1.040000000000000000e+02,-8.200000000000000000e+01,4.000000000000000000e+00
1.000000000000000000e+00,1.600000000000000000e+01,1.600000000000000000e+01,1.041000000000000000e+03,1.160000000000000000e+02,1.016000000000000000e+03,1.360000000000000000e+02,1.030000000000000000e+02,-8.100000000000000000e+01,4.000000000000000000e+00
-1.000000000000000000e+00,1.600000000000000000e+01,1.600000000000000000e+01,1.032000000000000000e+03,1.360000000000000000e+02,1.032000000000000000e+03,1.360000000000000000e+02,0.000000000000000000e+00,0.000000000000000000e+00,4.000000000000000000e+00
1.000000000000000000e+00,1.600000000000000000e+01,1.600000000000000000e+01,1.057000000000000000e+03,1.160000000000000000e+02,1.032000000000000000e+03,1.360000000000000000e+02,1.030000000000000000e+02,-8.100000000000000000e+01,4.000000000000000000e+00
-1.000000000000000000e+00,1.600000000000000000e+01,1.600000000000000000e+01,1.048000000000000000e+03,1.360000000000000000e+02,1.048000000000000000e+03,1.360000000000000000e+02,0.000000000000000000e+00,0.000000000000000000e+00,4.000000000000000000e+00
-1.000000000000000000e+00,1.600000000000000000e+01,1.600000000000000000e+01,1.064000000000000000e+03,1.360000000000000000e+02,1.064000000000000000e+03,1.360000000000000000e+02,0.000000000000000000e+00,0.000000000000000000e+00,4.000000000000000000e+00
1.000000000000000000e+00,1.600000000000000000e+01,1.600000000000000000e+01,1.064000000000000000e+03,1.360000000000000000e+02,1.064000000000000000e+03,1.360000000000000000e+02,0.000000000000000000e+00,0.000000000000000000e+00,4.000000000000000000e+00
-1.000000000000000000e+00,1.600000000000000000e+01,1.600000000000000000e+01,1.080000000000000000e+03,1.360000000000000000e+02,1.080000000000000000e+03,1.360000000000000000e+02,0.000000000000000000e+00,0.000000000000000000e+00,4.000000000000000000e+00
1.000000000000000000e+00,1.600000000000000000e+01,1.600000000000000000e+01,1.080000000000000000e+03,1.360000000000000000e+02,1.080000000000000000e+03,1.360000000000000000e+02,0.000000000000000000e+00,0.000000000000000000e+00,4.000000000000000000e+00
-1.000000000000000000e+00,1.600000000000000000e+01,1.600000000000000000e+01,1.096000000000000000e+03,1.360000000000000000e+02,1.096000000000000000e+03,1.360000000000000000e+02,0.000000000000000000e+00,0.000000000000000000e+00,4.000000000000000000e+00
1.000000000000000000e+00,1.600000000000000000e+01,1.600000000000000000e+01,1.096000000000000000e+03,1.360000000000000000e+02,1.096000000000000000e+03,1.360000000000000000e+02,0.000000000000000000e+00,0.000000000000000000e+00,4.000000000000000000e+00
-1.000000000000000000e+00,1.600000000000000000e+01,1.600000000000000000e+01,1.112000000000000000e+03,1.360000000000000000e+02,1.112000000000000000e+03,1.360000000000000000e+02,0.000000000000000000e+00,0.000000000000000000e+00,4.000000000000000000e+00
1.000000000000000000e+00,1.600000000000000000e+01,1.600000000000000000e+01,1.112000000000000000e+03,1.360000000000000000e+02,1.112000000000000000e+03,1.360000000000000000e+02,0.000000000000000000e+00,0.000000000000000000e+00,4.000000000000000000e+00
-1.000000000000000000e+00,1.600000000000000000e+01,1.600000000000000000e+01,1.128000000000000000e+03,1.360000000000000000e+02,1.128000000000000000e+03,1.360000000000000000e+02,0.000000000000000000e+00,0.000000000000000000e+00,4.000000000000000000e+00
1.000000000000000000e+00,1.600000000000000000e+01,1.600000000000000000e+01,1.128000000000000000e+03,1.360000000000000000e+02,1.128000000000000000e+03,1.360000000000000000e+02,0.000000000000000000e+00,0.000000000000000000e+00,4.000000000000000000e+00
-1.000000000000000000e+00,1.600000000000000000e+01,1.600000000000000000e+01,1.144000000000000000e+03,1.360000000000000000e+02,1.144000000000000000e+03,1.360000000000000000e+02,0.000000000000000000e+00,0.000000000000000000e+00,4.000000000000000000e+00
1.000000000000000000e+00,1.600000000000000000e+01,1.600000000000000000e+01,1.144000000000000000e+03,1.360000000000000000e+02,1.144000000000000000e+03,1.360000000000000000e+02,0.000000000000000000e+00,0.000000000000000000e+00,4.000000000000000000e+00
-1.000000000000000000e+00,1.600000000000000000e+01,1.600000000000000000e+01,1.160000000000000000e+03,1.360000000000000000e+02,1.160000000000000000e+03,1.360000000000000000e+02,0.000000000000000000e+00,0.000000000000000000e+00,4.000000000000000000e+00
1.000000000000000000e+00,1.600000000000000000e+01,1.600000000000000000e+01,1.160000000000000000e+03,1.360000000000000000e+02,1.160000000000000000e+03,1.360000000000000000e+02,0.000000000000000000e+00,0.000000000000000000e+00,4.000000000000000000e+00
-1.000000000000000000e+00,1.600000000000000000e+01,1.600000000000000000e+01,1.176000000000000000e+03,1.360000000000000000e+02,1.176000000000000000e+03,1.360000000000000000e+02,0.000000000000000000e+00,0.000000000000000000e+00,4.000000000000000000e+00
1.000000000000000000e+00,1.600000000000000000e+01,1.600000000000000000e+01,1.176000000000000000e+03,1.360000000000000000e+02,1.176000000000000000e+03,1.360000000000000000e+02,0.000000000000000000e+00,0.000000000000000000e+00,4.000000000000000000e+00
-1.000000000000000000e+00,1.600000000000000000e+01,1.600000000000000000e+01,1.192000000000000000e+03,1.360000000000000000e+02,1.192000000000000000e+03,1.360000000000000000e+02,0.000000000000000000e+00,0.000000000000000000e+00,4.000000000000000000e+00
1.000000000000000000e+00,1.600000000000000000e+01,1.600000000000000000e+01,1.192000000000000000e+03,1.360000000000000000e+02,1.192000000000000000e+03,1.360000000000000000e+02,0.000000000000000000e+00,0.000000000000000000e+00,4.000000000000000000e+00
-1.000000000000000000e+00,1.600000000000000000e+01,1.600000000000000000e+01,1.224000000000000000e+03,1.360000000000000000e+02,1.224000000000000000e+03,1.360000000000000000e+02,0.000000000000000000e+00,0.000000000000000000e+00,4.000000000000000000e+00
1.000000000000000000e+00,1.600000000000000000e+01,1.600000000000000000e+01,1.224000000000000000e+03,1.360000000000000000e+02,1.224000000000000000e+03,1.360000000000000000e+02,0.000000000000000000e+00,0.000000000000000000e+00,4.000000000000000000e+00
1.000000000000000000e+00,1.600000000000000000e+01,1.600000000000000000e+01,1.240000000000000000e+03,1.360000000000000000e+02,1.240000000000000000e+03,1.360000000000000000e+02,0.000000000000000000e+00,0.000000000000000000e+00,4.000000000000000000e+00
1.000000000000000000e+00,1.600000000000000000e+01,1.600000000000000000e+01,1.256000000000000000e+03,1.360000000000000000e+02,1.256000000000000000e+03,1.360000000000000000e+02,0.000000000000000000e+00,0.000000000000000000e+00,4.000000000000000000e+00
1.000000000000000000e+00,1.600000000000000000e+01,1.600000000000000000e+01,3.600000000000000000e+01,1.350000000000000000e+02,8.000000000000000000e+00,1.520000000000000000e+02,1.120000000000000000e+02,-7.100000000000000000e+01,4.000000000000000000e+00
1.000000000000000000e+00,1.600000000000000000e+01,1.600000000000000000e+01,5.200000000000000000e+01,1.350000000000000000e+02,2.400000000000000000e+01,1.520000000000000000e+02,1.120000000000000000e+02,-7.100000000000000000e+01,4.000000000000000000e+00
1.000000000000000000e+00,1.600000000000000000e+01,1.600000000000000000e+01,6.600000000000000000e+01,1.350000000000000000e+02,4.000000000000000000e+01,1.520000000000000000e+02,1.040000000000000000e+02,-7.100000000000000000e+01,4.000000000000000000e+00
1.000000000000000000e+00,1.600000000000000000e+01,1.600000000000000000e+01,8.200000000000000000e+01,1.350000000000000000e+02,5.600000000000000000e+01,1.520000000000000000e+02,1.040000000000000000e+02,-7.100000000000000000e+01,4.000000000000000000e+00
-1.000000000000000000e+00,1.600000000000000000e+01,1.600000000000000000e+01,4.300000000000000000e+01,1.520000000000000000e+02,7.200000000000000000e+01,1.520000000000000000e+02,-1.160000000000000000e+02,0.000000000000000000e+00,4.000000000000000000e+00
1.000000000000000000e+00,1.600000000000000000e+01,1.600000000000000000e+01,9.700000000000000000e+01,1.350000000000000000e+02,7.200000000000000000e+01,1.520000000000000000e+02,1.030000000000000000e+02,-7.100000000000000000e+01,4.000000000000000000e+00
1.000000000000000000e+00,1.600000000000000000e+01,1.600000000000000000e+01,1.130000000000000000e+02,1.320000000000000000e+02,8.800000000000000000e+01,1.520000000000000000e+02,1.030000000000000000e+02,-8.000000000000000000e+01,4.000000000000000000e+00
-1.000000000000000000e+00,1.600000000000000000e+01,1.600000000000000000e+01,8.300000000000000000e+01,1.700000000000000000e+02,1.040000000000000000e+02,1.520000000000000000e+02,-8.500000000000000000e+01,7.200000000000000000e+01,4.000000000000000000e+00
1.000000000000000000e+00,1.600000000000000000e+01,1.600000000000000000e+01,1.290000000000000000e+02,1.320000000000000000e+02,1.040000000000000000e+02,1.520000000000000000e+02,1.000000000000000000e+02,-8.200000000000000000e+01,4.000000000000000000e+00
-1.000000000000000000e+00,1.600000000000000000e+01,1.600000000000000000e+01,9.900000000000000000e+01,1.700000000000000000e+02,1.200000000000000000e+02,1.520000000000000000e+02,-8.500000000000000000e+01,7.200000000000000000e+01,4.000000000000000000e+00
1.000000000000000000e+00,1.600000000000000000e+01,1.600000000000000000e+01,1.450000000000000000e+02,1.320000000000000000e+02,1.200000000000000000e+02,1.520000000000000000e+02,1.000000000000000000e+02,-8.200000000000000000e+01,4.000000000000000000e+00
-1.000000000000000000e+00,1.600000000000000000e+01,1.600000000000000000e+01,1.150000000000000000e+02,1.700000000000000000e+02,1.360000000000000000e+02,1.520000000000000000e+02,-8.500000000000000000e+01,7.200000000000000000e+01,4.000000000000000000e+00
1.000000000000000000e+00,1.600000000000000000e+01,1.600000000000000000e+01,1.600000000000000000e+02,1.320000000000000000e+02,1.360000000000000000e+02,1.520000000000000000e+02,9.800000000000000000e+01,-8.000000000000000000e+01,4.000000000000000000e+00
1.000000000000000000e+00,1.600000000000000000e+01,1.600000000000000000e+01,1.760000000000000000e+02,1.320000000000000000e+02,1.520000000000000000e+02,1.520000000000000000e+02,9.800000000000000000e+01,-8.000000000000000000e+01,4.000000000000000000e+00
-1.000000000000000000e+00,1.600000000000000000e+01,1.600000000000000000e+01,1.470000000000000000e+02,1.700000000000000000e+02,1.680000000000000000e+02,1.520000000000000000e+02,-8.500000000000000000e+01,7.200000000000000000e+01,4.000000000000000000e+00
1.000000000000000000e+00,1.600000000000000000e+01,1.600000000000000000e+01,1.920000000000000000e+02,1.350000000000000000e+02,1.680000000000000000e+02,1.520000000000000000e+02,9.700000000000000000e+01,-7.100000000000000000e+01,4.000000000000000000e+00
-1.000000000000000000e+00,1.600000000000000000e+01,1.600000000000000000e+01,1.630000000000000000e+02,1.700000000000000000e+02,1.840000000000000000e+02,1.520000000000000000e+02,-8.500000000000000000e+01,7.200000000000000000e+01,4.000000000000000000e+00
1.000000000000000000e+00,1.600000000000000000e+01,1.600000000000000000e+01,2.080000000000000000e+02,1.350000000000000000e+02,1.840000000000000000e+02,1.520000000000000000e+02,9.700000000000000000e+01,-7.100000000000000000e+01,4.000000000000000000e+00
1.000000000000000000e+00,1.600000000000000000e+01,1.600000000000000000e+01,2.410000000000000000e+02,1.340000000000000000e+02,2.160000000000000000e+02,1.520000000000000000e+02,1.010000000000000000e+02,-7.200000000000000000e+01,4.000000000000000000e+00
1.000000000000000000e+00,1.600000000000000000e+01,1.600000000000000000e+01,2.570000000000000000e+02,1.340000000000000000e+02,2.320000000000000000e+02,1.520000000000000000e+02,1.000000000000000000e+02,-7.200000000000000000e+01,4.000000000000000000e+00
1.000000000000000000e+00,1.600000000000000000e+01,1.600000000000000000e+01,2.730000000000000000e+02,1.280000000000000000e+02,2.480000000000000000e+02,1.520000000000000000e+02,1.000000000000000000e+02,-9.600000000000000000e+01,4.000000000000000000e+00
1.000000000000000000e+00,1.600000000000000000e+01,8.000000000000000000e+00,2.850000000000000000e+02,1.240000000000000000e+02,2.640000000000000000e+02,1.480000000000000000e+02,8.500000000000000000e+01,-9.600000000000000000e+01,4.000000000000000000e+00
1.000000000000000000e+00,1.600000000000000000e+01,8.000000000000000000e+00,2.830000000000000000e+02,1.320000000000000000e+02,2.640000000000000000e+02,1.560000000000000000e+02,7.600000000000000000e+01,-9.600000000000000000e+01,4.000000000000000000e+00
-1.000000000000000000e+00,1.600000000000000000e+01,1.600000000000000000e+01,2.570000000000000000e+02,1.680000000000000000e+02,2.800000000000000000e+02,1.520000000000000000e+02,-9.300000000000000000e+01,6.500000000000000000e+01,4.000000000000000000e+00
1.000000000000000000e+00,1.600000000000000000e+01,1.600000000000000000e+01,3.040000000000000000e+02,1.280000000000000000e+02,2.800000000000000000e+02,1.520000000000000000e+02,9.900000000000000000e+01,-9.600000000000000000e+01,4.000000000000000000e+00
-1.000000000000000000e+00,1.600000000000000000e+01,1.600000000000000000e+01,2.730000000000000000e+02,1.680000000000000000e+02,2.960000000000000000e+02,1.520000000000000000e+02,-9.500000000000000000e+01,6.500000000000000000e+01,4.000000000000000000e+00
1.000000000000000000e+00,1.600000000000000000e+01,1.600000000000000000e+01,3.200000000000000000e+02,1.280000000000000000e+02,2.960000000000000000e+02,1.520000000000000000e+02,9.900000000000000000e+01,-9.600000000000000000e+01,4.000000000000000000e+00
1.000000000000000000e+00,1.600000000000000000e+01,1.600000000000000000e+01,3.360000000000000000e+02,1.280000000000000000e+02,3.120000000000000000e+02,1.520000000000000000e+02,9.600000000000000000e+01,-9.600000000000000000e+01,4.000000000000000000e+00
-1.000000000000000000e+00,1.600000000000000000e+01,1.600000000000000000e+01,3.230000000000000000e+02,1.680000000000000000e+02,3.440000000000000000e+02,1.520000000000000000e+02,-8.400000000000000000e+01,6.500000000000000000e+01,4.000000000000000000e+00
1.000000000000000000e+00,1.600000000000000000e+01,1.600000000000000000e+01,3.810000000000000000e+02,1.320000000000000000e+02,3.600000000000000000e+02,1.520000000000000000e+02,8.700000000000000000e+01,-8.300000000000000000e+01,4.000000000000000000e+00
-1.000000000000000000e+00,1.600000000000000000e+01,1.600000000000000000e+01,3.550000000000000000e+02,1.720000000000000000e+02,3.760000000000000000e+02,1.520000000000000000e+02,-8.400000000000000000e+01,8.000000000000000000e+01,4.000000000000000000e+00
1.000000000000000000e+00,1.600000000000000000e+01,1.600000000000000000e+01,3.970000000000000000e+02,1.320000000000000000e+02,3.760000000000000000e+02,1.520000000000000000e+02,8.700000000000000000e+01,-8.300000000000000000e+01,4.000000000000000000e+00
-1.000000000000000000e+00,1.600000000000000000e+01,1.600000000000000000e+01,3.710000000000000000e+02,1.720000000000000000e+02,3.920000000000000000e+02,1.520000000000000000e+02,-8.400000000000000000e+01,8.000000000000000000e+01,4.000000000000000000e+00
1.000000000000000000e+00,1.600000000000000000e+01,1.600000000000000000e+01,4.130000000000000000e+02,1.320000000000000000e+02,3.920000000000000000e+02,1.520000000000000000e+02,8.700000000000000000e+01,-8.200000000000000000e+01,4.000000000000000000e+00
-1.000000000000000000e+00,1.600000000000000000e+01,1.600000000000000000e+01,3.870000000000000000e+02,1.720000000000000000e+02,4.080000000000000000e+02,1.520000000000000000e+02,-8.400000000000000000e+01,8.000000000000000000e+01,4.000000000000000000e+00
1.000000000000000000e+00,1.600000000000000000e+01,1.600000000000000000e+01,4.300000000000000000e+02,1.320000000000000000e+02,4.080000000000000000e+02,1.520000000000000000e+02,8.800000000000000000e+01,-8.200000000000000000e+01,4.000000000000000000e+00
-1.000000000000000000e+00,1.600000000000000000e+01,1.600000000000000000e+01,4.030000000000000000e+02,1.720000000000000000e+02,4.240000000000000000e+02,1.520000000000000000e+02,-8.400000000000000000e+01,8.000000000000000000e+01,4.000000000000000000e+00
1.000000000000000000e+00,1.600000000000000000e+01,1.600000000000000000e+01,4.460000000000000000e+02,1.320000000000000000e+02,4.240000000000000000e+02,1.520000000000000000e+02,8.800000000000000000e+01,-8.200000000000000000e+01,4.000000000000000000e+00
-1.000000000000000000e+00,1.600000000000000000e+01,1.600000000000000000e+01,4.190000000000000000e+02,1.720000000000000000e+02,4.400000000000000000e+02,1.520000000000000000e+02,-8.400000000000000000e+01,8.000000000000000000e+01,4.000000000000000000e+00
1.000000000000000000e+00,1.600000000000000000e+01,1.600000000000000000e+01,4.550000000000000000e+02,1.360000000000000000e+02,4.400000000000000000e+02,1.520000000000000000e+02,6.000000000000000000e+01,-6.500000000000000000e+01,4.000000000000000000e+00
-1.000000000000000000e+00,1.600000000000000000e+01,1.600000000000000000e+01,4.350000000000000000e+02,1.720000000000000000e+02,4.560000000000000000e+02,1.520000000000000000e+02,-8.400000000000000000e+01,8.000000000000000000e+01,4.000000000000000000e+00
1.000000000000000000e+00,1.600000000000000000e+01,1.600000000000000000e+01,4.860000000000000000e+02,1.370000000000000000e+02,4.720000000000000000e+02,1.520000000000000000e+02,5.800000000000000000e+01,-6.100000000000000000e+01,4.000000000000000000e+00
1.000000000000000000e+00,1.600000000000000000e+01,1.600000000000000000e+01,5.020000000000000000e+02,1.370000000000000000e+02,4.880000000000000000e+02,1.520000000000000000e+02,5.900000000000000000e+01,-6.100000000000000000e+01,4.000000000000000000e+00
1.000000000000000000e+00,1.600000000000000000e+01,1.600000000000000000e+01,5.180000000000000000e+02,1.370000000000000000e+02,5.040000000000000000e+02,1.520000000000000000e+02,5.800000000000000000e+01,-6.100000000000000000e+01,4.000000000000000000e+00
-1.000000000000000000e+00,1.600000000000000000e+01,8.000000000000000000e+00,5.490000000000000000e+02,1.620000000000000000e+02,5.520000000000000000e+02,1.480000000000000000e+02,-1.200000000000000000e+01,5.600000000000000000e+01,4.000000000000000000e+00
-1.000000000000000000e+00,1.600000000000000000e+01,8.000000000000000000e+00,5.450000000000000000e+02,1.700000000000000000e+02,5.520000000000000000e+02,1.560000000000000000e+02,-2.800000000000000000e+01,5.600000000000000000e+01,4.000000000000000000e+00
1.000000000000000000e+00,1.600000000000000000e+01,1.600000000000000000e+01,6.360000000000000000e+02,1.320000000000000000e+02,6.160000000000000000e+02,1.520000000000000000e+02,8.000000000000000000e+01,-8.300000000000000000e+01,4.000000000000000000e+00
1.000000000000000000e+00,1.600000000000000000e+01,1.600000000000000000e+01,6.770000000000000000e+02,1.500000000000000000e+02,6.640000000000000000e+02,1.520000000000000000e+02,5.500000000000000000e+01,-8.000000000000000000e+00,4.000000000000000000e+00
1.000000000000000000e+00,1.600000000000000000e+01,1.600000000000000000e+01,7.080000000000000000e+02,1.360000000000000000e+02,6.960000000000000000e+02,1.520000000000000000e+02,5.100000000000000000e+01,-6.400000000000000000e+01,4.000000000000000000e+00
1.000000000000000000e+00,1.600000000000000000e+01,1.600000000000000000e+01,7.270000000000000000e+02,1.360000000000000000e+02,7.120000000000000000e+02,1.520000000000000000e+02,6.100000000000000000e+01,-6.400000000000000000e+01,4.000000000000000000e+00
-1.000000000000000000e+00,1.600000000000000000e+01,1.600000000000000000e+01,8.060000000000000000e+02,1.680000000000000000e+02,8.240000000000000000e+02,1.520000000000000000e+02,-7.300000000000000000e+01,6.500000000000000000e+01,4.000000000000000000e+00
1.000000000000000000e+00,1.600000000000000000e+01,1.600000000000000000e+01,8.380000000000000000e+02,1.370000000000000000e+02,8.240000000000000000e+02,1.520000000000000000e+02,5.600000000000000000e+01,-6.300000000000000000e+01,4.000000000000000000e+00
-1.000000000000000000e+00,1.600000000000000000e+01,1.600000000000000000e+01,8.220000000000000000e+02,1.680000000000000000e+02,8.400000000000000000e+02,1.520000000000000000e+02,-7.300000000000000000e+01,6.500000000000000000e+01,4.000000000000000000e+00
1.000000000000000000e+00,1.600000000000000000e+01,1.600000000000000000e+01,8.540000000000000000e+02,1.370000000000000000e+02,8.400000000000000000e+02,1.520000000000000000e+02,5.600000000000000000e+01,-6.300000000000000000e+01,4.000000000000000000e+00
-1.000000000000000000e+00,1.600000000000000000e+01,1.600000000000000000e+01,8.390000000000000000e+02,1.640000000000000000e+02,8.560000000000000000e+02,1.520000000000000000e+02,-6.800000000000000000e+01,5.100000000000000000e+01,4.000000000000000000e+00
1.000000000000000000e+00,1.600000000000000000e+01,1.600000000000000000e+01,8.700000000000000000e+02,1.370000000000000000e+02,8.560000000000000000e+02,1.520000000000000000e+02,5.600000000000000000e+01,-6.300000000000000000e+01,4.000000000000000000e+00
-1.000000000000000000e+00,1.600000000000000000e+01,1.600000000000000000e+01,8.550000000000000000e+02,1.640000000000000000e+02,8.720000000000000000e+02,1.520000000000000000e+02,-6.800000000000000000e+01,5.100000000000000000e+01,4.000000000000000000e+00
1.000000000000000000e+00,1.600000000000000000e+01,1.600000000000000000e+01,8.860000000000000000e+02,1.400000000000000000e+02,8.720000000000000000e+02,1.520000000000000000e+02,5.600000000000000000e+01,-4.800000000000000000e+01,4.000000000000000000e+00
1.000000000000000000e+00,1.600000000000000000e+01,1.600000000000000000e+01,9.090000000000000000e+02,1.410000000000000000e+02,8.880000000000000000e+02,1.520000000000000000e+02,8.500000000000000000e+01,-4.700000000000000000e+01,4.000000000000000000e+00
-1.000000000000000000e+00,1.600000000000000000e+01,1.600000000000000000e+01,8.810000000000000000e+02,1.730000000000000000e+02,9.040000000000000000e+02,1.520000000000000000e+02,-9.500000000000000000e+01,8.500000000000000000e+01,4.000000000000000000e+00
1.000000000000000000e+00,1.600000000000000000e+01,1.600000000000000000e+01,9.290000000000000000e+02,1.310000000000000000e+02,9.040000000000000000e+02,1.520000000000000000e+02,1.000000000000000000e+02,-8.500000000000000000e+01,4.000000000000000000e+00
-1.000000000000000000e+00,1.600000000000000000e+01,1.600000000000000000e+01,8.970000000000000000e+02,1.730000000000000000e+02,9.200000000000000000e+02,1.520000000000000000e+02,-9.500000000000000000e+01,8.500000000000000000e+01,4.000000000000000000e+00
1.000000000000000000e+00,1.600000000000000000e+01,1.600000000000000000e+01,9.450000000000000000e+02,1.310000000000000000e+02,9.200000000000000000e+02,1.520000000000000000e+02,1.030000000000000000e+02,-8.500000000000000000e+01,4.000000000000000000e+00
-1.000000000000000000e+00,1.600000000000000000e+01,1.600000000000000000e+01,9.130000000000000000e+02,1.730000000000000000e+02,9.360000000000000000e+02,1.520000000000000000e+02,-9.500000000000000000e+01,8.500000000000000000e+01,4.000000000000000000e+00
1.000000000000000000e+00,1.600000000000000000e+01,1.600000000000000000e+01,9.620000000000000000e+02,1.310000000000000000e+02,9.360000000000000000e+02,1.520000000000000000e+02,1.040000000000000000e+02,-8.400000000000000000e+01,4.000000000000000000e+00
-1.000000000000000000e+00,1.600000000000000000e+01,1.600000000000000000e+01,9.290000000000000000e+02,1.730000000000000000e+02,9.520000000000000000e+02,1.520000000000000000e+02,-9.500000000000000000e+01,8.500000000000000000e+01,4.000000000000000000e+00
1.000000000000000000e+00,1.600000000000000000e+01,1.600000000000000000e+01,9.780000000000000000e+02,1.320000000000000000e+02,9.520000000000000000e+02,1.520000000000000000e+02,1.040000000000000000e+02,-8.000000000000000000e+01,4.000000000000000000e+00
-1.000000000000000000e+00,1.600000000000000000e+01,1.600000000000000000e+01,9.450000000000000000e+02,1.730000000000000000e+02,9.680000000000000000e+02,1.520000000000000000e+02,-9.500000000000000000e+01,8.500000000000000000e+01,4.000000000000000000e+00
1.000000000000000000e+00,1.600000000000000000e+01,1.600000000000000000e+01,9.940000000000000000e+02,1.320000000000000000e+02,9.680000000000000000e+02,1.520000000000000000e+02,1.040000000000000000e+02,-8.000000000000000000e+01,4.000000000000000000e+00
-1.000000000000000000e+00,1.600000000000000000e+01,1.600000000000000000e+01,9.610000000000000000e+02,1.730000000000000000e+02,9.840000000000000000e+02,1.520000000000000000e+02,-9.500000000000000000e+01,8.500000000000000000e+01,4.000000000000000000e+00
1.000000000000000000e+00,1.600000000000000000e+01,1.600000000000000000e+01,1.010000000000000000e+03,1.320000000000000000e+02,9.840000000000000000e+02,1.520000000000000000e+02,1.050000000000000000e+02,-8.100000000000000000e+01,4.000000000000000000e+00
1.000000000000000000e+00,1.600000000000000000e+01,1.600000000000000000e+01,1.025000000000000000e+03,1.320000000000000000e+02,1.000000000000000000e+03,1.520000000000000000e+02,1.030000000000000000e+02,-8.300000000000000000e+01,4.000000000000000000e+00
1.000000000000000000e+00,8.000000000000000000e+00,1.600000000000000000e+01,1.038000000000000000e+03,1.320000000000000000e+02,1.012000000000000000e+03,1.520000000000000000e+02,1.070000000000000000e+02,-8.300000000000000000e+01,4.000000000000000000e+00
1.000000000000000000e+00,8.000000000000000000e+00,1.600000000000000000e+01,1.045000000000000000e+03,1.330000000000000000e+02,1.020000000000000000e+03,1.520000000000000000e+02,1.030000000000000000e+02,-7.800000000000000000e+01,4.000000000000000000e+00
-1.000000000000000000e+00,1.600000000000000000e+01,1.600000000000000000e+01,1.032000000000000000e+03,1.540000000000000000e+02,1.032000000000000000e+03,1.520000000000000000e+02,0.000000000000000000e+00,8.000000000000000000e+00,4.000000000000000000e+00
1.000000000000000000e+00,1.600000000000000000e+01,1.600000000000000000e+01,1.048000000000000000e+03,1.520000000000000000e+02,1.048000000000000000e+03,1.520000000000000000e+02,0.000000000000000000e+00,0.000000000000000000e+00,4.000000000000000000e+00
-1.000000000000000000e+00,1.600000000000000000e+01,1.600000000000000000e+01,1.064000000000000000e+03,1.520000000000000000e+02,1.064000000000000000e+03,1.520000000000000000e+02,0.000000000000000000e+00,0.000000000000000000e+00,4.000000000000000000e+00
1.000000000000000000e+00,1.600000000000000000e+01,1.600000000000000000e+01,1.064000000000000000e+03,1.520000000000000000e+02,1.064000000000000000e+03,1.520000000000000000e+02,0.000000000000000000e+00,0.000000000000000000e+00,4.000000000000000000e+00
-1.000000000000000000e+00,1.600000000000000000e+01,1.600000000000000000e+01,1.080000000000000000e+03,1.520000000000000000e+02,1.080000000000000000e+03,1.520000000000000000e+02,0.000000000000000000e+00,0.000000000000000000e+00,4.000000000000000000e+00
1.000000000000000000e+00,1.600000000000000000e+01,1.600000000000000000e+01,1.080000000000000000e+03,1.520000000000000000e+02,1.080000000000000000e+03,1.520000000000000000e+02,0.000000000000000000e+00,0.000000000000000000e+00,4.000000000000000000e+00
-1.000000000000000000e+00,1.600000000000000000e+01,1.600000000000000000e+01,1.096000000000000000e+03,1.520000000000000000e+02,1.096000000000000000e+03,1.520000000000000000e+02,0.000000000000000000e+00,0.000000000000000000e+00,4.000000000000000000e+00
1.000000000000000000e+00,1.600000000000000000e+01,1.600000000000000000e+01,1.096000000000000000e+03,1.520000000000000000e+02,1.096000000000000000e+03,1.520000000000000000e+02,0.000000000000000000e+00,0.000000000000000000e+00,4.000000000000000000e+00
-1.000000000000000000e+00,1.600000000000000000e+01,1.600000000000000000e+01,1.112000000000000000e+03,1.520000000000000000e+02,1.112000000000000000e+03,1.520000000000000000e+02,0.000000000000000000e+00,0.000000000000000000e+00,4.000000000000000000e+00
1.000000000000000000e+00,1.600000000000000000e+01,1.600000000000000000e+01,1.112000000000000000e+03,1.520000000000000000e+02,1.112000000000000000e+03,1.520000000000000000e+02,0.000000000000000000e+00,0.000000000000000000e+00,4.000000000000000000e+00
-1.000000000000000000e+00,1.600000000000000000e+01,1.600000000000000000e+01,1.128000000000000000e+03,1.520000000000000000e+02,1.128000000000000000e+03,1.520000000000000000e+02,0.000000000000000000e+00,0.000000000000000000e+00,4.000000000000000000e+00
1.000000000000000000e+00,1.600000000000000000e+01,1.600000000000000000e+01,1.128000000000000000e+03,1.520000000000000000e+02,1.128000000000000000e+03,1.520000000000000000e+02,0.000000000000000000e+00,0.000000000000000000e+00,4.000000000000000000e+00
-1.000000000000000000e+00,1.600000000000000000e+01,1.600000000000000000e+01,1.144000000000000000e+03,1.520000000000000000e+02,1.144000000000000000e+03,1.520000000000000000e+02,0.000000000000000000e+00,0.000000000000000000e+00,4.000000000000000000e+00
1.000000000000000000e+00,1.600000000000000000e+01,1.600000000000000000e+01,1.144000000000000000e+03,1.520000000000000000e+02,1.144000000000000000e+03,1.520000000000000000e+02,0.000000000000000000e+00,0.000000000000000000e+00,4.000000000000000000e+00
-1.000000000000000000e+00,1.600000000000000000e+01,1.600000000000000000e+01,1.160000000000000000e+03,1.520000000000000000e+02,1.160000000000000000e+03,1.520000000000000000e+02,0.000000000000000000e+00,0.000000000000000000e+00,4.000000000000000000e+00
-1.000000000000000000e+00,1.600000000000000000e+01,1.600000000000000000e+01,1.176000000000000000e+03,1.520000000000000000e+02,1.176000000000000000e+03,1.520000000000000000e+02,0.000000000000000000e+00,0.000000000000000000e+00,4.000000000000000000e+00
-1.000000000000000000e+00,1.600000000000000000e+01,1.600000000000000000e+01,1.192000000000000000e+03,1.520000000000000000e+02,1.192000000000000000e+03,1.520000000000000000e+02,0.000000000000000000e+00,0.000000000000000000e+00,4.000000000000000000e+00
-1.000000000000000000e+00,1.600000000000000000e+01,1.600000000000000000e+01,1.208000000000000000e+03,1.520000000000000000e+02,1.208000000000000000e+03,1.520000000000000000e+02,0.000000000000000000e+00,0.000000000000000000e+00,4.000000000000000000e+00
-1.000000000000000000e+00,1.600000000000000000e+01,1.600000000000000000e+01,1.224000000000000000e+03,1.520000000000000000e+02,1.224000000000000000e+03,1.520000000000000000e+02,0.000000000000000000e+00,0.000000000000000000e+00,4.000000000000000000e+00
-1.000000000000000000e+00,1.600000000000000000e+01,1.600000000000000000e+01,1.152000000000000000e+03,1.520000000000000000e+02,1.240000000000000000e+03,1.520000000000000000e+02,-3.520000000000000000e+02,0.000000000000000000e+00,4.000000000000000000e+00
1.000000000000000000e+00,8.000000000000000000e+00,1.600000000000000000e+01,1.268000000000000000e+03,1.360000000000000000e+02,1.268000000000000000e+03,1.520000000000000000e+02,0.000000000000000000e+00,-6.400000000000000000e+01,4.000000000000000000e+00
1.000000000000000000e+00,8.000000000000000000e+00,1.600000000000000000e+01,1.270000000000000000e+03,1.380000000000000000e+02,1.276000000000000000e+03,1.520000000000000000e+02,-2.500000000000000000e+01,-5.700000000000000000e+01,4.000000000000000000e+00
1.000000000000000000e+00,1.600000000000000000e+01,1.600000000000000000e+01,3.600000000000000000e+01,1.510000000000000000e+02,8.000000000000000000e+00,1.680000000000000000e+02,1.120000000000000000e+02,-7.100000000000000000e+01,4.000000000000000000e+00
1.000000000000000000e+00,1.600000000000000000e+01,1.600000000000000000e+01,5.200000000000000000e+01,1.510000000000000000e+02,2.400000000000000000e+01,1.680000000000000000e+02,1.120000000000000000e+02,-7.100000000000000000e+01,4.000000000000000000e+00
-1.000000000000000000e+00,1.600000000000000000e+01,1.600000000000000000e+01,4.300000000000000000e+01,1.680000000000000000e+02,7.200000000000000000e+01,1.680000000000000000e+02,-1.160000000000000000e+02,0.000000000000000000e+00,4.000000000000000000e+00
1.000000000000000000e+00,1.600000000000000000e+01,1.600000000000000000e+01,1.130000000000000000e+02,1.440000000000000000e+02,8.800000000000000000e+01,1.680000000000000000e+02,1.000000000000000000e+02,-9.900000000000000000e+01,4.000000000000000000e+00
-1.000000000000000000e+00,1.600000000000000000e+01,1.600000000000000000e+01,8.300000000000000000e+01,1.860000000000000000e+02,1.040000000000000000e+02,1.680000000000000000e+02,-8.500000000000000000e+01,7.200000000000000000e+01,4.000000000000000000e+00
1.000000000000000000e+00,1.600000000000000000e+01,1.600000000000000000e+01,1.290000000000000000e+02,1.480000000000000000e+02,1.040000000000000000e+02,1.680000000000000000e+02,1.000000000000000000e+02,-8.200000000000000000e+01,4.000000000000000000e+00
-1.000000000000000000e+00,1.600000000000000000e+01,1.600000000000000000e+01,9.900000000000000000e+01,1.860000000000000000e+02,1.200000000000000000e+02,1.680000000000000000e+02,-8.500000000000000000e+01,7.200000000000000000e+01,4.000000000000000000e+00
1.000000000000000000e+00,1.600000000000000000e+01,1.600000000000000000e+01,1.450000000000000000e+02,1.480000000000000000e+02,1.200000000000000000e+02,1.680000000000000000e+02,1.000000000000000000e+02,-8.200000000000000000e+01,4.000000000000000000e+00
-1.000000000000000000e+00,1.600000000000000000e+01,1.600000000000000000e+01,1.150000000000000000e+02,1.860000000000000000e+02,1.360000000000000000e+02,1.680000000000000000e+02,-8.500000000000000000e+01,7.200000000000000000e+01,4.000000000000000000e+00
1.000000000000000000e+00,1.600000000000000000e+01,1.600000000000000000e+01,1.600000000000000000e+02,1.480000000000000000e+02,1.360000000000000000e+02,1.680000000000000000e+02,9.800000000000000000e+01,-8.000000000000000000e+01,4.000000000000000000e+00
-1.000000000000000000e+00,1.600000000000000000e+01,1.600000000000000000e+01,1.310000000000000000e+02,1.860000000000000000e+02,1.520000000000000000e+02,1.680000000000000000e+02,-8.500000000000000000e+01,7.300000000000000000e+01,4.000000000000000000e+00
-1.000000000000000000e+00,1.600000000000000000e+01,1.600000000000000000e+01,1.470000000000000000e+02,1.860000000000000000e+02,1.680000000000000000e+02,1.680000000000000000e+02,-8.500000000000000000e+01,7.200000000000000000e+01,4.000000000000000000e+00
1.000000000000000000e+00,1.600000000000000000e+01,1.600000000000000000e+01,1.920000000000000000e+02,1.510000000000000000e+02,1.680000000000000000e+02,1.680000000000000000e+02,9.700000000000000000e+01,-7.100000000000000000e+01,4.000000000000000000e+00
-1.000000000000000000e+00,1.600000000000000000e+01,1.600000000000000000e+01,1.630000000000000000e+02,1.860000000000000000e+02,1.840000000000000000e+02,1.680000000000000000e+02,-8.500000000000000000e+01,7.200000000000000000e+01,4.000000000000000000e+00
1.000000000000000000e+00,1.600000000000000000e+01,1.600000000000000000e+01,2.080000000000000000e+02,1.510000000000000000e+02,1.840000000000000000e+02,1.680000000000000000e+02,9.700000000000000000e+01,-7.100000000000000000e+01,4.000000000000000000e+00
-1.000000000000000000e+00,1.600000000000000000e+01,1.600000000000000000e+01,1.790000000000000000e+02,1.860000000000000000e+02,2.000000000000000000e+02,1.680000000000000000e+02,-8.500000000000000000e+01,7.200000000000000000e+01,4.000000000000000000e+00
1.000000000000000000e+00,1.600000000000000000e+01,1.600000000000000000e+01,2.240000000000000000e+02,1.510000000000000000e+02,2.000000000000000000e+02,1.680000000000000000e+02,9.700000000000000000e+01,-7.100000000000000000e+01,4.000000000000000000e+00
1.000000000000000000e+00,1.600000000000000000e+01,1.600000000000000000e+01,2.410000000000000000e+02,1.500000000000000000e+02,2.160000000000000000e+02,1.680000000000000000e+02,1.020000000000000000e+02,-7.200000000000000000e+01,4.000000000000000000e+00
1.000000000000000000e+00,1.600000000000000000e+01,1.600000000000000000e+01,2.570000000000000000e+02,1.500000000000000000e+02,2.320000000000000000e+02,1.680000000000000000e+02,1.000000000000000000e+02,-7.200000000000000000e+01,4.000000000000000000e+00
1.000000000000000000e+00,1.600000000000000000e+01,1.600000000000000000e+01,2.730000000000000000e+02,1.440000000000000000e+02,2.480000000000000000e+02,1.680000000000000000e+02,1.000000000000000000e+02,-9.600000000000000000e+01,4.000000000000000000e+00
-1.000000000000000000e+00,1.600000000000000000e+01,1.600000000000000000e+01,2.430000000000000000e+02,1.840000000000000000e+02,2.640000000000000000e+02,1.680000000000000000e+02,-8.700000000000000000e+01,6.400000000000000000e+01,4.000000000000000000e+00
-1.000000000000000000e+00,1.600000000000000000e+01,1.600000000000000000e+01,2.570000000000000000e+02,1.840000000000000000e+02,2.800000000000000000e+02,1.680000000000000000e+02,-9.300000000000000000e+01,6.500000000000000000e+01,4.000000000000000000e+00
1.000000000000000000e+00,1.600000000000000000e+01,1.600000000000000000e+01,3.040000000000000000e+02,1.440000000000000000e+02,2.800000000000000000e+02,1.680000000000000000e+02,9.900000000000000000e+01,-9.600000000000000000e+01,4.000000000000000000e+00
-1.000000000000000000e+00,1.600000000000000000e+01,1.600000000000000000e+01,2.730000000000000000e+02,1.840000000000000000e+02,2.960000000000000000e+02,1.680000000000000000e+02,-9.300000000000000000e+01,6.500000000000000000e+01,4.000000000000000000e+00
1.000000000000000000e+00,1.600000000000000000e+01,1.600000000000000000e+01,3.200000000000000000e+02,1.440000000000000000e+02,2.960000000000000000e+02,1.680000000000000000e+02,9.900000000000000000e+01,-9.600000000000000000e+01,4.000000000000000000e+00
-1.000000000000000000e+00,1.600000000000000000e+01,1.600000000000000000e+01,2.890000000000000000e+02,1.840000000000000000e+02,3.120000000000000000e+02,1.680000000000000000e+02,-9.300000000000000000e+01,6.500000000000000000e+01,4.000000000000000000e+00
1.000000000000000000e+00,1.600000000000000000e+01,1.600000000000000000e+01,3.360000000000000000e+02,1.440000000000000000e+02,3.120000000000000000e+02,1.680000000000000000e+02,9.600000000000000000e+01,-9.600000000000000000e+01,4.000000000000000000e+00
-1.000000000000000000e+00,1.600000000000000000e+01,1.600000000000000000e+01,3.070000000000000000e+02,1.840000000000000000e+02,3.280000000000000000e+02,1.680000000000000000e+02,-8.400000000000000000e+01,6.500000000000000000e+01,4.000000000000000000e+00
1.000000000000000000e+00,1.600000000000000000e+01,1.600000000000000000e+01,3.520000000000000000e+02,1.440000000000000000e+02,3.280000000000000000e+02,1.680000000000000000e+02,9.600000000000000000e+01,-9.600000000000000000e+01,4.000000000000000000e+00
-1.000000000000000000e+00,1.600000000000000000e+01,1.600000000000000000e+01,3.210000000000000000e+02,1.840000000000000000e+02,3.440000000000000000e+02,1.680000000000000000e+02,-9.300000000000000000e+01,6.500000000000000000e+01,4.000000000000000000e+00
-1.000000000000000000e+00,1.600000000000000000e+01,1.600000000000000000e+01,3.390000000000000000e+02,1.840000000000000000e+02,3.600000000000000000e+02,1.680000000000000000e+02,-8.400000000000000000e+01,6.500000000000000000e+01,4.000000000000000000e+00
1.000000000000000000e+00,1.600000000000000000e+01,1.600000000000000000e+01,3.810000000000000000e+02,1.480000000000000000e+02,3.600000000000000000e+02,1.680000000000000000e+02,8.700000000000000000e+01,-8.300000000000000000e+01,4.000000000000000000e+00
-1.000000000000000000e+00,1.600000000000000000e+01,1.600000000000000000e+01,3.550000000000000000e+02,1.880000000000000000e+02,3.760000000000000000e+02,1.680000000000000000e+02,-8.400000000000000000e+01,8.000000000000000000e+01,4.000000000000000000e+00
1.000000000000000000e+00,1.600000000000000000e+01,1.600000000000000000e+01,3.970000000000000000e+02,1.480000000000000000e+02,3.760000000000000000e+02,1.680000000000000000e+02,8.700000000000000000e+01,-8.300000000000000000e+01,4.000000000000000000e+00
-1.000000000000000000e+00,1.600000000000000000e+01,1.600000000000000000e+01,3.710000000000000000e+02,1.880000000000000000e+02,3.920000000000000000e+02,1.680000000000000000e+02,-8.400000000000000000e+01,8.000000000000000000e+01,4.000000000000000000e+00
1.000000000000000000e+00,1.600000000000000000e+01,1.600000000000000000e+01,4.130000000000000000e+02,1.480000000000000000e+02,3.920000000000000000e+02,1.680000000000000000e+02,8.700000000000000000e+01,-8.200000000000000000e+01,4.000000000000000000e+00
-1.000000000000000000e+00,1.600000000000000000e+01,1.600000000000000000e+01,3.870000000000000000e+02,1.880000000000000000e+02,4.080000000000000000e+02,1.680000000000000000e+02,-8.400000000000000000e+01,8.000000000000000000e+01,4.000000000000000000e+00
1.000000000000000000e+00,1.600000000000000000e+01,1.600000000000000000e+01,4.300000000000000000e+02,1.480000000000000000e+02,4.080000000000000000e+02,1.680000000000000000e+02,8.800000000000000000e+01,-8.200000000000000000e+01,4.000000000000000000e+00
-1.000000000000000000e+00,1.600000000000000000e+01,1.600000000000000000e+01,4.240000000000000000e+02,1.680000000000000000e+02,4.240000000000000000e+02,1.680000000000000000e+02,0.000000000000000000e+00,0.000000000000000000e+00,4.000000000000000000e+00
1.000000000000000000e+00,1.600000000000000000e+01,1.600000000000000000e+01,4.240000000000000000e+02,1.680000000000000000e+02,4.240000000000000000e+02,1.680000000000000000e+02,0.000000000000000000e+00,0.000000000000000000e+00,4.000000000000000000e+00
-1.000000000000000000e+00,1.600000000000000000e+01,1.600000000000000000e+01,4.190000000000000000e+02,1.880000000000000000e+02,4.400000000000000000e+02,1.680000000000000000e+02,-8.400000000000000000e+01,8.000000000000000000e+01,4.000000000000000000e+00
1.000000000000000000e+00,1.600000000000000000e+01,1.600000000000000000e+01,4.400000000000000000e+02,1.680000000000000000e+02,4.400000000000000000e+02,1.680000000000000000e+02,0.000000000000000000e+00,0.000000000000000000e+00,4.000000000000000000e+00
1.000000000000000000e+00,1.600000000000000000e+01,1.600000000000000000e+01,4.860000000000000000e+02,1.530000000000000000e+02,4.720000000000000000e+02,1.680000000000000000e+02,5.800000000000000000e+01,-6.100000000000000000e+01,4.000000000000000000e+00
1.000000000000000000e+00,1.600000000000000000e+01,1.600000000000000000e+01,5.020000000000000000e+02,1.530000000000000000e+02,4.880000000000000000e+02,1.680000000000000000e+02,5.800000000000000000e+01,-6.100000000000000000e+01,4.000000000000000000e+00
1.000000000000000000e+00,1.600000000000000000e+01,1.600000000000000000e+01,5.180000000000000000e+02,1.530000000000000000e+02,5.040000000000000000e+02,1.680000000000000000e+02,5.800000000000000000e+01,-6.100000000000000000e+01,4.000000000000000000e+00
1.000000000000000000e+00,1.600000000000000000e+01,1.600000000000000000e+01,5.340000000000000000e+02,1.530000000000000000e+02,5.200000000000000000e+02,1.680000000000000000e+02,5.700000000000000000e+01,-6.100000000000000000e+01,4.000000000000000000e+00
-1.000000000000000000e+00,8.000000000000000000e+00,1.600000000000000000e+01,5.320000000000000000e+02,1.680000000000000000e+02,5.320000000000000000e+02,1.680000000000000000e+02,0.000000000000000000e+00,0.000000000000000000e+00,4.000000000000000000e+00
-1.000000000000000000e+00,8.000000000000000000e+00,1.600000000000000000e+01,5.330000000000000000e+02,1.820000000000000000e+02,5.400000000000000000e+02,1.680000000000000000e+02,-2.800000000000000000e+01,5.600000000000000000e+01,4.000000000000000000e+00
1.000000000000000000e+00,1.600000000000000000e+01,1.600000000000000000e+01,6.010000000000000000e+02,1.680000000000000000e+02,5.680000000000000000e+02,1.680000000000000000e+02,1.320000000000000000e+02,0.000000000000000000e+00,4.000000000000000000e+00
1.000000000000000000e+00,1.600000000000000000e+01,1.600000000000000000e+01,6.200000000000000000e+02,1.480000000000000000e+02,6.000000000000000000e+02,1.680000000000000000e+02,8.000000000000000000e+01,-8.300000000000000000e+01,4.000000000000000000e+00
1.000000000000000000e+00,1.600000000000000000e+01,1.600000000000000000e+01,6.360000000000000000e+02,1.480000000000000000e+02,6.160000000000000000e+02,1.680000000000000000e+02,8.000000000000000000e+01,-8.300000000000000000e+01,4.000000000000000000e+00
1.000000000000000000e+00,1.600000000000000000e+01,1.600000000000000000e+01,6.480000000000000000e+02,1.680000000000000000e+02,6.320000000000000000e+02,1.680000000000000000e+02,6.700000000000000000e+01,0.000000000000000000e+00,4.000000000000000000e+00
1.000000000000000000e+00,1.600000000000000000e+01,1.600000000000000000e+01,6.610000000000000000e+02,1.680000000000000000e+02,6.480000000000000000e+02,1.680000000000000000e+02,5.500000000000000000e+01,0.000000000000000000e+00,4.000000000000000000e+00
1.000000000000000000e+00,1.600000000000000000e+01,1.600000000000000000e+01,6.770000000000000000e+02,1.680000000000000000e+02,6.640000000000000000e+02,1.680000000000000000e+02,5.500000000000000000e+01,0.000000000000000000e+00,4.000000000000000000e+00
-1.000000000000000000e+00,1.600000000000000000e+01,1.600000000000000000e+01,6.720000000000000000e+02,1.840000000000000000e+02,6.800000000000000000e+02,1.680000000000000000e+02,-3.200000000000000000e+01,6.500000000000000000e+01,4.000000000000000000e+00
-1.000000000000000000e+00,1.600000000000000000e+01,1.600000000000000000e+01,6.960000000000000000e+02,1.680000000000000000e+02,6.960000000000000000e+02,1.680000000000000000e+02,0.000000000000000000e+00,0.000000000000000000e+00,4.000000000000000000e+00
1.000000000000000000e+00,1.600000000000000000e+01,1.600000000000000000e+01,6.960000000000000000e+02,1.680000000000000000e+02,6.960000000000000000e+02,1.680000000000000000e+02,0.000000000000000000e+00,0.000000000000000000e+00,4.000000000000000000e+00
1.000000000000000000e+00,1.600000000000000000e+01,1.600000000000000000e+01,7.130000000000000000e+02,1.680000000000000000e+02,7.120000000000000000e+02,1.680000000000000000e+02,5.000000000000000000e+00,0.000000000000000000e+00,4.000000000000000000e+00
1.000000000000000000e+00,1.600000000000000000e+01,1.600000000000000000e+01,7.600000000000000000e+02,1.680000000000000000e+02,7.600000000000000000e+02,1.680000000000000000e+02,0.000000000000000000e+00,0.000000000000000000e+00,4.000000000000000000e+00
-1.000000000000000000e+00,1.600000000000000000e+01,1.600000000000000000e+01,7.610000000000000000e+02,1.880000000000000000e+02,7.760000000000000000e+02,1.680000000000000000e+02,-6.000000000000000000e+01,8.200000000000000000e+01,4.000000000000000000e+00
-1.000000000000000000e+00,1.600000000000000000e+01,1.600000000000000000e+01,8.390000000000000000e+02,1.800000000000000000e+02,8.560000000000000000e+02,1.680000000000000000e+02,-6.800000000000000000e+01,5.100000000000000000e+01,4.000000000000000000e+00
1.000000000000000000e+00,1.600000000000000000e+01,1.600000000000000000e+01,8.700000000000000000e+02,1.560000000000000000e+02,8.560000000000000000e+02,1.680000000000000000e+02,5.600000000000000000e+01,-4.800000000000000000e+01,4.000000000000000000e+00
-1.000000000000000000e+00,1.600000000000000000e+01,1.600000000000000000e+01,8.540000000000000000e+02,1.800000000000000000e+02,8.720000000000000000e+02,1.680000000000000000e+02,-7.400000000000000000e+01,5.100000000000000000e+01,4.000000000000000000e+00
-1.000000000000000000e+00,1.600000000000000000e+01,1.600000000000000000e+01,8.700000000000000000e+02,1.800000000000000000e+02,8.880000000000000000e+02,1.680000000000000000e+02,-7.400000000000000000e+01,5.100000000000000000e+01,4.000000000000000000e+00
1.000000000000000000e+00,1.600000000000000000e+01,1.600000000000000000e+01,9.090000000000000000e+02,1.570000000000000000e+02,8.880000000000000000e+02,1.680000000000000000e+02,8.500000000000000000e+01,-4.700000000000000000e+01,4.000000000000000000e+00
-1.000000000000000000e+00,1.600000000000000000e+01,1.600000000000000000e+01,8.820000000000000000e+02,1.890000000000000000e+02,9.040000000000000000e+02,1.680000000000000000e+02,-9.100000000000000000e+01,8.500000000000000000e+01,4.000000000000000000e+00
1.000000000000000000e+00,1.600000000000000000e+01,1.600000000000000000e+01,9.290000000000000000e+02,1.480000000000000000e+02,9.040000000000000000e+02,1.680000000000000000e+02,1.020000000000000000e+02,-8.300000000000000000e+01,4.000000000000000000e+00
-1.000000000000000000e+00,1.600000000000000000e+01,1.600000000000000000e+01,8.970000000000000000e+02,1.890000000000000000e+02,9.200000000000000000e+02,1.680000000000000000e+02,-9.500000000000000000e+01,8.500000000000000000e+01,4.000000000000000000e+00
1.000000000000000000e+00,1.600000000000000000e+01,1.600000000000000000e+01,9.450000000000000000e+02,1.470000000000000000e+02,9.200000000000000000e+02,1.680000000000000000e+02,1.030000000000000000e+02,-8.400000000000000000e+01,4.000000000000000000e+00
-1.000000000000000000e+00,1.600000000000000000e+01,1.600000000000000000e+01,9.130000000000000000e+02,1.890000000000000000e+02,9.360000000000000000e+02,1.680000000000000000e+02,-9.500000000000000000e+01,8.500000000000000000e+01,4.000000000000000000e+00
1.000000000000000000e+00,1.600000000000000000e+01,1.600000000000000000e+01,9.620000000000000000e+02,1.470000000000000000e+02,9.360000000000000000e+02,1.680000000000000000e+02,1.040000000000000000e+02,-8.400000000000000000e+01,4.000000000000000000e+00
-1.000000000000000000e+00,1.600000000000000000e+01,1.600000000000000000e+01,9.290000000000000000e+02,1.890000000000000000e+02,9.520000000000000000e+02,1.680000000000000000e+02,-9.500000000000000000e+01,8.500000000000000000e+01,4.000000000000000000e+00
1.000000000000000000e+00,1.600000000000000000e+01,1.600000000000000000e+01,9.780000000000000000e+02,1.480000000000000000e+02,9.520000000000000000e+02,1.680000000000000000e+02,1.040000000000000000e+02,-8.000000000000000000e+01,4.000000000000000000e+00
1.000000000000000000e+00,1.600000000000000000e+01,1.600000000000000000e+01,9.940000000000000000e+02,1.480000000000000000e+02,9.680000000000000000e+02,1.680000000000000000e+02,1.040000000000000000e+02,-8.100000000000000000e+01,4.000000000000000000e+00
-1.000000000000000000e+00,1.600000000000000000e+01,1.600000000000000000e+01,9.610000000000000000e+02,1.890000000000000000e+02,9.840000000000000000e+02,1.680000000000000000e+02,-9.500000000000000000e+01,8.500000000000000000e+01,4.000000000000000000e+00
1.000000000000000000e+00,1.600000000000000000e+01,1.600000000000000000e+01,1.010000000000000000e+03,1.480000000000000000e+02,9.840000000000000000e+02,1.680000000000000000e+02,1.040000000000000000e+02,-8.100000000000000000e+01,4.000000000000000000e+00
-1.000000000000000000e+00,1.600000000000000000e+01,1.600000000000000000e+01,9.770000000000000000e+02,1.890000000000000000e+02,1.000000000000000000e+03,1.680000000000000000e+02,-9.500000000000000000e+01,8.500000000000000000e+01,4.000000000000000000e+00
1.000000000000000000e+00,1.600000000000000000e+01,1.600000000000000000e+01,1.026000000000000000e+03,1.480000000000000000e+02,1.000000000000000000e+03,1.680000000000000000e+02,1.040000000000000000e+02,-8.300000000000000000e+01,4.000000000000000000e+00
-1.000000000000000000e+00,1.600000000000000000e+01,8.000000000000000000e+00,1.016000000000000000e+03,1.660000000000000000e+02,1.016000000000000000e+03,1.640000000000000000e+02,0.000000000000000000e+00,8.000000000000000000e+00,4.000000000000000000e+00
-1.000000000000000000e+00,1.600000000000000000e+01,8.000000000000000000e+00,1.016000000000000000e+03,1.720000000000000000e+02,1.016000000000000000e+03,1.720000000000000000e+02,0.000000000000000000e+00,0.000000000000000000e+00,4.000000000000000000e+00
1.000000000000000000e+00,1.600000000000000000e+01,8.000000000000000000e+00,1.016000000000000000e+03,1.640000000000000000e+02,1.016000000000000000e+03,1.640000000000000000e+02,0.000000000000000000e+00,0.000000000000000000e+00,4.000000000000000000e+00
1.000000000000000000e+00,1.600000000000000000e+01,8.000000000000000000e+00,1.042000000000000000e+03,1.520000000000000000e+02,1.016000000000000000e+03,1.720000000000000000e+02,1.040000000000000000e+02,-8.300000000000000000e+01,4.000000000000000000e+00
1.000000000000000000e+00,1.600000000000000000e+01,1.600000000000000000e+01,1.032000000000000000e+03,1.680000000000000000e+02,1.032000000000000000e+03,1.680000000000000000e+02,0.000000000000000000e+00,0.000000000000000000e+00,4.000000000000000000e+00
-1.000000000000000000e+00,1.600000000000000000e+01,8.000000000000000000e+00,1.048000000000000000e+03,1.640000000000000000e+02,1.048000000000000000e+03,1.640000000000000000e+02,0.000000000000000000e+00,0.000000000000000000e+00,4.000000000000000000e+00
-1.000000000000000000e+00,1.600000000000000000e+01,8.000000000000000000e+00,1.042000000000000000e+03,1.720000000000000000e+02,1.048000000000000000e+03,1.720000000000000000e+02,-2.400000000000000000e+01,0.000000000000000000e+00,4.000000000000000000e+00
1.000000000000000000e+00,1.600000000000000000e+01,8.000000000000000000e+00,1.048000000000000000e+03,1.640000000000000000e+02,1.048000000000000000e+03,1.640000000000000000e+02,0.000000000000000000e+00,0.000000000000000000e+00,4.000000000000000000e+00
1.000000000000000000e+00,1.600000000000000000e+01,8.000000000000000000e+00,1.048000000000000000e+03,1.720000000000000000e+02,1.048000000000000000e+03,1.720000000000000000e+02,0.000000000000000000e+00,0.000000000000000000e+00,4.000000000000000000e+00
-1.000000000000000000e+00,1.600000000000000000e+01,1.600000000000000000e+01,1.064000000000000000e+03,1.680000000000000000e+02,1.064000000000000000e+03,1.680000000000000000e+02,0.000000000000000000e+00,0.000000000000000000e+00,4.000000000000000000e+00
1.000000000000000000e+00,1.600000000000000000e+01,1.600000000000000000e+01,1.064000000000000000e+03,1.680000000000000000e+02,1.064000000000000000e+03,1.680000000000000000e+02,0.000000000000000000e+00,0.000000000000000000e+00,4.000000000000000000e+00
-1.000000000000000000e+00,1.600000000000000000e+01,1.600000000000000000e+01,1.080000000000000000e+03,1.680000000000000000e+02,1.080000000000000000e+03,1.680000000000000000e+02,0.000000000000000000e+00,0.000000000000000000e+00,4.000000000000000000e+00
-1.000000000000000000e+00,1.600000000000000000e+01,1.600000000000000000e+01,1.096000000000000000e+03,1.680000000000000000e+02,1.096000000000000000e+03,1.680000000000000000e+02,0.000000000000000000e+00,0.000000000000000000e+00,4.000000000000000000e+00
-1.000000000000000000e+00,1.600000000000000000e+01,1.600000000000000000e+01,1.112000000000000000e+03,1.680000000000000000e+02,1.112000000000000000e+03,1.680000000000000000e+02,0.000000000000000000e+00,0.000000000000000000e+00,4.000000000000000000e+00
-1.000000000000000000e+00,1.600000000000000000e+01,1.600000000000000000e+01,1.128000000000000000e+03,1.680000000000000000e+02,1.128000000000000000e+03,1.680000000000000000e+02,0.000000000000000000e+00,0.000000000000000000e+00,4.000000000000000000e+00
-1.000000000000000000e+00,1.600000000000000000e+01,1.600000000000000000e+01,1.144000000000000000e+03,1.680000000000000000e+02,1.144000000000000000e+03,1.680000000000000000e+02,0.000000000000000000e+00,0.000000000000000000e+00,4.000000000000000000e+00
-1.000000000000000000e+00,1.600000000000000000e+01,1.600000000000000000e+01,1.160000000000000000e+03,1.680000000000000000e+02,1.160000000000000000e+03,1.680000000000000000e+02,0.000000000000000000e+00,0.000000000000000000e+00,4.000000000000000000e+00
-1.000000000000000000e+00,1.600000000000000000e+01,1.600000000000000000e+01,1.176000000000000000e+03,1.680000000000000000e+02,1.176000000000000000e+03,1.680000000000000000e+02,0.000000000000000000e+00,0.000000000000000000e+00,4.000000000000000000e+00
-1.000000000000000000e+00,1.600000000000000000e+01,8.000000000000000000e+00,1.192000000000000000e+03,1.640000000000000000e+02,1.192000000000000000e+03,1.640000000000000000e+02,0.000000000000000000e+00,0.000000000000000000e+00,4.000000000000000000e+00
-1.000000000000000000e+00,1.600000000000000000e+01,8.000000000000000000e+00,1.191000000000000000e+03,1.880000000000000000e+02,1.192000000000000000e+03,1.720000000000000000e+02,-4.000000000000000000e+00,6.400000000000000000e+01,4.000000000000000000e+00
-1.000000000000000000e+00,1.600000000000000000e+01,8.000000000000000000e+00,1.208000000000000000e+03,1.640000000000000000e+02,1.208000000000000000e+03,1.640000000000000000e+02,0.000000000000000000e+00,0.000000000000000000e+00,4.000000000000000000e+00
-1.000000000000000000e+00,1.600000000000000000e+01,8.000000000000000000e+00,1.208000000000000000e+03,1.880000000000000000e+02,1.208000000000000000e+03,1.720000000000000000e+02,1.000000000000000000e+00,6.400000000000000000e+01,4.000000000000000000e+00
-1.000000000000000000e+00,1.600000000000000000e+01,1.600000000000000000e+01,1.214000000000000000e+03,1.860000000000000000e+02,1.224000000000000000e+03,1.680000000000000000e+02,-4.000000000000000000e+01,7.200000000000000000e+01,4.000000000000000000e+00
-1.000000000000000000e+00,1.600000000000000000e+01,1.600000000000000000e+01,1.230000000000000000e+03,1.860000000000000000e+02,1.240000000000000000e+03,1.680000000000000000e+02,-4.000000000000000000e+01,7.200000000000000000e+01,4.000000000000000000e+00
-1.000000000000000000e+00,1.600000000000000000e+01,1.600000000000000000e+01,1.246000000000000000e+03,1.860000000000000000e+02,1.256000000000000000e+03,1.680000000000000000e+02,-4.000000000000000000e+01,7.200000000000000000e+01,4.000000000000000000e+00
-1.000000000000000000e+00,1.600000000000000000e+01,1.600000000000000000e+01,1.262000000000000000e+03,1.860000000000000000e+02,1.272000000000000000e+03,1.680000000000000000e+02,-4.000000000000000000e+01,7.200000000000000000e+01,4.000000000000000000e+00
1.000000000000000000e+00,1.600000000000000000e+01,1.600000000000000000e+01,1.272000000000000000e+03,1.520000000000000000e+02,1.272000000000000000e+03,1.680000000000000000e+02,0.000000000000000000e+00,-6.400000000000000000e+01,4.000000000000000000e+00
1.000000000000000000e+00,1.600000000000000000e+01,1.600000000000000000e+01,5.200000000000000000e+01,1.640000000000000000e+02,2.400000000000000000e+01,1.840000000000000000e+02,1.120000000000000000e+02,-8.300000000000000000e+01,4.000000000000000000e+00
-1.000000000000000000e+00,1.600000000000000000e+01,1.600000000000000000e+01,3.300000000000000000e+01,2.050000000000000000e+02,5.600000000000000000e+01,1.840000000000000000e+02,-9.400000000000000000e+01,8.600000000000000000e+01,4.000000000000000000e+00
1.000000000000000000e+00,1.600000000000000000e+01,1.600000000000000000e+01,9.700000000000000000e+01,1.620000000000000000e+02,7.200000000000000000e+01,1.840000000000000000e+02,1.000000000000000000e+02,-8.800000000000000000e+01,4.000000000000000000e+00
1.000000000000000000e+00,1.600000000000000000e+01,1.600000000000000000e+01,1.130000000000000000e+02,1.620000000000000000e+02,8.800000000000000000e+01,1.840000000000000000e+02,1.000000000000000000e+02,-8.800000000000000000e+01,4.000000000000000000e+00
1.000000000000000000e+00,1.600000000000000000e+01,1.600000000000000000e+01,1.290000000000000000e+02,1.640000000000000000e+02,1.040000000000000000e+02,1.840000000000000000e+02,1.000000000000000000e+02,-8.200000000000000000e+01,4.000000000000000000e+00
-1.000000000000000000e+00,1.600000000000000000e+01,1.600000000000000000e+01,9.900000000000000000e+01,2.020000000000000000e+02,1.200000000000000000e+02,1.840000000000000000e+02,-8.500000000000000000e+01,7.200000000000000000e+01,4.000000000000000000e+00
1.000000000000000000e+00,1.600000000000000000e+01,1.600000000000000000e+01,1.450000000000000000e+02,1.640000000000000000e+02,1.200000000000000000e+02,1.840000000000000000e+02,1.000000000000000000e+02,-8.200000000000000000e+01,4.000000000000000000e+00
-1.000000000000000000e+00,1.600000000000000000e+01,1.600000000000000000e+01,1.310000000000000000e+02,2.020000000000000000e+02,1.520000000000000000e+02,1.840000000000000000e+02,-8.500000000000000000e+01,7.200000000000000000e+01,4.000000000000000000e+00
1.000000000000000000e+00,1.600000000000000000e+01,1.600000000000000000e+01,1.760000000000000000e+02,1.670000000000000000e+02,1.520000000000000000e+02,1.840000000000000000e+02,9.700000000000000000e+01,-7.100000000000000000e+01,4.000000000000000000e+00
1.000000000000000000e+00,1.600000000000000000e+01,1.600000000000000000e+01,1.890000000000000000e+02,1.660000000000000000e+02,1.680000000000000000e+02,1.840000000000000000e+02,8.500000000000000000e+01,-7.200000000000000000e+01,4.000000000000000000e+00
1.000000000000000000e+00,1.600000000000000000e+01,1.600000000000000000e+01,2.070000000000000000e+02,1.670000000000000000e+02,1.840000000000000000e+02,1.840000000000000000e+02,9.500000000000000000e+01,-7.100000000000000000e+01,4.000000000000000000e+00
1.000000000000000000e+00,1.600000000000000000e+01,1.600000000000000000e+01,2.240000000000000000e+02,1.670000000000000000e+02,2.000000000000000000e+02,1.840000000000000000e+02,9.600000000000000000e+01,-7.100000000000000000e+01,4.000000000000000000e+00
1.000000000000000000e+00,1.600000000000000000e+01,1.600000000000000000e+01,2.410000000000000000e+02,1.660000000000000000e+02,2.160000000000000000e+02,1.840000000000000000e+02,1.010000000000000000e+02,-7.200000000000000000e+01,4.000000000000000000e+00
1.000000000000000000e+00,1.600000000000000000e+01,1.600000000000000000e+01,2.570000000000000000e+02,1.860000000000000000e+02,2.320000000000000000e+02,1.840000000000000000e+02,1.000000000000000000e+02,8.000000000000000000e+00,4.000000000000000000e+00
1.000000000000000000e+00,1.600000000000000000e+01,8.000000000000000000e+00,2.730000000000000000e+02,1.570000000000000000e+02,2.480000000000000000e+02,1.800000000000000000e+02,1.000000000000000000e+02,-9.500000000000000000e+01,4.000000000000000000e+00
1.000000000000000000e+00,1.600000000000000000e+01,8.000000000000000000e+00,2.730000000000000000e+02,1.900000000000000000e+02,2.480000000000000000e+02,1.880000000000000000e+02,1.000000000000000000e+02,8.000000000000000000e+00,4.000000000000000000e+00
-1.000000000000000000e+00,1.600000000000000000e+01,1.600000000000000000e+01,2.430000000000000000e+02,2.000000000000000000e+02,2.640000000000000000e+02,1.840000000000000000e+02,-8.700000000000000000e+01,6.400000000000000000e+01,4.000000000000000000e+00
1.000000000000000000e+00,1.600000000000000000e+01,1.600000000000000000e+01,2.880000000000000000e+02,1.610000000000000000e+02,2.640000000000000000e+02,1.840000000000000000e+02,9.900000000000000000e+01,-9.500000000000000000e+01,4.000000000000000000e+00
-1.000000000000000000e+00,1.600000000000000000e+01,1.600000000000000000e+01,2.570000000000000000e+02,2.000000000000000000e+02,2.800000000000000000e+02,1.840000000000000000e+02,-9.300000000000000000e+01,6.500000000000000000e+01,4.000000000000000000e+00
1.000000000000000000e+00,1.600000000000000000e+01,1.600000000000000000e+01,3.040000000000000000e+02,1.600000000000000000e+02,2.800000000000000000e+02,1.840000000000000000e+02,9.900000000000000000e+01,-9.600000000000000000e+01,4.000000000000000000e+00
1.000000000000000000e+00,1.600000000000000000e+01,1.600000000000000000e+01,3.200000000000000000e+02,1.600000000000000000e+02,2.960000000000000000e+02,1.840000000000000000e+02,9.900000000000000000e+01,-9.600000000000000000e+01,4.000000000000000000e+00
-1.000000000000000000e+00,1.600000000000000000e+01,8.000000000000000000e+00,2.890000000000000000e+02,1.960000000000000000e+02,3.120000000000000000e+02,1.800000000000000000e+02,-9.300000000000000000e+01,6.500000000000000000e+01,4.000000000000000000e+00
-1.000000000000000000e+00,1.600000000000000000e+01,8.000000000000000000e+00,2.890000000000000000e+02,2.040000000000000000e+02,3.120000000000000000e+02,1.880000000000000000e+02,-9.300000000000000000e+01,6.500000000000000000e+01,4.000000000000000000e+00
1.000000000000000000e+00,1.600000000000000000e+01,1.600000000000000000e+01,3.590000000000000000e+02,1.840000000000000000e+02,3.280000000000000000e+02,1.840000000000000000e+02,1.260000000000000000e+02,0.000000000000000000e+00,4.000000000000000000e+00
1.000000000000000000e+00,1.600000000000000000e+01,1.600000000000000000e+01,3.820000000000000000e+02,1.640000000000000000e+02,3.600000000000000000e+02,1.840000000000000000e+02,8.800000000000000000e+01,-8.300000000000000000e+01,4.000000000000000000e+00
-1.000000000000000000e+00,1.600000000000000000e+01,1.600000000000000000e+01,3.550000000000000000e+02,2.040000000000000000e+02,3.760000000000000000e+02,1.840000000000000000e+02,-8.400000000000000000e+01,8.000000000000000000e+01,4.000000000000000000e+00
1.000000000000000000e+00,1.600000000000000000e+01,1.600000000000000000e+01,3.970000000000000000e+02,1.640000000000000000e+02,3.760000000000000000e+02,1.840000000000000000e+02,8.700000000000000000e+01,-8.300000000000000000e+01,4.000000000000000000e+00
-1.000000000000000000e+00,1.600000000000000000e+01,1.600000000000000000e+01,3.710000000000000000e+02,2.040000000000000000e+02,3.920000000000000000e+02,1.840000000000000000e+02,-8.400000000000000000e+01,8.000000000000000000e+01,4.000000000000000000e+00
1.000000000000000000e+00,1.600000000000000000e+01,1.600000000000000000e+01,4.130000000000000000e+02,1.640000000000000000e+02,3.920000000000000000e+02,1.840000000000000000e+02,8.700000000000000000e+01,-8.200000000000000000e+01,4.000000000000000000e+00
-1.000000000000000000e+00,1.600000000000000000e+01,1.600000000000000000e+01,4.080000000000000000e+02,1.840000000000000000e+02,4.080000000000000000e+02,1.840000000000000000e+02,0.000000000000000000e+00,0.000000000000000000e+00,4.000000000000000000e+00
1.000000000000000000e+00,1.600000000000000000e+01,1.600000000000000000e+01,4.080000000000000000e+02,1.840000000000000000e+02,4.080000000000000000e+02,1.840000000000000000e+02,0.000000000000000000e+00,0.000000000000000000e+00,4.000000000000000000e+00
1.000000000000000000e+00,1.600000000000000000e+01,1.600000000000000000e+01,4.240000000000000000e+02,1.840000000000000000e+02,4.240000000000000000e+02,1.840000000000000000e+02,0.000000000000000000e+00,0.000000000000000000e+00,4.000000000000000000e+00
-1.000000000000000000e+00,1.600000000000000000e+01,1.600000000000000000e+01,4.190000000000000000e+02,2.040000000000000000e+02,4.400000000000000000e+02,1.840000000000000000e+02,-8.400000000000000000e+01,8.000000000000000000e+01,4.000000000000000000e+00
1.000000000000000000e+00,1.600000000000000000e+01,1.600000000000000000e+01,4.400000000000000000e+02,1.840000000000000000e+02,4.400000000000000000e+02,1.840000000000000000e+02,0.000000000000000000e+00,0.000000000000000000e+00,4.000000000000000000e+00
-1.000000000000000000e+00,1.600000000000000000e+01,1.600000000000000000e+01,4.440000000000000000e+02,1.990000000000000000e+02,4.880000000000000000e+02,1.840000000000000000e+02,-1.760000000000000000e+02,6.100000000000000000e+01,4.000000000000000000e+00
1.000000000000000000e+00,1.600000000000000000e+01,1.600000000000000000e+01,5.180000000000000000e+02,1.690000000000000000e+02,5.040000000000000000e+02,1.840000000000000000e+02,5.700000000000000000e+01,-6.300000000000000000e+01,4.000000000000000000e+00
1.000000000000000000e+00,1.600000000000000000e+01,1.600000000000000000e+01,5.340000000000000000e+02,1.690000000000000000e+02,5.200000000000000000e+02,1.840000000000000000e+02,5.700000000000000000e+01,-6.100000000000000000e+01,4.000000000000000000e+00
1.000000000000000000e+00,1.600000000000000000e+01,1.600000000000000000e+01,5.370000000000000000e+02,1.510000000000000000e+02,5.360000000000000000e+02,1.840000000000000000e+02,4.000000000000000000e+00,-1.340000000000000000e+02,4.000000000000000000e+00
1.000000000000000000e+00,8.000000000000000000e+00,1.600000000000000000e+01,5.950000000000000000e+02,1.840000000000000000e+02,5.640000000000000000e+02,1.840000000000000000e+02,1.240000000000000000e+02,0.000000000000000000e+00,4.000000000000000000e+00
1.000000000000000000e+00,8.000000000000000000e+00,1.600000000000000000e+01,6.030000000000000000e+02,1.840000000000000000e+02,5.720000000000000000e+02,1.840000000000000000e+02,1.240000000000000000e+02,0.000000000000000000e+00,4.000000000000000000e+00
1.000000000000000000e+00,1.600000000000000000e+01,1.600000000000000000e+01,6.330000000000000000e+02,1.840000000000000000e+02,6.160000000000000000e+02,1.840000000000000000e+02,6.800000000000000000e+01,0.000000000000000000e+00,4.000000000000000000e+00
1.000000000000000000e+00,1.600000000000000000e+01,1.600000000000000000e+01,6.480000000000000000e+02,1.840000000000000000e+02,6.320000000000000000e+02,1.840000000000000000e+02,6.700000000000000000e+01,0.000000000000000000e+00,4.000000000000000000e+00
-1.000000000000000000e+00,1.600000000000000000e+01,1.600000000000000000e+01,6.480000000000000000e+02,1.840000000000000000e+02,6.480000000000000000e+02,1.840000000000000000e+02,0.000000000000000000e+00,0.000000000000000000e+00,4.000000000000000000e+00
-1.000000000000000000e+00,1.600000000000000000e+01,1.600000000000000000e+01,6.800000000000000000e+02,1.840000000000000000e+02,6.800000000000000000e+02,1.840000000000000000e+02,0.000000000000000000e+00,0.000000000000000000e+00,4.000000000000000000e+00
-1.000000000000000000e+00,1.600000000000000000e+01,8.000000000000000000e+00,7.280000000000000000e+02,1.800000000000000000e+02,7.280000000000000000e+02,1.800000000000000000e+02,0.000000000000000000e+00,0.000000000000000000e+00,4.000000000000000000e+00
-1.000000000000000000e+00,1.600000000000000000e+01,8.000000000000000000e+00,7.280000000000000000e+02,2.060000000000000000e+02,7.280000000000000000e+02,1.880000000000000000e+02,0.000000000000000000e+00,7.200000000000000000e+01,4.000000000000000000e+00
1.000000000000000000e+00,1.600000000000000000e+01,8.000000000000000000e+00,7.280000000000000000e+02,1.800000000000000000e+02,7.280000000000000000e+02,1.800000000000000000e+02,0.000000000000000000e+00,0.000000000000000000e+00,4.000000000000000000e+00
1.000000000000000000e+00,1.600000000000000000e+01,8.000000000000000000e+00,7.280000000000000000e+02,1.880000000000000000e+02,7.280000000000000000e+02,1.880000000000000000e+02,0.000000000000000000e+00,0.000000000000000000e+00,4.000000000000000000e+00
1.000000000000000000e+00,1.600000000000000000e+01,1.600000000000000000e+01,7.440000000000000000e+02,1.840000000000000000e+02,7.440000000000000000e+02,1.840000000000000000e+02,0.000000000000000000e+00,0.000000000000000000e+00,4.000000000000000000e+00
-1.000000000000000000e+00,1.600000000000000000e+01,1.600000000000000000e+01,7.450000000000000000e+02,2.040000000000000000e+02,7.600000000000000000e+02,1.840000000000000000e+02,-6.000000000000000000e+01,8.200000000000000000e+01,4.000000000000000000e+00
1.000000000000000000e+00,1.600000000000000000e+01,1.600000000000000000e+01,7.600000000000000000e+02,1.840000000000000000e+02,7.600000000000000000e+02,1.840000000000000000e+02,0.000000000000000000e+00,0.000000000000000000e+00,4.000000000000000000e+00
-1.000000000000000000e+00,1.600000000000000000e+01,1.600000000000000000e+01,7.730000000000000000e+02,2.040000000000000000e+02,7.760000000000000000e+02,1.840000000000000000e+02,-1.200000000000000000e+01,8.200000000000000000e+01,4.000000000000000000e+00
-1.000000000000000000e+00,1.600000000000000000e+01,1.600000000000000000e+01,6.770000000000000000e+02,2.020000000000000000e+02,8.080000000000000000e+02,1.840000000000000000e+02,-5.250000000000000000e+02,7.200000000000000000e+01,4.000000000000000000e+00
1.000000000000000000e+00,1.600000000000000000e+01,1.600000000000000000e+01,8.710000000000000000e+02,1.680000000000000000e+02,8.560000000000000000e+02,1.840000000000000000e+02,6.100000000000000000e+01,-6.500000000000000000e+01,4.000000000000000000e+00
-1.000000000000000000e+00,1.600000000000000000e+01,1.600000000000000000e+01,8.540000000000000000e+02,1.960000000000000000e+02,8.720000000000000000e+02,1.840000000000000000e+02,-7.400000000000000000e+01,5.100000000000000000e+01,4.000000000000000000e+00
1.000000000000000000e+00,1.600000000000000000e+01,1.600000000000000000e+01,8.870000000000000000e+02,1.730000000000000000e+02,8.720000000000000000e+02,1.840000000000000000e+02,6.100000000000000000e+01,-4.700000000000000000e+01,4.000000000000000000e+00
1.000000000000000000e+00,8.000000000000000000e+00,1.600000000000000000e+01,9.060000000000000000e+02,1.730000000000000000e+02,8.840000000000000000e+02,1.840000000000000000e+02,9.100000000000000000e+01,-4.700000000000000000e+01,4.000000000000000000e+00
1.000000000000000000e+00,8.000000000000000000e+00,1.600000000000000000e+01,9.140000000000000000e+02,1.640000000000000000e+02,8.920000000000000000e+02,1.840000000000000000e+02,9.100000000000000000e+01,-8.200000000000000000e+01,4.000000000000000000e+00
-1.000000000000000000e+00,1.600000000000000000e+01,1.600000000000000000e+01,8.820000000000000000e+02,2.050000000000000000e+02,9.040000000000000000e+02,1.840000000000000000e+02,-9.100000000000000000e+01,8.500000000000000000e+01,4.000000000000000000e+00
1.000000000000000000e+00,1.600000000000000000e+01,1.600000000000000000e+01,9.290000000000000000e+02,1.640000000000000000e+02,9.040000000000000000e+02,1.840000000000000000e+02,1.020000000000000000e+02,-8.300000000000000000e+01,4.000000000000000000e+00
-1.000000000000000000e+00,1.600000000000000000e+01,1.600000000000000000e+01,8.970000000000000000e+02,2.050000000000000000e+02,9.200000000000000000e+02,1.840000000000000000e+02,-9.500000000000000000e+01,8.500000000000000000e+01,4.000000000000000000e+00
1.000000000000000000e+00,1.600000000000000000e+01,1.600000000000000000e+01,9.450000000000000000e+02,1.630000000000000000e+02,9.200000000000000000e+02,1.840000000000000000e+02,1.030000000000000000e+02,-8.400000000000000000e+01,4.000000000000000000e+00
-1.000000000000000000e+00,1.600000000000000000e+01,1.600000000000000000e+01,9.130000000000000000e+02,2.050000000000000000e+02,9.360000000000000000e+02,1.840000000000000000e+02,-9.500000000000000000e+01,8.500000000000000000e+01,4.000000000000000000e+00
1.000000000000000000e+00,1.600000000000000000e+01,1.600000000000000000e+01,9.620000000000000000e+02,1.630000000000000000e+02,9.360000000000000000e+02,1.840000000000000000e+02,1.040000000000000000e+02,-8.400000000000000000e+01,4.000000000000000000e+00
-1.000000000000000000e+00,1.600000000000000000e+01,1.600000000000000000e+01,9.290000000000000000e+02,2.050000000000000000e+02,9.520000000000000000e+02,1.840000000000000000e+02,-9.500000000000000000e+01,8.500000000000000000e+01,4.000000000000000000e+00
1.000000000000000000e+00,1.600000000000000000e+01,1.600000000000000000e+01,9.780000000000000000e+02,1.640000000000000000e+02,9.520000000000000000e+02,1.840000000000000000e+02,1.040000000000000000e+02,-8.100000000000000000e+01,4.000000000000000000e+00
-1.000000000000000000e+00,1.600000000000000000e+01,1.600000000000000000e+01,9.450000000000000000e+02,2.050000000000000000e+02,9.680000000000000000e+02,1.840000000000000000e+02,-9.500000000000000000e+01,8.500000000000000000e+01,4.000000000000000000e+00
1.000000000000000000e+00,1.600000000000000000e+01,1.600000000000000000e+01,9.940000000000000000e+02,1.640000000000000000e+02,9.680000000000000000e+02,1.840000000000000000e+02,1.040000000000000000e+02,-8.100000000000000000e+01,4.000000000000000000e+00
-1.000000000000000000e+00,1.600000000000000000e+01,1.600000000000000000e+01,9.610000000000000000e+02,2.050000000000000000e+02,9.840000000000000000e+02,1.840000000000000000e+02,-9.500000000000000000e+01,8.500000000000000000e+01,4.000000000000000000e+00
1.000000000000000000e+00,1.600000000000000000e+01,1.600000000000000000e+01,1.010000000000000000e+03,1.640000000000000000e+02,9.840000000000000000e+02,1.840000000000000000e+02,1.040000000000000000e+02,-8.100000000000000000e+01,4.000000000000000000e+00
-1.000000000000000000e+00,1.600000000000000000e+01,1.600000000000000000e+01,9.770000000000000000e+02,2.050000000000000000e+02,1.000000000000000000e+03,1.840000000000000000e+02,-9.500000000000000000e+01,8.500000000000000000e+01,4.000000000000000000e+00
1.000000000000000000e+00,1.600000000000000000e+01,1.600000000000000000e+01,1.026000000000000000e+03,1.640000000000000000e+02,1.000000000000000000e+03,1.840000000000000000e+02,1.040000000000000000e+02,-8.300000000000000000e+01,4.000000000000000000e+00
-1.000000000000000000e+00,1.600000000000000000e+01,1.600000000000000000e+01,9.930000000000000000e+02,2.050000000000000000e+02,1.016000000000000000e+03,1.840000000000000000e+02,-9.500000000000000000e+01,8.500000000000000000e+01,4.000000000000000000e+00
1.000000000000000000e+00,1.600000000000000000e+01,1.600000000000000000e+01,1.042000000000000000e+03,1.640000000000000000e+02,1.016000000000000000e+03,1.840000000000000000e+02,1.040000000000000000e+02,-8.300000000000000000e+01,4.000000000000000000e+00
-1.000000000000000000e+00,1.600000000000000000e+01,1.600000000000000000e+01,1.026000000000000000e+03,1.980000000000000000e+02,1.032000000000000000e+03,1.840000000000000000e+02,-2.400000000000000000e+01,5.800000000000000000e+01,4.000000000000000000e+00
-1.000000000000000000e+00,1.600000000000000000e+01,1.600000000000000000e+01,1.064000000000000000e+03,1.840000000000000000e+02,1.064000000000000000e+03,1.840000000000000000e+02,0.000000000000000000e+00,0.000000000000000000e+00,4.000000000000000000e+00
-1.000000000000000000e+00,1.600000000000000000e+01,1.600000000000000000e+01,1.080000000000000000e+03,1.840000000000000000e+02,1.080000000000000000e+03,1.840000000000000000e+02,0.000000000000000000e+00,0.000000000000000000e+00,4.000000000000000000e+00
1.000000000000000000e+00,1.600000000000000000e+01,1.600000000000000000e+01,1.100000000000000000e+03,1.680000000000000000e+02,1.096000000000000000e+03,1.840000000000000000e+02,1.600000000000000000e+01,-6.500000000000000000e+01,4.000000000000000000e+00
1.000000000000000000e+00,1.600000000000000000e+01,1.600000000000000000e+01,1.116000000000000000e+03,1.680000000000000000e+02,1.112000000000000000e+03,1.840000000000000000e+02,1.600000000000000000e+01,-6.400000000000000000e+01,4.000000000000000000e+00
1.000000000000000000e+00,1.600000000000000000e+01,1.600000000000000000e+01,1.132000000000000000e+03,1.680000000000000000e+02,1.128000000000000000e+03,1.840000000000000000e+02,1.600000000000000000e+01,-6.400000000000000000e+01,4.000000000000000000e+00
1.000000000000000000e+00,1.600000000000000000e+01,1.600000000000000000e+01,1.148000000000000000e+03,1.680000000000000000e+02,1.144000000000000000e+03,1.840000000000000000e+02,1.600000000000000000e+01,-6.400000000000000000e+01,4.000000000000000000e+00
1.000000000000000000e+00,1.600000000000000000e+01,8.000000000000000000e+00,1.164000000000000000e+03,1.640000000000000000e+02,1.160000000000000000e+03,1.800000000000000000e+02,1.600000000000000000e+01,-6.400000000000000000e+01,4.000000000000000000e+00
1.000000000000000000e+00,1.600000000000000000e+01,8.000000000000000000e+00,1.164000000000000000e+03,1.730000000000000000e+02,1.160000000000000000e+03,1.880000000000000000e+02,1.600000000000000000e+01,-6.200000000000000000e+01,4.000000000000000000e+00
-1.000000000000000000e+00,1.600000000000000000e+01,8.000000000000000000e+00,1.176000000000000000e+03,1.960000000000000000e+02,1.176000000000000000e+03,1.800000000000000000e+02,-3.000000000000000000e+00,6.500000000000000000e+01,4.000000000000000000e+00
-1.000000000000000000e+00,1.600000000000000000e+01,8.000000000000000000e+00,1.176000000000000000e+03,2.040000000000000000e+02,1.176000000000000000e+03,1.880000000000000000e+02,-3.000000000000000000e+00,6.500000000000000000e+01,4.000000000000000000e+00
-1.000000000000000000e+00,1.600000000000000000e+01,1.600000000000000000e+01,1.194000000000000000e+03,2.000000000000000000e+02,1.192000000000000000e+03,1.840000000000000000e+02,1.100000000000000000e+01,6.400000000000000000e+01,4.000000000000000000e+00
-1.000000000000000000e+00,1.600000000000000000e+01,1.600000000000000000e+01,1.208000000000000000e+03,2.000000000000000000e+02,1.208000000000000000e+03,1.840000000000000000e+02,1.000000000000000000e+00,6.400000000000000000e+01,4.000000000000000000e+00
-1.000000000000000000e+00,1.600000000000000000e+01,1.600000000000000000e+01,1.214000000000000000e+03,2.020000000000000000e+02,1.224000000000000000e+03,1.840000000000000000e+02,-4.000000000000000000e+01,7.200000000000000000e+01,4.000000000000000000e+00
-1.000000000000000000e+00,1.600000000000000000e+01,1.600000000000000000e+01,1.230000000000000000e+03,2.020000000000000000e+02,1.240000000000000000e+03,1.840000000000000000e+02,-4.000000000000000000e+01,7.200000000000000000e+01,4.000000000000000000e+00
-1.000000000000000000e+00,1.600000000000000000e+01,1.600000000000000000e+01,1.246000000000000000e+03,2.020000000000000000e+02,1.256000000000000000e+03,1.840000000000000000e+02,-4.000000000000000000e+01,7.200000000000000000e+01,4.000000000000000000e+00
1.000000000000000000e+00,1.600000000000000000e+01,1.600000000000000000e+01,1.256000000000000000e+03,1.680000000000000000e+02,1.256000000000000000e+03,1.840000000000000000e+02,0.000000000000000000e+00,-6.400000000000000000e+01,4.000000000000000000e+00
-1.000000000000000000e+00,1.600000000000000000e+01,8.000000000000000000e+00,1.262000000000000000e+03,1.980000000000000000e+02,1.272000000000000000e+03,1.800000000000000000e+02,-4.000000000000000000e+01,7.200000000000000000e+01,4.000000000000000000e+00
-1.000000000000000000e+00,1.600000000000000000e+01,8.000000000000000000e+00,1.266000000000000000e+03,2.060000000000000000e+02,1.272000000000000000e+03,1.880000000000000000e+02,-2.400000000000000000e+01,7.200000000000000000e+01,4.000000000000000000e+00
1.000000000000000000e+00,1.600000000000000000e+01,1.600000000000000000e+01,3.600000000000000000e+01,1.800000000000000000e+02,8.000000000000000000e+00,2.000000000000000000e+02,1.120000000000000000e+02,-8.300000000000000000e+01,4.000000000000000000e+00
1.000000000000000000e+00,1.600000000000000000e+01,1.600000000000000000e+01,5.200000000000000000e+01,1.790000000000000000e+02,2.400000000000000000e+01,2.000000000000000000e+02,1.120000000000000000e+02,-8.400000000000000000e+01,4.000000000000000000e+00
-1.000000000000000000e+00,8.000000000000000000e+00,1.600000000000000000e+01,9.000000000000000000e+00,2.190000000000000000e+02,3.600000000000000000e+01,2.000000000000000000e+02,-1.080000000000000000e+02,7.900000000000000000e+01,4.000000000000000000e+00
-1.000000000000000000e+00,8.000000000000000000e+00,1.600000000000000000e+01,2.100000000000000000e+01,2.200000000000000000e+02,4.400000000000000000e+01,2.000000000000000000e+02,-9.400000000000000000e+01,8.000000000000000000e+01,4.000000000000000000e+00
1.000000000000000000e+00,1.600000000000000000e+01,1.600000000000000000e+01,8.100000000000000000e+01,1.780000000000000000e+02,5.600000000000000000e+01,2.000000000000000000e+02,1.000000000000000000e+02,-8.800000000000000000e+01,4.000000000000000000e+00
1.000000000000000000e+00,8.000000000000000000e+00,1.600000000000000000e+01,9.300000000000000000e+01,1.780000000000000000e+02,6.800000000000000000e+01,2.000000000000000000e+02,1.000000000000000000e+02,-8.800000000000000000e+01,4.000000000000000000e+00
1.000000000000000000e+00,8.000000000000000000e+00,1.600000000000000000e+01,9.700000000000000000e+01,1.780000000000000000e+02,7.600000000000000000e+01,2.000000000000000000e+02,8.700000000000000000e+01,-8.800000000000000000e+01,4.000000000000000000e+00
1.000000000000000000e+00,1.600000000000000000e+01,1.600000000000000000e+01,1.130000000000000000e+02,1.820000000000000000e+02,8.800000000000000000e+01,2.000000000000000000e+02,1.000000000000000000e+02,-7.500000000000000000e+01,4.000000000000000000e+00
1.000000000000000000e+00,1.600000000000000000e+01,1.600000000000000000e+01,1.280000000000000000e+02,1.800000000000000000e+02,1.040000000000000000e+02,2.000000000000000000e+02,9.600000000000000000e+01,-8.200000000000000000e+01,4.000000000000000000e+00
-1.000000000000000000e+00,1.600000000000000000e+01,1.600000000000000000e+01,9.900000000000000000e+01,2.180000000000000000e+02,1.200000000000000000e+02,2.000000000000000000e+02,-8.500000000000000000e+01,7.200000000000000000e+01,4.000000000000000000e+00
1.000000000000000000e+00,1.600000000000000000e+01,1.600000000000000000e+01,1.440000000000000000e+02,1.800000000000000000e+02,1.200000000000000000e+02,2.000000000000000000e+02,9.600000000000000000e+01,-8.200000000000000000e+01,4.000000000000000000e+00
1.000000000000000000e+00,1.600000000000000000e+01,8.000000000000000000e+00,1.600000000000000000e+02,1.790000000000000000e+02,1.360000000000000000e+02,1.960000000000000000e+02,9.600000000000000000e+01,-7.100000000000000000e+01,4.000000000000000000e+00
1.000000000000000000e+00,1.600000000000000000e+01,8.000000000000000000e+00,1.600000000000000000e+02,1.820000000000000000e+02,1.360000000000000000e+02,2.040000000000000000e+02,9.600000000000000000e+01,-8.800000000000000000e+01,4.000000000000000000e+00
1.000000000000000000e+00,1.600000000000000000e+01,1.600000000000000000e+01,1.760000000000000000e+02,1.830000000000000000e+02,1.520000000000000000e+02,2.000000000000000000e+02,9.600000000000000000e+01,-7.100000000000000000e+01,4.000000000000000000e+00
1.000000000000000000e+00,1.600000000000000000e+01,1.600000000000000000e+01,1.910000000000000000e+02,1.830000000000000000e+02,1.680000000000000000e+02,2.000000000000000000e+02,9.500000000000000000e+01,-7.100000000000000000e+01,4.000000000000000000e+00
1.000000000000000000e+00,1.600000000000000000e+01,1.600000000000000000e+01,2.070000000000000000e+02,1.830000000000000000e+02,1.840000000000000000e+02,2.000000000000000000e+02,9.500000000000000000e+01,-7.100000000000000000e+01,4.000000000000000000e+00
1.000000000000000000e+00,1.600000000000000000e+01,1.600000000000000000e+01,2.240000000000000000e+02,1.830000000000000000e+02,2.000000000000000000e+02,2.000000000000000000e+02,9.600000000000000000e+01,-7.100000000000000000e+01,4.000000000000000000e+00
1.000000000000000000e+00,1.600000000000000000e+01,1.600000000000000000e+01,2.410000000000000000e+02,1.830000000000000000e+02,2.160000000000000000e+02,2.000000000000000000e+02,1.000000000000000000e+02,-7.100000000000000000e+01,4.000000000000000000e+00
1.000000000000000000e+00,1.600000000000000000e+01,1.600000000000000000e+01,2.570000000000000000e+02,2.020000000000000000e+02,2.320000000000000000e+02,2.000000000000000000e+02,1.000000000000000000e+02,8.000000000000000000e+00,4.000000000000000000e+00
-1.000000000000000000e+00,1.600000000000000000e+01,1.600000000000000000e+01,2.270000000000000000e+02,2.160000000000000000e+02,2.480000000000000000e+02,2.000000000000000000e+02,-8.700000000000000000e+01,6.400000000000000000e+01,4.000000000000000000e+00
1.000000000000000000e+00,1.600000000000000000e+01,1.600000000000000000e+01,2.730000000000000000e+02,2.020000000000000000e+02,2.480000000000000000e+02,2.000000000000000000e+02,1.000000000000000000e+02,8.000000000000000000e+00,4.000000000000000000e+00
-1.000000000000000000e+00,1.600000000000000000e+01,1.600000000000000000e+01,2.430000000000000000e+02,2.160000000000000000e+02,2.640000000000000000e+02,2.000000000000000000e+02,-8.700000000000000000e+01,6.400000000000000000e+01,4.000000000000000000e+00
1.000000000000000000e+00,1.600000000000000000e+01,1.600000000000000000e+01,2.880000000000000000e+02,1.770000000000000000e+02,2.640000000000000000e+02,2.000000000000000000e+02,9.900000000000000000e+01,-9.500000000000000000e+01,4.000000000000000000e+00
-1.000000000000000000e+00,1.600000000000000000e+01,1.600000000000000000e+01,2.580000000000000000e+02,2.160000000000000000e+02,2.800000000000000000e+02,2.000000000000000000e+02,-9.000000000000000000e+01,6.400000000000000000e+01,4.000000000000000000e+00
1.000000000000000000e+00,1.600000000000000000e+01,1.600000000000000000e+01,3.200000000000000000e+02,1.760000000000000000e+02,2.960000000000000000e+02,2.000000000000000000e+02,9.600000000000000000e+01,-9.600000000000000000e+01,4.000000000000000000e+00
-1.000000000000000000e+00,1.600000000000000000e+01,1.600000000000000000e+01,2.890000000000000000e+02,2.160000000000000000e+02,3.120000000000000000e+02,2.000000000000000000e+02,-9.300000000000000000e+01,6.500000000000000000e+01,4.000000000000000000e+00
1.000000000000000000e+00,1.600000000000000000e+01,1.600000000000000000e+01,3.820000000000000000e+02,1.800000000000000000e+02,3.600000000000000000e+02,2.000000000000000000e+02,8.800000000000000000e+01,-8.300000000000000000e+01,4.000000000000000000e+00
1.000000000000000000e+00,1.600000000000000000e+01,1.600000000000000000e+01,3.980000000000000000e+02,1.800000000000000000e+02,3.760000000000000000e+02,2.000000000000000000e+02,8.800000000000000000e+01,-8.300000000000000000e+01,4.000000000000000000e+00
-1.000000000000000000e+00,1.600000000000000000e+01,1.600000000000000000e+01,3.920000000000000000e+02,2.000000000000000000e+02,3.920000000000000000e+02,2.000000000000000000e+02,0.000000000000000000e+00,0.000000000000000000e+00,4.000000000000000000e+00
1.000000000000000000e+00,1.600000000000000000e+01,1.600000000000000000e+01,4.130000000000000000e+02,1.800000000000000000e+02,3.920000000000000000e+02,2.000000000000000000e+02,8.700000000000000000e+01,-8.200000000000000000e+01,4.000000000000000000e+00
-1.000000000000000000e+00,1.600000000000000000e+01,1.600000000000000000e+01,4.030000000000000000e+02,2.200000000000000000e+02,4.240000000000000000e+02,2.000000000000000000e+02,-8.400000000000000000e+01,8.000000000000000000e+01,4.000000000000000000e+00
1.000000000000000000e+00,1.600000000000000000e+01,1.600000000000000000e+01,4.240000000000000000e+02,2.000000000000000000e+02,4.240000000000000000e+02,2.000000000000000000e+02,0.000000000000000000e+00,0.000000000000000000e+00,4.000000000000000000e+00
-1.000000000000000000e+00,1.600000000000000000e+01,1.600000000000000000e+01,4.280000000000000000e+02,2.150000000000000000e+02,4.720000000000000000e+02,2.000000000000000000e+02,-1.760000000000000000e+02,6.100000000000000000e+01,4.000000000000000000e+00
-1.000000000000000000e+00,1.600000000000000000e+01,1.600000000000000000e+01,4.440000000000000000e+02,2.130000000000000000e+02,4.880000000000000000e+02,2.000000000000000000e+02,-1.760000000000000000e+02,5.500000000000000000e+01,4.000000000000000000e+00
1.000000000000000000e+00,1.600000000000000000e+01,8.000000000000000000e+00,5.340000000000000000e+02,1.810000000000000000e+02,5.200000000000000000e+02,1.960000000000000000e+02,5.700000000000000000e+01,-6.100000000000000000e+01,4.000000000000000000e+00
1.000000000000000000e+00,1.600000000000000000e+01,8.000000000000000000e+00,5.340000000000000000e+02,1.890000000000000000e+02,5.200000000000000000e+02,2.040000000000000000e+02,5.700000000000000000e+01,-6.100000000000000000e+01,4.000000000000000000e+00
-1.000000000000000000e+00,1.600000000000000000e+01,1.600000000000000000e+01,5.230000000000000000e+02,2.140000000000000000e+02,5.360000000000000000e+02,2.000000000000000000e+02,-5.300000000000000000e+01,5.900000000000000000e+01,4.000000000000000000e+00
1.000000000000000000e+00,1.600000000000000000e+01,1.600000000000000000e+01,6.240000000000000000e+02,2.000000000000000000e+02,6.000000000000000000e+02,2.000000000000000000e+02,9.600000000000000000e+01,0.000000000000000000e+00,4.000000000000000000e+00
1.000000000000000000e+00,1.600000000000000000e+01,1.600000000000000000e+01,6.330000000000000000e+02,2.000000000000000000e+02,6.160000000000000000e+02,2.000000000000000000e+02,6.800000000000000000e+01,0.000000000000000000e+00,4.000000000000000000e+00
-1.000000000000000000e+00,1.600000000000000000e+01,1.600000000000000000e+01,6.480000000000000000e+02,2.140000000000000000e+02,6.480000000000000000e+02,2.000000000000000000e+02,0.000000000000000000e+00,5.600000000000000000e+01,4.000000000000000000e+00
-1.000000000000000000e+00,1.600000000000000000e+01,1.600000000000000000e+01,6.620000000000000000e+02,2.140000000000000000e+02,6.640000000000000000e+02,2.000000000000000000e+02,-8.000000000000000000e+00,5.600000000000000000e+01,4.000000000000000000e+00
-1.000000000000000000e+00,8.000000000000000000e+00,1.600000000000000000e+01,6.740000000000000000e+02,2.140000000000000000e+02,6.760000000000000000e+02,2.000000000000000000e+02,-8.000000000000000000e+00,5.600000000000000000e+01,4.000000000000000000e+00
-1.000000000000000000e+00,8.000000000000000000e+00,1.600000000000000000e+01,6.810000000000000000e+02,2.000000000000000000e+02,6.840000000000000000e+02,2.000000000000000000e+02,-1.200000000000000000e+01,0.000000000000000000e+00,4.000000000000000000e+00
1.000000000000000000e+00,1.600000000000000000e+01,1.600000000000000000e+01,6.960000000000000000e+02,1.850000000000000000e+02,6.960000000000000000e+02,2.000000000000000000e+02,-1.000000000000000000e+00,-6.300000000000000000e+01,4.000000000000000000e+00
1.000000000000000000e+00,1.600000000000000000e+01,1.600000000000000000e+01,7.250000000000000000e+02,1.850000000000000000e+02,7.120000000000000000e+02,2.000000000000000000e+02,5.200000000000000000e+01,-6.300000000000000000e+01,4.000000000000000000e+00
-1.000000000000000000e+00,1.600000000000000000e+01,1.600000000000000000e+01,7.280000000000000000e+02,2.180000000000000000e+02,7.280000000000000000e+02,2.000000000000000000e+02,0.000000000000000000e+00,7.200000000000000000e+01,4.000000000000000000e+00
1.000000000000000000e+00,1.600000000000000000e+01,1.600000000000000000e+01,7.280000000000000000e+02,2.000000000000000000e+02,7.280000000000000000e+02,2.000000000000000000e+02,0.000000000000000000e+00,0.000000000000000000e+00,4.000000000000000000e+00
-1.000000000000000000e+00,1.600000000000000000e+01,1.600000000000000000e+01,7.440000000000000000e+02,2.180000000000000000e+02,7.440000000000000000e+02,2.000000000000000000e+02,0.000000000000000000e+00,7.200000000000000000e+01,4.000000000000000000e+00
1.000000000000000000e+00,1.600000000000000000e+01,1.600000000000000000e+01,7.440000000000000000e+02,2.000000000000000000e+02,7.440000000000000000e+02,2.000000000000000000e+02,0.000000000000000000e+00,0.000000000000000000e+00,4.000000000000000000e+00
-1.000000000000000000e+00,1.600000000000000000e+01,1.600000000000000000e+01,7.570000000000000000e+02,2.200000000000000000e+02,7.600000000000000000e+02,2.000000000000000000e+02,-1.200000000000000000e+01,8.200000000000000000e+01,4.000000000000000000e+00
1.000000000000000000e+00,1.600000000000000000e+01,1.600000000000000000e+01,7.600000000000000000e+02,2.000000000000000000e+02,7.600000000000000000e+02,2.000000000000000000e+02,0.000000000000000000e+00,0.000000000000000000e+00,4.000000000000000000e+00
-1.000000000000000000e+00,1.600000000000000000e+01,1.600000000000000000e+01,8.540000000000000000e+02,2.120000000000000000e+02,8.720000000000000000e+02,2.000000000000000000e+02,-7.400000000000000000e+01,5.100000000000000000e+01,4.000000000000000000e+00
1.000000000000000000e+00,1.600000000000000000e+01,1.600000000000000000e+01,8.870000000000000000e+02,1.890000000000000000e+02,8.720000000000000000e+02,2.000000000000000000e+02,6.100000000000000000e+01,-4.700000000000000000e+01,4.000000000000000000e+00
-1.000000000000000000e+00,1.600000000000000000e+01,8.000000000000000000e+00,8.880000000000000000e+02,1.960000000000000000e+02,8.880000000000000000e+02,1.960000000000000000e+02,0.000000000000000000e+00,0.000000000000000000e+00,4.000000000000000000e+00
-1.000000000000000000e+00,1.600000000000000000e+01,8.000000000000000000e+00,8.680000000000000000e+02,2.160000000000000000e+02,8.880000000000000000e+02,2.040000000000000000e+02,-8.200000000000000000e+01,5.100000000000000000e+01,4.000000000000000000e+00
1.000000000000000000e+00,1.600000000000000000e+01,8.000000000000000000e+00,9.100000000000000000e+02,1.870000000000000000e+02,8.880000000000000000e+02,1.960000000000000000e+02,9.100000000000000000e+01,-3.600000000000000000e+01,4.000000000000000000e+00
1.000000000000000000e+00,1.600000000000000000e+01,8.000000000000000000e+00,8.880000000000000000e+02,2.040000000000000000e+02,8.880000000000000000e+02,2.040000000000000000e+02,0.000000000000000000e+00,0.000000000000000000e+00,4.000000000000000000e+00
-1.000000000000000000e+00,1.600000000000000000e+01,8.000000000000000000e+00,9.040000000000000000e+02,1.960000000000000000e+02,9.040000000000000000e+02,1.960000000000000000e+02,0.000000000000000000e+00,0.000000000000000000e+00,4.000000000000000000e+00
-1.000000000000000000e+00,1.600000000000000000e+01,8.000000000000000000e+00,8.840000000000000000e+02,2.160000000000000000e+02,9.040000000000000000e+02,2.040000000000000000e+02,-8.200000000000000000e+01,5.100000000000000000e+01,4.000000000000000000e+00
1.000000000000000000e+00,1.600000000000000000e+01,8.000000000000000000e+00,9.260000000000000000e+02,1.870000000000000000e+02,9.040000000000000000e+02,1.960000000000000000e+02,9.000000000000000000e+01,-3.800000000000000000e+01,4.000000000000000000e+00
1.000000000000000000e+00,1.600000000000000000e+01,8.000000000000000000e+00,9.040000000000000000e+02,2.040000000000000000e+02,9.040000000000000000e+02,2.040000000000000000e+02,0.000000000000000000e+00,0.000000000000000000e+00,4.000000000000000000e+00
-1.000000000000000000e+00,1.600000000000000000e+01,8.000000000000000000e+00,9.200000000000000000e+02,1.960000000000000000e+02,9.200000000000000000e+02,1.960000000000000000e+02,0.000000000000000000e+00,0.000000000000000000e+00,4.000000000000000000e+00
-1.000000000000000000e+00,1.600000000000000000e+01,8.000000000000000000e+00,9.000000000000000000e+02,2.160000000000000000e+02,9.200000000000000000e+02,2.040000000000000000e+02,-8.200000000000000000e+01,5.100000000000000000e+01,4.000000000000000000e+00
1.000000000000000000e+00,1.600000000000000000e+01,8.000000000000000000e+00,9.450000000000000000e+02,1.750000000000000000e+02,9.200000000000000000e+02,1.960000000000000000e+02,1.030000000000000000e+02,-8.400000000000000000e+01,4.000000000000000000e+00
1.000000000000000000e+00,1.600000000000000000e+01,8.000000000000000000e+00,9.200000000000000000e+02,2.040000000000000000e+02,9.200000000000000000e+02,2.040000000000000000e+02,0.000000000000000000e+00,0.000000000000000000e+00,4.000000000000000000e+00
1.000000000000000000e+00,1.600000000000000000e+01,1.600000000000000000e+01,9.620000000000000000e+02,1.790000000000000000e+02,9.360000000000000000e+02,2.000000000000000000e+02,1.040000000000000000e+02,-8.400000000000000000e+01,4.000000000000000000e+00
1.000000000000000000e+00,1.600000000000000000e+01,1.600000000000000000e+01,9.780000000000000000e+02,1.800000000000000000e+02,9.520000000000000000e+02,2.000000000000000000e+02,1.040000000000000000e+02,-8.100000000000000000e+01,4.000000000000000000e+00
1.000000000000000000e+00,1.600000000000000000e+01,1.600000000000000000e+01,9.940000000000000000e+02,1.800000000000000000e+02,9.680000000000000000e+02,2.000000000000000000e+02,1.040000000000000000e+02,-8.100000000000000000e+01,4.000000000000000000e+00
-1.000000000000000000e+00,1.600000000000000000e+01,1.600000000000000000e+01,9.760000000000000000e+02,2.210000000000000000e+02,1.000000000000000000e+03,2.000000000000000000e+02,-9.600000000000000000e+01,8.500000000000000000e+01,4.000000000000000000e+00
1.000000000000000000e+00,1.600000000000000000e+01,1.600000000000000000e+01,1.046000000000000000e+03,1.790000000000000000e+02,1.016000000000000000e+03,2.000000000000000000e+02,1.200000000000000000e+02,-8.400000000000000000e+01,4.000000000000000000e+00
1.000000000000000000e+00,8.000000000000000000e+00,1.600000000000000000e+01,1.058000000000000000e+03,1.790000000000000000e+02,1.028000000000000000e+03,2.000000000000000000e+02,1.200000000000000000e+02,-8.400000000000000000e+01,4.000000000000000000e+00
1.000000000000000000e+00,8.000000000000000000e+00,1.600000000000000000e+01,1.066000000000000000e+03,1.800000000000000000e+02,1.036000000000000000e+03,2.000000000000000000e+02,1.200000000000000000e+02,-8.300000000000000000e+01,4.000000000000000000e+00
-1.000000000000000000e+00,1.600000000000000000e+01,8.000000000000000000e+00,1.048000000000000000e+03,1.960000000000000000e+02,1.048000000000000000e+03,1.960000000000000000e+02,0.000000000000000000e+00,0.000000000000000000e+00,4.000000000000000000e+00
-1.000000000000000000e+00,1.600000000000000000e+01,8.000000000000000000e+00,1.048000000000000000e+03,2.040000000000000000e+02,1.048000000000000000e+03,2.040000000000000000e+02,0.000000000000000000e+00,0.000000000000000000e+00,4.000000000000000000e+00
1.000000000000000000e+00,1.600000000000000000e+01,8.000000000000000000e+00,1.048000000000000000e+03,1.960000000000000000e+02,1.048000000000000000e+03,1.960000000000000000e+02,0.000000000000000000e+00,0.000000000000000000e+00,4.000000000000000000e+00
1.000000000000000000e+00,1.600000000000000000e+01,8.000000000000000000e+00,1.078000000000000000e+03,1.840000000000000000e+02,1.048000000000000000e+03,2.040000000000000000e+02,1.200000000000000000e+02,-8.200000000000000000e+01,4.000000000000000000e+00
1.000000000000000000e+00,1.600000000000000000e+01,1.600000000000000000e+01,1.045000000000000000e+03,1.880000000000000000e+02,1.064000000000000000e+03,2.000000000000000000e+02,-7.800000000000000000e+01,-4.800000000000000000e+01,4.000000000000000000e+00
1.000000000000000000e+00,8.000000000000000000e+00,1.600000000000000000e+01,1.057000000000000000e+03,1.880000000000000000e+02,1.076000000000000000e+03,2.000000000000000000e+02,-7.800000000000000000e+01,-4.800000000000000000e+01,4.000000000000000000e+00
1.000000000000000000e+00,8.000000000000000000e+00,1.600000000000000000e+01,1.088000000000000000e+03,1.840000000000000000e+02,1.084000000000000000e+03,2.000000000000000000e+02,1.600000000000000000e+01,-6.500000000000000000e+01,4.000000000000000000e+00
1.000000000000000000e+00,1.600000000000000000e+01,1.600000000000000000e+01,1.100000000000000000e+03,1.840000000000000000e+02,1.096000000000000000e+03,2.000000000000000000e+02,1.600000000000000000e+01,-6.500000000000000000e+01,4.000000000000000000e+00
1.000000000000000000e+00,1.600000000000000000e+01,1.600000000000000000e+01,1.096000000000000000e+03,1.880000000000000000e+02,1.112000000000000000e+03,2.000000000000000000e+02,-6.500000000000000000e+01,-5.000000000000000000e+01,4.000000000000000000e+00
1.000000000000000000e+00,1.600000000000000000e+01,1.600000000000000000e+01,1.132000000000000000e+03,1.840000000000000000e+02,1.128000000000000000e+03,2.000000000000000000e+02,1.600000000000000000e+01,-6.400000000000000000e+01,4.000000000000000000e+00
1.000000000000000000e+00,1.600000000000000000e+01,1.600000000000000000e+01,1.148000000000000000e+03,1.840000000000000000e+02,1.144000000000000000e+03,2.000000000000000000e+02,1.600000000000000000e+01,-6.400000000000000000e+01,4.000000000000000000e+00
1.000000000000000000e+00,8.000000000000000000e+00,1.600000000000000000e+01,1.160000000000000000e+03,1.840000000000000000e+02,1.156000000000000000e+03,2.000000000000000000e+02,1.600000000000000000e+01,-6.500000000000000000e+01,4.000000000000000000e+00
1.000000000000000000e+00,8.000000000000000000e+00,1.600000000000000000e+01,1.168000000000000000e+03,1.850000000000000000e+02,1.164000000000000000e+03,2.000000000000000000e+02,1.600000000000000000e+01,-6.300000000000000000e+01,4.000000000000000000e+00
-1.000000000000000000e+00,1.600000000000000000e+01,1.600000000000000000e+01,1.176000000000000000e+03,2.160000000000000000e+02,1.176000000000000000e+03,2.000000000000000000e+02,0.000000000000000000e+00,6.400000000000000000e+01,4.000000000000000000e+00
1.000000000000000000e+00,1.600000000000000000e+01,1.600000000000000000e+01,1.180000000000000000e+03,1.850000000000000000e+02,1.176000000000000000e+03,2.000000000000000000e+02,1.600000000000000000e+01,-6.300000000000000000e+01,4.000000000000000000e+00
-1.000000000000000000e+00,1.600000000000000000e+01,1.600000000000000000e+01,1.192000000000000000e+03,2.160000000000000000e+02,1.192000000000000000e+03,2.000000000000000000e+02,1.000000000000000000e+00,6.400000000000000000e+01,4.000000000000000000e+00
1.000000000000000000e+00,1.600000000000000000e+01,1.600000000000000000e+01,1.196000000000000000e+03,1.850000000000000000e+02,1.192000000000000000e+03,2.000000000000000000e+02,1.600000000000000000e+01,-6.300000000000000000e+01,4.000000000000000000e+00
-1.000000000000000000e+00,1.600000000000000000e+01,1.600000000000000000e+01,1.208000000000000000e+03,2.160000000000000000e+02,1.208000000000000000e+03,2.000000000000000000e+02,1.000000000000000000e+00,6.400000000000000000e+01,4.000000000000000000e+00
1.000000000000000000e+00,1.600000000000000000e+01,1.600000000000000000e+01,1.212000000000000000e+03,1.850000000000000000e+02,1.208000000000000000e+03,2.000000000000000000e+02,1.600000000000000000e+01,-6.300000000000000000e+01,4.000000000000000000e+00
-1.000000000000000000e+00,1.600000000000000000e+01,1.600000000000000000e+01,1.214000000000000000e+03,2.180000000000000000e+02,1.224000000000000000e+03,2.000000000000000000e+02,-4.000000000000000000e+01,7.200000000000000000e+01,4.000000000000000000e+00
1.000000000000000000e+00,1.600000000000000000e+01,1.600000000000000000e+01,1.228000000000000000e+03,1.850000000000000000e+02,1.224000000000000000e+03,2.000000000000000000e+02,1.600000000000000000e+01,-6.300000000000000000e+01,4.000000000000000000e+00
-1.000000000000000000e+00,8.000000000000000000e+00,1.600000000000000000e+01,1.236000000000000000e+03,2.000000000000000000e+02,1.236000000000000000e+03,2.000000000000000000e+02,0.000000000000000000e+00,0.000000000000000000e+00,4.000000000000000000e+00
-1.000000000000000000e+00,8.000000000000000000e+00,1.600000000000000000e+01,1.253000000000000000e+03,2.180000000000000000e+02,1.244000000000000000e+03,2.000000000000000000e+02,3.600000000000000000e+01,7.200000000000000000e+01,4.000000000000000000e+00
1.000000000000000000e+00,8.000000000000000000e+00,1.600000000000000000e+01,1.240000000000000000e+03,1.850000000000000000e+02,1.236000000000000000e+03,2.000000000000000000e+02,1.600000000000000000e+01,-6.100000000000000000e+01,4.000000000000000000e+00
1.000000000000000000e+00,8.000000000000000000e+00,1.600000000000000000e+01,1.244000000000000000e+03,2.000000000000000000e+02,1.244000000000000000e+03,2.000000000000000000e+02,0.000000000000000000e+00,0.000000000000000000e+00,4.000000000000000000e+00
1.000000000000000000e+00,1.600000000000000000e+01,1.600000000000000000e+01,1.256000000000000000e+03,1.840000000000000000e+02,1.256000000000000000e+03,2.000000000000000000e+02,0.000000000000000000e+00,-6.400000000000000000e+01,4.000000000000000000e+00
-1.000000000000000000e+00,1.600000000000000000e+01,1.600000000000000000e+01,1.266000000000000000e+03,2.180000000000000000e+02,1.272000000000000000e+03,2.000000000000000000e+02,-2.400000000000000000e+01,7.200000000000000000e+01,4.000000000000000000e+00
1.000000000000000000e+00,1.600000000000000000e+01,1.600000000000000000e+01,3.600000000000000000e+01,1.960000000000000000e+02,8.000000000000000000e+00,2.160000000000000000e+02,1.120000000000000000e+02,-8.300000000000000000e+01,4.000000000000000000e+00
1.000000000000000000e+00,1.600000000000000000e+01,1.600000000000000000e+01,5.200000000000000000e+01,1.950000000000000000e+02,2.400000000000000000e+01,2.160000000000000000e+02,1.120000000000000000e+02,-8.400000000000000000e+01,4.000000000000000000e+00
-1.000000000000000000e+00,8.000000000000000000e+00,1.600000000000000000e+01,3.600000000000000000e+01,2.160000000000000000e+02,3.600000000000000000e+01,2.160000000000000000e+02,0.000000000000000000e+00,0.000000000000000000e+00,4.000000000000000000e+00
-1.000000000000000000e+00,8.000000000000000000e+00,1.600000000000000000e+01,2.100000000000000000e+01,2.360000000000000000e+02,4.400000000000000000e+01,2.160000000000000000e+02,-9.300000000000000000e+01,8.000000000000000000e+01,4.000000000000000000e+00
1.000000000000000000e+00,8.000000000000000000e+00,1.600000000000000000e+01,6.300000000000000000e+01,1.950000000000000000e+02,3.600000000000000000e+01,2.160000000000000000e+02,1.090000000000000000e+02,-8.400000000000000000e+01,4.000000000000000000e+00
1.000000000000000000e+00,8.000000000000000000e+00,1.600000000000000000e+01,4.400000000000000000e+01,2.160000000000000000e+02,4.400000000000000000e+01,2.160000000000000000e+02,0.000000000000000000e+00,0.000000000000000000e+00,4.000000000000000000e+00
-1.000000000000000000e+00,1.600000000000000000e+01,1.600000000000000000e+01,3.300000000000000000e+01,2.360000000000000000e+02,5.600000000000000000e+01,2.160000000000000000e+02,-9.300000000000000000e+01,8.000000000000000000e+01,4.000000000000000000e+00
1.000000000000000000e+00,1.600000000000000000e+01,1.600000000000000000e+01,8.100000000000000000e+01,1.940000000000000000e+02,5.600000000000000000e+01,2.160000000000000000e+02,1.000000000000000000e+02,-8.800000000000000000e+01,4.000000000000000000e+00
1.000000000000000000e+00,1.600000000000000000e+01,1.600000000000000000e+01,9.700000000000000000e+01,1.940000000000000000e+02,7.200000000000000000e+01,2.160000000000000000e+02,1.000000000000000000e+02,-8.800000000000000000e+01,4.000000000000000000e+00
1.000000000000000000e+00,1.600000000000000000e+01,1.600000000000000000e+01,1.130000000000000000e+02,1.960000000000000000e+02,8.800000000000000000e+01,2.160000000000000000e+02,1.000000000000000000e+02,-8.200000000000000000e+01,4.000000000000000000e+00
1.000000000000000000e+00,1.600000000000000000e+01,1.600000000000000000e+01,1.280000000000000000e+02,1.960000000000000000e+02,1.040000000000000000e+02,2.160000000000000000e+02,9.600000000000000000e+01,-8.200000000000000000e+01,4.000000000000000000e+00
-1.000000000000000000e+00,1.600000000000000000e+01,1.600000000000000000e+01,9.900000000000000000e+01,2.340000000000000000e+02,1.200000000000000000e+02,2.160000000000000000e+02,-8.500000000000000000e+01,7.200000000000000000e+01,4.000000000000000000e+00
1.000000000000000000e+00,1.600000000000000000e+01,1.600000000000000000e+01,1.440000000000000000e+02,1.960000000000000000e+02,1.200000000000000000e+02,2.160000000000000000e+02,9.600000000000000000e+01,-8.200000000000000000e+01,4.000000000000000000e+00
-1.000000000000000000e+00,1.600000000000000000e+01,1.600000000000000000e+01,1.150000000000000000e+02,2.340000000000000000e+02,1.360000000000000000e+02,2.160000000000000000e+02,-8.500000000000000000e+01,7.200000000000000000e+01,4.000000000000000000e+00
1.000000000000000000e+00,1.600000000000000000e+01,1.600000000000000000e+01,1.600000000000000000e+02,1.960000000000000000e+02,1.360000000000000000e+02,2.160000000000000000e+02,9.600000000000000000e+01,-8.200000000000000000e+01,4.000000000000000000e+00
-1.000000000000000000e+00,1.600000000000000000e+01,1.600000000000000000e+01,1.310000000000000000e+02,2.340000000000000000e+02,1.520000000000000000e+02,2.160000000000000000e+02,-8.500000000000000000e+01,7.200000000000000000e+01,4.000000000000000000e+00
1.000000000000000000e+00,1.600000000000000000e+01,1.600000000000000000e+01,1.760000000000000000e+02,1.990000000000000000e+02,1.520000000000000000e+02,2.160000000000000000e+02,9.600000000000000000e+01,-7.100000000000000000e+01,4.000000000000000000e+00
-1.000000000000000000e+00,1.600000000000000000e+01,1.600000000000000000e+01,1.470000000000000000e+02,2.340000000000000000e+02,1.680000000000000000e+02,2.160000000000000000e+02,-8.500000000000000000e+01,7.200000000000000000e+01,4.000000000000000000e+00
1.000000000000000000e+00,1.600000000000000000e+01,1.600000000000000000e+01,1.910000000000000000e+02,1.990000000000000000e+02,1.680000000000000000e+02,2.160000000000000000e+02,9.500000000000000000e+01,-7.100000000000000000e+01,4.000000000000000000e+00
-1.000000000000000000e+00,1.600000000000000000e+01,1.600000000000000000e+01,1.630000000000000000e+02,2.340000000000000000e+02,1.840000000000000000e+02,2.160000000000000000e+02,-8.500000000000000000e+01,7.200000000000000000e+01,4.000000000000000000e+00
1.000000000000000000e+00,1.600000000000000000e+01,1.600000000000000000e+01,2.070000000000000000e+02,1.990000000000000000e+02,1.840000000000000000e+02,2.160000000000000000e+02,9.500000000000000000e+01,-7.100000000000000000e+01,4.000000000000000000e+00
-1.000000000000000000e+00,1.600000000000000000e+01,1.600000000000000000e+01,1.790000000000000000e+02,2.340000000000000000e+02,2.000000000000000000e+02,2.160000000000000000e+02,-8.500000000000000000e+01,7.200000000000000000e+01,4.000000000000000000e+00
1.000000000000000000e+00,1.600000000000000000e+01,1.600000000000000000e+01,2.240000000000000000e+02,1.990000000000000000e+02,2.000000000000000000e+02,2.160000000000000000e+02,9.600000000000000000e+01,-7.100000000000000000e+01,4.000000000000000000e+00
1.000000000000000000e+00,1.600000000000000000e+01,1.600000000000000000e+01,2.410000000000000000e+02,1.990000000000000000e+02,2.160000000000000000e+02,2.160000000000000000e+02,1.010000000000000000e+02,-7.100000000000000000e+01,4.000000000000000000e+00
-1.000000000000000000e+00,1.600000000000000000e+01,1.600000000000000000e+01,2.110000000000000000e+02,2.320000000000000000e+02,2.320000000000000000e+02,2.160000000000000000e+02,-8.700000000000000000e+01,6.400000000000000000e+01,4.000000000000000000e+00
1.000000000000000000e+00,1.600000000000000000e+01,1.600000000000000000e+01,2.570000000000000000e+02,2.180000000000000000e+02,2.320000000000000000e+02,2.160000000000000000e+02,1.000000000000000000e+02,8.000000000000000000e+00,4.000000000000000000e+00
-1.000000000000000000e+00,1.600000000000000000e+01,1.600000000000000000e+01,2.270000000000000000e+02,2.320000000000000000e+02,2.480000000000000000e+02,2.160000000000000000e+02,-8.700000000000000000e+01,6.400000000000000000e+01,4.000000000000000000e+00
1.000000000000000000e+00,1.600000000000000000e+01,1.600000000000000000e+01,2.730000000000000000e+02,2.180000000000000000e+02,2.480000000000000000e+02,2.160000000000000000e+02,1.000000000000000000e+02,8.000000000000000000e+00,4.000000000000000000e+00
-1.000000000000000000e+00,1.600000000000000000e+01,1.600000000000000000e+01,2.430000000000000000e+02,2.320000000000000000e+02,2.640000000000000000e+02,2.160000000000000000e+02,-8.700000000000000000e+01,6.400000000000000000e+01,4.000000000000000000e+00
1.000000000000000000e+00,1.600000000000000000e+01,1.600000000000000000e+01,2.880000000000000000e+02,2.160000000000000000e+02,2.640000000000000000e+02,2.160000000000000000e+02,9.900000000000000000e+01,0.000000000000000000e+00,4.000000000000000000e+00
-1.000000000000000000e+00,1.600000000000000000e+01,1.600000000000000000e+01,2.590000000000000000e+02,2.320000000000000000e+02,2.800000000000000000e+02,2.160000000000000000e+02,-8.700000000000000000e+01,6.400000000000000000e+01,4.000000000000000000e+00
1.000000000000000000e+00,1.600000000000000000e+01,1.600000000000000000e+01,3.040000000000000000e+02,2.160000000000000000e+02,2.800000000000000000e+02,2.160000000000000000e+02,9.600000000000000000e+01,0.000000000000000000e+00,4.000000000000000000e+00
1.000000000000000000e+00,1.600000000000000000e+01,1.600000000000000000e+01,3.660000000000000000e+02,2.160000000000000000e+02,3.440000000000000000e+02,2.160000000000000000e+02,8.800000000000000000e+01,0.000000000000000000e+00,4.000000000000000000e+00
1.000000000000000000e+00,1.600000000000000000e+01,1.600000000000000000e+01,3.820000000000000000e+02,1.960000000000000000e+02,3.600000000000000000e+02,2.160000000000000000e+02,8.800000000000000000e+01,-8.300000000000000000e+01,4.000000000000000000e+00
1.000000000000000000e+00,1.600000000000000000e+01,1.600000000000000000e+01,3.980000000000000000e+02,1.960000000000000000e+02,3.760000000000000000e+02,2.160000000000000000e+02,8.800000000000000000e+01,-8.300000000000000000e+01,4.000000000000000000e+00
1.000000000000000000e+00,1.600000000000000000e+01,1.600000000000000000e+01,4.140000000000000000e+02,1.960000000000000000e+02,3.920000000000000000e+02,2.160000000000000000e+02,8.800000000000000000e+01,-8.200000000000000000e+01,4.000000000000000000e+00
-1.000000000000000000e+00,1.600000000000000000e+01,1.600000000000000000e+01,3.870000000000000000e+02,2.360000000000000000e+02,4.080000000000000000e+02,2.160000000000000000e+02,-8.400000000000000000e+01,8.000000000000000000e+01,4.000000000000000000e+00
1.000000000000000000e+00,1.600000000000000000e+01,1.600000000000000000e+01,4.240000000000000000e+02,2.160000000000000000e+02,4.240000000000000000e+02,2.160000000000000000e+02,0.000000000000000000e+00,0.000000000000000000e+00,4.000000000000000000e+00
1.000000000000000000e+00,1.600000000000000000e+01,1.600000000000000000e+01,4.400000000000000000e+02,2.160000000000000000e+02,4.400000000000000000e+02,2.160000000000000000e+02,0.000000000000000000e+00,0.000000000000000000e+00,4.000000000000000000e+00
-1.000000000000000000e+00,1.600000000000000000e+01,1.600000000000000000e+01,4.140000000000000000e+02,2.310000000000000000e+02,4.560000000000000000e+02,2.160000000000000000e+02,-1.690000000000000000e+02,6.100000000000000000e+01,4.000000000000000000e+00
-1.000000000000000000e+00,1.600000000000000000e+01,8.000000000000000000e+00,4.280000000000000000e+02,2.270000000000000000e+02,4.720000000000000000e+02,2.120000000000000000e+02,-1.760000000000000000e+02,6.100000000000000000e+01,4.000000000000000000e+00
-1.000000000000000000e+00,1.600000000000000000e+01,8.000000000000000000e+00,4.300000000000000000e+02,2.350000000000000000e+02,4.720000000000000000e+02,2.200000000000000000e+02,-1.690000000000000000e+02,6.100000000000000000e+01,4.000000000000000000e+00
-1.000000000000000000e+00,1.600000000000000000e+01,1.600000000000000000e+01,4.460000000000000000e+02,2.290000000000000000e+02,4.880000000000000000e+02,2.160000000000000000e+02,-1.680000000000000000e+02,5.500000000000000000e+01,4.000000000000000000e+00
-1.000000000000000000e+00,1.600000000000000000e+01,1.600000000000000000e+01,4.610000000000000000e+02,2.310000000000000000e+02,5.040000000000000000e+02,2.160000000000000000e+02,-1.750000000000000000e+02,6.300000000000000000e+01,4.000000000000000000e+00
-1.000000000000000000e+00,1.600000000000000000e+01,1.600000000000000000e+01,5.240000000000000000e+02,2.300000000000000000e+02,5.360000000000000000e+02,2.160000000000000000e+02,-5.100000000000000000e+01,5.700000000000000000e+01,4.000000000000000000e+00
-1.000000000000000000e+00,1.600000000000000000e+01,1.600000000000000000e+01,5.400000000000000000e+02,2.300000000000000000e+02,5.520000000000000000e+02,2.160000000000000000e+02,-5.100000000000000000e+01,5.700000000000000000e+01,4.000000000000000000e+00
1.000000000000000000e+00,1.600000000000000000e+01,1.600000000000000000e+01,6.080000000000000000e+02,2.030000000000000000e+02,5.840000000000000000e+02,2.160000000000000000e+02,9.600000000000000000e+01,-5.200000000000000000e+01,4.000000000000000000e+00
1.000000000000000000e+00,1.600000000000000000e+01,1.600000000000000000e+01,6.510000000000000000e+02,2.160000000000000000e+02,6.320000000000000000e+02,2.160000000000000000e+02,7.600000000000000000e+01,0.000000000000000000e+00,4.000000000000000000e+00
-1.000000000000000000e+00,1.600000000000000000e+01,1.600000000000000000e+01,6.480000000000000000e+02,2.300000000000000000e+02,6.480000000000000000e+02,2.160000000000000000e+02,0.000000000000000000e+00,5.600000000000000000e+01,4.000000000000000000e+00
1.000000000000000000e+00,1.600000000000000000e+01,1.600000000000000000e+01,6.670000000000000000e+02,2.160000000000000000e+02,6.480000000000000000e+02,2.160000000000000000e+02,7.600000000000000000e+01,0.000000000000000000e+00,4.000000000000000000e+00
1.000000000000000000e+00,1.600000000000000000e+01,1.600000000000000000e+01,7.010000000000000000e+02,1.990000000000000000e+02,6.960000000000000000e+02,2.160000000000000000e+02,2.000000000000000000e+01,-6.900000000000000000e+01,4.000000000000000000e+00
-1.000000000000000000e+00,1.600000000000000000e+01,1.600000000000000000e+01,7.120000000000000000e+02,2.340000000000000000e+02,7.120000000000000000e+02,2.160000000000000000e+02,0.000000000000000000e+00,7.200000000000000000e+01,4.000000000000000000e+00
1.000000000000000000e+00,1.600000000000000000e+01,1.600000000000000000e+01,7.170000000000000000e+02,2.010000000000000000e+02,7.120000000000000000e+02,2.160000000000000000e+02,2.000000000000000000e+01,-6.300000000000000000e+01,4.000000000000000000e+00
-1.000000000000000000e+00,1.600000000000000000e+01,1.600000000000000000e+01,7.280000000000000000e+02,2.340000000000000000e+02,7.280000000000000000e+02,2.160000000000000000e+02,0.000000000000000000e+00,7.200000000000000000e+01,4.000000000000000000e+00
1.000000000000000000e+00,1.600000000000000000e+01,1.600000000000000000e+01,7.280000000000000000e+02,2.160000000000000000e+02,7.280000000000000000e+02,2.160000000000000000e+02,0.000000000000000000e+00,0.000000000000000000e+00,4.000000000000000000e+00
-1.000000000000000000e+00,1.600000000000000000e+01,1.600000000000000000e+01,7.570000000000000000e+02,2.360000000000000000e+02,7.600000000000000000e+02,2.160000000000000000e+02,-1.200000000000000000e+01,8.200000000000000000e+01,4.000000000000000000e+00
1.000000000000000000e+00,1.600000000000000000e+01,1.600000000000000000e+01,7.600000000000000000e+02,2.160000000000000000e+02,7.600000000000000000e+02,2.160000000000000000e+02,0.000000000000000000e+00,0.000000000000000000e+00,4.000000000000000000e+00
-1.000000000000000000e+00,1.600000000000000000e+01,1.600000000000000000e+01,7.730000000000000000e+02,2.360000000000000000e+02,7.760000000000000000e+02,2.160000000000000000e+02,-1.200000000000000000e+01,8.200000000000000000e+01,4.000000000000000000e+00
1.000000000000000000e+00,1.600000000000000000e+01,1.600000000000000000e+01,7.760000000000000000e+02,2.160000000000000000e+02,7.760000000000000000e+02,2.160000000000000000e+02,0.000000000000000000e+00,0.000000000000000000e+00,4.000000000000000000e+00
1.000000000000000000e+00,1.600000000000000000e+01,1.600000000000000000e+01,7.920000000000000000e+02,2.160000000000000000e+02,7.920000000000000000e+02,2.160000000000000000e+02,0.000000000000000000e+00,0.000000000000000000e+00,4.000000000000000000e+00
-1.000000000000000000e+00,1.600000000000000000e+01,1.600000000000000000e+01,8.400000000000000000e+02,2.160000000000000000e+02,8.400000000000000000e+02,2.160000000000000000e+02,0.000000000000000000e+00,0.000000000000000000e+00,4.000000000000000000e+00
1.000000000000000000e+00,8.000000000000000000e+00,1.600000000000000000e+01,8.520000000000000000e+02,2.160000000000000000e+02,8.520000000000000000e+02,2.160000000000000000e+02,0.000000000000000000e+00,0.000000000000000000e+00,4.000000000000000000e+00
1.000000000000000000e+00,8.000000000000000000e+00,1.600000000000000000e+01,8.750000000000000000e+02,2.050000000000000000e+02,8.600000000000000000e+02,2.160000000000000000e+02,6.100000000000000000e+01,-4.700000000000000000e+01,4.000000000000000000e+00
-1.000000000000000000e+00,1.600000000000000000e+01,1.600000000000000000e+01,8.530000000000000000e+02,2.280000000000000000e+02,8.720000000000000000e+02,2.160000000000000000e+02,-7.600000000000000000e+01,5.100000000000000000e+01,4.000000000000000000e+00
-1.000000000000000000e+00,1.600000000000000000e+01,1.600000000000000000e+01,8.690000000000000000e+02,2.270000000000000000e+02,8.880000000000000000e+02,2.160000000000000000e+02,-7.600000000000000000e+01,4.400000000000000000e+01,4.000000000000000000e+00
-1.000000000000000000e+00,1.600000000000000000e+01,1.600000000000000000e+01,8.830000000000000000e+02,2.250000000000000000e+02,9.040000000000000000e+02,2.160000000000000000e+02,-8.400000000000000000e+01,3.900000000000000000e+01,4.000000000000000000e+00
-1.000000000000000000e+00,1.600000000000000000e+01,8.000000000000000000e+00,9.000000000000000000e+02,2.240000000000000000e+02,9.200000000000000000e+02,2.120000000000000000e+02,-8.200000000000000000e+01,5.100000000000000000e+01,4.000000000000000000e+00
-1.000000000000000000e+00,1.600000000000000000e+01,8.000000000000000000e+00,8.880000000000000000e+02,2.250000000000000000e+02,9.200000000000000000e+02,2.200000000000000000e+02,-1.280000000000000000e+02,2.000000000000000000e+01,4.000000000000000000e+00
-1.000000000000000000e+00,1.600000000000000000e+01,1.600000000000000000e+01,9.160000000000000000e+02,2.360000000000000000e+02,9.360000000000000000e+02,2.160000000000000000e+02,-8.200000000000000000e+01,8.000000000000000000e+01,4.000000000000000000e+00
1.000000000000000000e+00,1.600000000000000000e+01,1.600000000000000000e+01,9.780000000000000000e+02,1.960000000000000000e+02,9.520000000000000000e+02,2.160000000000000000e+02,1.040000000000000000e+02,-8.100000000000000000e+01,4.000000000000000000e+00
1.000000000000000000e+00,1.600000000000000000e+01,1.600000000000000000e+01,9.940000000000000000e+02,1.960000000000000000e+02,9.680000000000000000e+02,2.160000000000000000e+02,1.040000000000000000e+02,-8.100000000000000000e+01,4.000000000000000000e+00
1.000000000000000000e+00,1.600000000000000000e+01,1.600000000000000000e+01,1.010000000000000000e+03,1.970000000000000000e+02,9.840000000000000000e+02,2.160000000000000000e+02,1.040000000000000000e+02,-7.900000000000000000e+01,4.000000000000000000e+00
1.000000000000000000e+00,1.600000000000000000e+01,1.600000000000000000e+01,1.026000000000000000e+03,1.970000000000000000e+02,1.000000000000000000e+03,2.160000000000000000e+02,1.040000000000000000e+02,-7.900000000000000000e+01,4.000000000000000000e+00
1.000000000000000000e+00,1.600000000000000000e+01,1.600000000000000000e+01,1.042000000000000000e+03,1.960000000000000000e+02,1.016000000000000000e+03,2.160000000000000000e+02,1.040000000000000000e+02,-8.000000000000000000e+01,4.000000000000000000e+00
1.000000000000000000e+00,1.600000000000000000e+01,1.600000000000000000e+01,1.057000000000000000e+03,1.960000000000000000e+02,1.032000000000000000e+03,2.160000000000000000e+02,1.020000000000000000e+02,-8.000000000000000000e+01,4.000000000000000000e+00
1.000000000000000000e+00,1.600000000000000000e+01,8.000000000000000000e+00,1.078000000000000000e+03,1.920000000000000000e+02,1.048000000000000000e+03,2.120000000000000000e+02,1.200000000000000000e+02,-8.200000000000000000e+01,4.000000000000000000e+00
1.000000000000000000e+00,1.600000000000000000e+01,8.000000000000000000e+00,1.073000000000000000e+03,2.000000000000000000e+02,1.048000000000000000e+03,2.200000000000000000e+02,1.020000000000000000e+02,-8.100000000000000000e+01,4.000000000000000000e+00
1.000000000000000000e+00,1.600000000000000000e+01,1.600000000000000000e+01,1.046000000000000000e+03,2.040000000000000000e+02,1.064000000000000000e+03,2.160000000000000000e+02,-7.200000000000000000e+01,-4.800000000000000000e+01,4.000000000000000000e+00
1.000000000000000000e+00,1.600000000000000000e+01,1.600000000000000000e+01,1.062000000000000000e+03,2.040000000000000000e+02,1.080000000000000000e+03,2.160000000000000000e+02,-7.200000000000000000e+01,-4.800000000000000000e+01,4.000000000000000000e+00
1.000000000000000000e+00,1.600000000000000000e+01,8.000000000000000000e+00,1.100000000000000000e+03,1.960000000000000000e+02,1.096000000000000000e+03,2.120000000000000000e+02,1.600000000000000000e+01,-6.500000000000000000e+01,4.000000000000000000e+00
1.000000000000000000e+00,1.600000000000000000e+01,8.000000000000000000e+00,1.078000000000000000e+03,2.080000000000000000e+02,1.096000000000000000e+03,2.200000000000000000e+02,-7.200000000000000000e+01,-4.800000000000000000e+01,4.000000000000000000e+00
1.000000000000000000e+00,1.600000000000000000e+01,1.600000000000000000e+01,1.116000000000000000e+03,2.000000000000000000e+02,1.112000000000000000e+03,2.160000000000000000e+02,1.600000000000000000e+01,-6.400000000000000000e+01,4.000000000000000000e+00
1.000000000000000000e+00,1.600000000000000000e+01,1.600000000000000000e+01,1.132000000000000000e+03,2.000000000000000000e+02,1.128000000000000000e+03,2.160000000000000000e+02,1.600000000000000000e+01,-6.400000000000000000e+01,4.000000000000000000e+00
1.000000000000000000e+00,1.600000000000000000e+01,1.600000000000000000e+01,1.148000000000000000e+03,2.000000000000000000e+02,1.144000000000000000e+03,2.160000000000000000e+02,1.600000000000000000e+01,-6.400000000000000000e+01,4.000000000000000000e+00
-1.000000000000000000e+00,1.600000000000000000e+01,1.600000000000000000e+01,1.160000000000000000e+03,2.320000000000000000e+02,1.160000000000000000e+03,2.160000000000000000e+02,0.000000000000000000e+00,6.400000000000000000e+01,4.000000000000000000e+00
1.000000000000000000e+00,1.600000000000000000e+01,1.600000000000000000e+01,1.164000000000000000e+03,2.000000000000000000e+02,1.160000000000000000e+03,2.160000000000000000e+02,1.600000000000000000e+01,-6.400000000000000000e+01,4.000000000000000000e+00
-1.000000000000000000e+00,1.600000000000000000e+01,1.600000000000000000e+01,1.176000000000000000e+03,2.320000000000000000e+02,1.176000000000000000e+03,2.160000000000000000e+02,0.000000000000000000e+00,6.400000000000000000e+01,4.000000000000000000e+00
1.000000000000000000e+00,1.600000000000000000e+01,1.600000000000000000e+01,1.180000000000000000e+03,2.010000000000000000e+02,1.176000000000000000e+03,2.160000000000000000e+02,1.600000000000000000e+01,-6.300000000000000000e+01,4.000000000000000000e+00
-1.000000000000000000e+00,1.600000000000000000e+01,1.600000000000000000e+01,1.192000000000000000e+03,2.320000000000000000e+02,1.192000000000000000e+03,2.160000000000000000e+02,1.000000000000000000e+00,6.400000000000000000e+01,4.000000000000000000e+00
1.000000000000000000e+00,1.600000000000000000e+01,1.600000000000000000e+01,1.196000000000000000e+03,2.010000000000000000e+02,1.192000000000000000e+03,2.160000000000000000e+02,1.600000000000000000e+01,-6.300000000000000000e+01,4.000000000000000000e+00
-1.000000000000000000e+00,1.600000000000000000e+01,1.600000000000000000e+01,1.208000000000000000e+03,2.320000000000000000e+02,1.208000000000000000e+03,2.160000000000000000e+02,1.000000000000000000e+00,6.400000000000000000e+01,4.000000000000000000e+00
1.000000000000000000e+00,1.600000000000000000e+01,1.600000000000000000e+01,1.212000000000000000e+03,2.010000000000000000e+02,1.208000000000000000e+03,2.160000000000000000e+02,1.600000000000000000e+01,-6.300000000000000000e+01,4.000000000000000000e+00
-1.000000000000000000e+00,1.600000000000000000e+01,1.600000000000000000e+01,1.224000000000000000e+03,2.320000000000000000e+02,1.224000000000000000e+03,2.160000000000000000e+02,0.000000000000000000e+00,6.400000000000000000e+01,4.000000000000000000e+00
1.000000000000000000e+00,1.600000000000000000e+01,1.600000000000000000e+01,1.228000000000000000e+03,2.010000000000000000e+02,1.224000000000000000e+03,2.160000000000000000e+02,1.600000000000000000e+01,-6.300000000000000000e+01,4.000000000000000000e+00
-1.000000000000000000e+00,1.600000000000000000e+01,1.600000000000000000e+01,1.240000000000000000e+03,2.320000000000000000e+02,1.240000000000000000e+03,2.160000000000000000e+02,0.000000000000000000e+00,6.400000000000000000e+01,4.000000000000000000e+00
1.000000000000000000e+00,1.600000000000000000e+01,1.600000000000000000e+01,1.244000000000000000e+03,2.010000000000000000e+02,1.240000000000000000e+03,2.160000000000000000e+02,1.600000000000000000e+01,-6.300000000000000000e+01,4.000000000000000000e+00
-1.000000000000000000e+00,1.600000000000000000e+01,1.600000000000000000e+01,1.256000000000000000e+03,2.320000000000000000e+02,1.256000000000000000e+03,2.160000000000000000e+02,0.000000000000000000e+00,6.400000000000000000e+01,4.000000000000000000e+00
1.000000000000000000e+00,1.600000000000000000e+01,1.600000000000000000e+01,1.256000000000000000e+03,2.010000000000000000e+02,1.256000000000000000e+03,2.160000000000000000e+02,0.000000000000000000e+00,-6.300000000000000000e+01,4.000000000000000000e+00
-1.000000000000000000e+00,1.600000000000000000e+01,1.600000000000000000e+01,1.272000000000000000e+03,2.320000000000000000e+02,1.272000000000000000e+03,2.160000000000000000e+02,0.000000000000000000e+00,6.400000000000000000e+01,4.000000000000000000e+00
1.000000000000000000e+00,1.600000000000000000e+01,1.600000000000000000e+01,1.272000000000000000e+03,2.010000000000000000e+02,1.272000000000000000e+03,2.160000000000000000e+02,0.000000000000000000e+00,-6.300000000000000000e+01,4.000000000000000000e+00
-1.000000000000000000e+00,1.600000000000000000e+01,1.600000000000000000e+01,1.700000000000000000e+01,2.520000000000000000e+02,4.000000000000000000e+01,2.320000000000000000e+02,-9.300000000000000000e+01,8.000000000000000000e+01,4.000000000000000000e+00
1.000000000000000000e+00,1.600000000000000000e+01,1.600000000000000000e+01,6.500000000000000000e+01,2.110000000000000000e+02,4.000000000000000000e+01,2.320000000000000000e+02,1.000000000000000000e+02,-8.400000000000000000e+01,4.000000000000000000e+00
-1.000000000000000000e+00,1.600000000000000000e+01,1.600000000000000000e+01,3.300000000000000000e+01,2.520000000000000000e+02,5.600000000000000000e+01,2.320000000000000000e+02,-9.300000000000000000e+01,8.000000000000000000e+01,4.000000000000000000e+00
1.000000000000000000e+00,1.600000000000000000e+01,1.600000000000000000e+01,8.100000000000000000e+01,2.100000000000000000e+02,5.600000000000000000e+01,2.320000000000000000e+02,1.000000000000000000e+02,-8.800000000000000000e+01,4.000000000000000000e+00
1.000000000000000000e+00,1.600000000000000000e+01,1.600000000000000000e+01,9.600000000000000000e+01,2.100000000000000000e+02,7.200000000000000000e+01,2.320000000000000000e+02,9.600000000000000000e+01,-8.800000000000000000e+01,4.000000000000000000e+00
1.000000000000000000e+00,1.600000000000000000e+01,1.600000000000000000e+01,1.120000000000000000e+02,2.100000000000000000e+02,8.800000000000000000e+01,2.320000000000000000e+02,9.600000000000000000e+01,-8.800000000000000000e+01,4.000000000000000000e+00
-1.000000000000000000e+00,1.600000000000000000e+01,1.600000000000000000e+01,8.000000000000000000e+01,2.530000000000000000e+02,1.040000000000000000e+02,2.320000000000000000e+02,-9.600000000000000000e+01,8.400000000000000000e+01,4.000000000000000000e+00
-1.000000000000000000e+00,1.600000000000000000e+01,1.600000000000000000e+01,9.600000000000000000e+01,2.530000000000000000e+02,1.200000000000000000e+02,2.320000000000000000e+02,-9.600000000000000000e+01,8.400000000000000000e+01,4.000000000000000000e+00
1.000000000000000000e+00,1.600000000000000000e+01,1.600000000000000000e+01,1.560000000000000000e+02,2.120000000000000000e+02,1.360000000000000000e+02,2.320000000000000000e+02,8.000000000000000000e+01,-8.000000000000000000e+01,4.000000000000000000e+00
1.000000000000000000e+00,1.600000000000000000e+01,1.600000000000000000e+01,1.750000000000000000e+02,2.150000000000000000e+02,1.520000000000000000e+02,2.320000000000000000e+02,9.500000000000000000e+01,-7.100000000000000000e+01,4.000000000000000000e+00
1.000000000000000000e+00,1.600000000000000000e+01,1.600000000000000000e+01,1.930000000000000000e+02,2.150000000000000000e+02,1.680000000000000000e+02,2.320000000000000000e+02,1.020000000000000000e+02,-7.100000000000000000e+01,4.000000000000000000e+00
-1.000000000000000000e+00,1.600000000000000000e+01,1.600000000000000000e+01,1.630000000000000000e+02,2.500000000000000000e+02,1.840000000000000000e+02,2.320000000000000000e+02,-8.500000000000000000e+01,7.200000000000000000e+01,4.000000000000000000e+00
1.000000000000000000e+00,1.600000000000000000e+01,1.600000000000000000e+01,2.080000000000000000e+02,2.150000000000000000e+02,1.840000000000000000e+02,2.320000000000000000e+02,9.600000000000000000e+01,-7.100000000000000000e+01,4.000000000000000000e+00
-1.000000000000000000e+00,1.600000000000000000e+01,1.600000000000000000e+01,1.790000000000000000e+02,2.500000000000000000e+02,2.000000000000000000e+02,2.320000000000000000e+02,-8.500000000000000000e+01,7.200000000000000000e+01,4.000000000000000000e+00
1.000000000000000000e+00,1.600000000000000000e+01,1.600000000000000000e+01,2.240000000000000000e+02,2.150000000000000000e+02,2.000000000000000000e+02,2.320000000000000000e+02,9.600000000000000000e+01,-7.100000000000000000e+01,4.000000000000000000e+00
1.000000000000000000e+00,1.600000000000000000e+01,1.600000000000000000e+01,2.410000000000000000e+02,2.150000000000000000e+02,2.160000000000000000e+02,2.320000000000000000e+02,1.000000000000000000e+02,-7.100000000000000000e+01,4.000000000000000000e+00
1.000000000000000000e+00,1.600000000000000000e+01,1.600000000000000000e+01,2.580000000000000000e+02,2.320000000000000000e+02,2.320000000000000000e+02,2.320000000000000000e+02,1.040000000000000000e+02,-2.000000000000000000e+00,4.000000000000000000e+00
1.000000000000000000e+00,1.600000000000000000e+01,1.600000000000000000e+01,2.730000000000000000e+02,2.320000000000000000e+02,2.480000000000000000e+02,2.320000000000000000e+02,1.000000000000000000e+02,-1.000000000000000000e+00,4.000000000000000000e+00
-1.000000000000000000e+00,1.600000000000000000e+01,1.600000000000000000e+01,2.430000000000000000e+02,2.480000000000000000e+02,2.640000000000000000e+02,2.320000000000000000e+02,-8.700000000000000000e+01,6.400000000000000000e+01,4.000000000000000000e+00
-1.000000000000000000e+00,1.600000000000000000e+01,1.600000000000000000e+01,2.590000000000000000e+02,2.480000000000000000e+02,2.800000000000000000e+02,2.320000000000000000e+02,-8.700000000000000000e+01,6.400000000000000000e+01,4.000000000000000000e+00
1.000000000000000000e+00,1.600000000000000000e+01,1.600000000000000000e+01,3.040000000000000000e+02,2.320000000000000000e+02,2.800000000000000000e+02,2.320000000000000000e+02,9.600000000000000000e+01,0.000000000000000000e+00,4.000000000000000000e+00
-1.000000000000000000e+00,1.600000000000000000e+01,1.600000000000000000e+01,2.730000000000000000e+02,2.480000000000000000e+02,2.960000000000000000e+02,2.320000000000000000e+02,-9.200000000000000000e+01,6.400000000000000000e+01,4.000000000000000000e+00
-1.000000000000000000e+00,1.600000000000000000e+01,1.600000000000000000e+01,2.890000000000000000e+02,2.480000000000000000e+02,3.120000000000000000e+02,2.320000000000000000e+02,-9.200000000000000000e+01,6.400000000000000000e+01,4.000000000000000000e+00
-1.000000000000000000e+00,1.600000000000000000e+01,1.600000000000000000e+01,3.050000000000000000e+02,2.480000000000000000e+02,3.280000000000000000e+02,2.320000000000000000e+02,-9.200000000000000000e+01,6.400000000000000000e+01,4.000000000000000000e+00
-1.000000000000000000e+00,1.600000000000000000e+01,1.600000000000000000e+01,3.210000000000000000e+02,2.480000000000000000e+02,3.440000000000000000e+02,2.320000000000000000e+02,-9.200000000000000000e+01,6.400000000000000000e+01,4.000000000000000000e+00
1.000000000000000000e+00,1.600000000000000000e+01,1.600000000000000000e+01,3.660000000000000000e+02,2.320000000000000000e+02,3.440000000000000000e+02,2.320000000000000000e+02,8.800000000000000000e+01,0.000000000000000000e+00,4.000000000000000000e+00
-1.000000000000000000e+00,1.600000000000000000e+01,1.600000000000000000e+01,3.370000000000000000e+02,2.480000000000000000e+02,3.600000000000000000e+02,2.320000000000000000e+02,-9.200000000000000000e+01,6.400000000000000000e+01,4.000000000000000000e+00
1.000000000000000000e+00,1.600000000000000000e+01,1.600000000000000000e+01,3.820000000000000000e+02,2.120000000000000000e+02,3.600000000000000000e+02,2.320000000000000000e+02,8.800000000000000000e+01,-8.300000000000000000e+01,4.000000000000000000e+00
-1.000000000000000000e+00,1.600000000000000000e+01,1.600000000000000000e+01,3.530000000000000000e+02,2.480000000000000000e+02,3.760000000000000000e+02,2.320000000000000000e+02,-9.200000000000000000e+01,6.400000000000000000e+01,4.000000000000000000e+00
1.000000000000000000e+00,1.600000000000000000e+01,1.600000000000000000e+01,3.980000000000000000e+02,2.120000000000000000e+02,3.760000000000000000e+02,2.320000000000000000e+02,8.800000000000000000e+01,-8.300000000000000000e+01,4.000000000000000000e+00
-1.000000000000000000e+00,1.600000000000000000e+01,1.600000000000000000e+01,3.710000000000000000e+02,2.480000000000000000e+02,3.920000000000000000e+02,2.320000000000000000e+02,-8.400000000000000000e+01,6.400000000000000000e+01,4.000000000000000000e+00
1.000000000000000000e+00,1.600000000000000000e+01,1.600000000000000000e+01,4.140000000000000000e+02,2.120000000000000000e+02,3.920000000000000000e+02,2.320000000000000000e+02,8.800000000000000000e+01,-8.200000000000000000e+01,4.000000000000000000e+00
1.000000000000000000e+00,1.600000000000000000e+01,1.600000000000000000e+01,4.630000000000000000e+02,2.330000000000000000e+02,4.400000000000000000e+02,2.320000000000000000e+02,9.200000000000000000e+01,4.000000000000000000e+00,4.000000000000000000e+00
-1.000000000000000000e+00,1.600000000000000000e+01,1.600000000000000000e+01,4.140000000000000000e+02,2.470000000000000000e+02,4.560000000000000000e+02,2.320000000000000000e+02,-1.690000000000000000e+02,6.100000000000000000e+01,4.000000000000000000e+00
1.000000000000000000e+00,1.600000000000000000e+01,1.600000000000000000e+01,4.790000000000000000e+02,2.330000000000000000e+02,4.560000000000000000e+02,2.320000000000000000e+02,9.200000000000000000e+01,4.000000000000000000e+00,4.000000000000000000e+00
-1.000000000000000000e+00,1.600000000000000000e+01,1.600000000000000000e+01,4.270000000000000000e+02,2.510000000000000000e+02,4.720000000000000000e+02,2.320000000000000000e+02,-1.810000000000000000e+02,7.800000000000000000e+01,4.000000000000000000e+00
-1.000000000000000000e+00,1.600000000000000000e+01,1.600000000000000000e+01,4.450000000000000000e+02,2.480000000000000000e+02,4.880000000000000000e+02,2.320000000000000000e+02,-1.720000000000000000e+02,6.400000000000000000e+01,4.000000000000000000e+00
-1.000000000000000000e+00,1.600000000000000000e+01,1.600000000000000000e+01,4.600000000000000000e+02,2.530000000000000000e+02,5.040000000000000000e+02,2.320000000000000000e+02,-1.770000000000000000e+02,8.500000000000000000e+01,4.000000000000000000e+00
-1.000000000000000000e+00,1.600000000000000000e+01,1.600000000000000000e+01,4.800000000000000000e+02,2.500000000000000000e+02,5.200000000000000000e+02,2.320000000000000000e+02,-1.630000000000000000e+02,7.400000000000000000e+01,4.000000000000000000e+00
-1.000000000000000000e+00,1.600000000000000000e+01,1.600000000000000000e+01,5.240000000000000000e+02,2.460000000000000000e+02,5.360000000000000000e+02,2.320000000000000000e+02,-5.100000000000000000e+01,5.700000000000000000e+01,4.000000000000000000e+00
-1.000000000000000000e+00,1.600000000000000000e+01,1.600000000000000000e+01,5.400000000000000000e+02,2.460000000000000000e+02,5.520000000000000000e+02,2.320000000000000000e+02,-5.100000000000000000e+01,5.700000000000000000e+01,4.000000000000000000e+00
1.000000000000000000e+00,1.600000000000000000e+01,1.600000000000000000e+01,5.650000000000000000e+02,2.170000000000000000e+02,5.520000000000000000e+02,2.320000000000000000e+02,5.500000000000000000e+01,-6.200000000000000000e+01,4.000000000000000000e+00
-1.000000000000000000e+00,1.600000000000000000e+01,1.600000000000000000e+01,5.560000000000000000e+02,2.450000000000000000e+02,5.680000000000000000e+02,2.320000000000000000e+02,-4.900000000000000000e+01,5.500000000000000000e+01,4.000000000000000000e+00
1.000000000000000000e+00,1.600000000000000000e+01,1.600000000000000000e+01,5.800000000000000000e+02,2.180000000000000000e+02,5.680000000000000000e+02,2.320000000000000000e+02,5.100000000000000000e+01,-5.700000000000000000e+01,4.000000000000000000e+00
-1.000000000000000000e+00,1.600000000000000000e+01,1.600000000000000000e+01,5.720000000000000000e+02,2.450000000000000000e+02,5.840000000000000000e+02,2.320000000000000000e+02,-4.900000000000000000e+01,5.500000000000000000e+01,4.000000000000000000e+00
1.000000000000000000e+00,1.600000000000000000e+01,1.600000000000000000e+01,5.960000000000000000e+02,2.190000000000000000e+02,5.840000000000000000e+02,2.320000000000000000e+02,5.100000000000000000e+01,-5.200000000000000000e+01,4.000000000000000000e+00
-1.000000000000000000e+00,1.600000000000000000e+01,1.600000000000000000e+01,5.880000000000000000e+02,2.450000000000000000e+02,6.000000000000000000e+02,2.320000000000000000e+02,-4.900000000000000000e+01,5.500000000000000000e+01,4.000000000000000000e+00
1.000000000000000000e+00,1.600000000000000000e+01,1.600000000000000000e+01,6.120000000000000000e+02,2.190000000000000000e+02,6.000000000000000000e+02,2.320000000000000000e+02,5.100000000000000000e+01,-5.200000000000000000e+01,4.000000000000000000e+00
-1.000000000000000000e+00,1.600000000000000000e+01,1.600000000000000000e+01,6.020000000000000000e+02,2.400000000000000000e+02,6.160000000000000000e+02,2.320000000000000000e+02,-5.700000000000000000e+01,3.300000000000000000e+01,4.000000000000000000e+00
-1.000000000000000000e+00,1.600000000000000000e+01,1.600000000000000000e+01,6.320000000000000000e+02,2.400000000000000000e+02,6.320000000000000000e+02,2.320000000000000000e+02,0.000000000000000000e+00,3.300000000000000000e+01,4.000000000000000000e+00
1.000000000000000000e+00,1.600000000000000000e+01,1.600000000000000000e+01,6.510000000000000000e+02,2.320000000000000000e+02,6.320000000000000000e+02,2.320000000000000000e+02,7.600000000000000000e+01,0.000000000000000000e+00,4.000000000000000000e+00
1.000000000000000000e+00,1.600000000000000000e+01,1.600000000000000000e+01,6.480000000000000000e+02,2.320000000000000000e+02,6.480000000000000000e+02,2.320000000000000000e+02,0.000000000000000000e+00,0.000000000000000000e+00,4.000000000000000000e+00
-1.000000000000000000e+00,1.600000000000000000e+01,1.600000000000000000e+01,6.640000000000000000e+02,2.320000000000000000e+02,6.640000000000000000e+02,2.320000000000000000e+02,0.000000000000000000e+00,0.000000000000000000e+00,4.000000000000000000e+00
-1.000000000000000000e+00,1.600000000000000000e+01,1.600000000000000000e+01,6.800000000000000000e+02,2.320000000000000000e+02,6.800000000000000000e+02,2.320000000000000000e+02,0.000000000000000000e+00,0.000000000000000000e+00,4.000000000000000000e+00
-1.000000000000000000e+00,1.600000000000000000e+01,1.600000000000000000e+01,6.960000000000000000e+02,2.320000000000000000e+02,6.960000000000000000e+02,2.320000000000000000e+02,0.000000000000000000e+00,0.000000000000000000e+00,4.000000000000000000e+00
1.000000000000000000e+00,1.600000000000000000e+01,1.600000000000000000e+01,7.010000000000000000e+02,2.170000000000000000e+02,6.960000000000000000e+02,2.320000000000000000e+02,2.000000000000000000e+01,-6.300000000000000000e+01,4.000000000000000000e+00
1.000000000000000000e+00,1.600000000000000000e+01,1.600000000000000000e+01,7.200000000000000000e+02,2.160000000000000000e+02,7.120000000000000000e+02,2.320000000000000000e+02,3.200000000000000000e+01,-6.500000000000000000e+01,4.000000000000000000e+00
-1.000000000000000000e+00,1.600000000000000000e+01,1.600000000000000000e+01,7.280000000000000000e+02,2.500000000000000000e+02,7.280000000000000000e+02,2.320000000000000000e+02,0.000000000000000000e+00,7.200000000000000000e+01,4.000000000000000000e+00
1.000000000000000000e+00,1.600000000000000000e+01,1.600000000000000000e+01,7.280000000000000000e+02,2.320000000000000000e+02,7.280000000000000000e+02,2.320000000000000000e+02,0.000000000000000000e+00,0.000000000000000000e+00,4.000000000000000000e+00
1.000000000000000000e+00,1.600000000000000000e+01,1.600000000000000000e+01,7.440000000000000000e+02,2.140000000000000000e+02,7.440000000000000000e+02,2.320000000000000000e+02,0.000000000000000000e+00,-7.200000000000000000e+01,4.000000000000000000e+00
-1.000000000000000000e+00,1.600000000000000000e+01,1.600000000000000000e+01,7.570000000000000000e+02,2.520000000000000000e+02,7.600000000000000000e+02,2.320000000000000000e+02,-1.200000000000000000e+01,8.200000000000000000e+01,4.000000000000000000e+00
1.000000000000000000e+00,1.600000000000000000e+01,1.600000000000000000e+01,7.600000000000000000e+02,2.320000000000000000e+02,7.600000000000000000e+02,2.320000000000000000e+02,0.000000000000000000e+00,0.000000000000000000e+00,4.000000000000000000e+00
-1.000000000000000000e+00,1.600000000000000000e+01,1.600000000000000000e+01,7.620000000000000000e+02,2.520000000000000000e+02,7.760000000000000000e+02,2.320000000000000000e+02,-5.600000000000000000e+01,8.200000000000000000e+01,4.000000000000000000e+00
-1.000000000000000000e+00,1.600000000000000000e+01,1.600000000000000000e+01,7.780000000000000000e+02,2.520000000000000000e+02,7.920000000000000000e+02,2.320000000000000000e+02,-5.600000000000000000e+01,8.200000000000000000e+01,4.000000000000000000e+00
1.000000000000000000e+00,1.600000000000000000e+01,1.600000000000000000e+01,7.920000000000000000e+02,2.320000000000000000e+02,7.920000000000000000e+02,2.320000000000000000e+02,0.000000000000000000e+00,0.000000000000000000e+00,4.000000000000000000e+00
1.000000000000000000e+00,1.600000000000000000e+01,1.600000000000000000e+01,8.240000000000000000e+02,1.780000000000000000e+02,8.240000000000000000e+02,2.320000000000000000e+02,0.000000000000000000e+00,-2.160000000000000000e+02,4.000000000000000000e+00
1.000000000000000000e+00,1.600000000000000000e+01,1.600000000000000000e+01,8.530000000000000000e+02,2.320000000000000000e+02,8.560000000000000000e+02,2.320000000000000000e+02,-1.400000000000000000e+01,0.000000000000000000e+00,4.000000000000000000e+00
-1.000000000000000000e+00,8.000000000000000000e+00,1.600000000000000000e+01,8.680000000000000000e+02,2.320000000000000000e+02,8.680000000000000000e+02,2.320000000000000000e+02,0.000000000000000000e+00,0.000000000000000000e+00,4.000000000000000000e+00
-1.000000000000000000e+00,8.000000000000000000e+00,1.600000000000000000e+01,8.570000000000000000e+02,2.430000000000000000e+02,8.760000000000000000e+02,2.320000000000000000e+02,-7.600000000000000000e+01,4.400000000000000000e+01,4.000000000000000000e+00
1.000000000000000000e+00,8.000000000000000000e+00,1.600000000000000000e+01,8.650000000000000000e+02,2.320000000000000000e+02,8.680000000000000000e+02,2.320000000000000000e+02,-1.400000000000000000e+01,0.000000000000000000e+00,4.000000000000000000e+00
1.000000000000000000e+00,8.000000000000000000e+00,1.600000000000000000e+01,8.760000000000000000e+02,2.320000000000000000e+02,8.760000000000000000e+02,2.320000000000000000e+02,0.000000000000000000e+00,0.000000000000000000e+00,4.000000000000000000e+00
-1.000000000000000000e+00,1.600000000000000000e+01,8.000000000000000000e+00,8.690000000000000000e+02,2.390000000000000000e+02,8.880000000000000000e+02,2.280000000000000000e+02,-7.600000000000000000e+01,4.400000000000000000e+01,4.000000000000000000e+00
-1.000000000000000000e+00,1.600000000000000000e+01,8.000000000000000000e+00,8.710000000000000000e+02,2.530000000000000000e+02,8.880000000000000000e+02,2.360000000000000000e+02,-7.100000000000000000e+01,6.800000000000000000e+01,4.000000000000000000e+00
-1.000000000000000000e+00,1.600000000000000000e+01,1.600000000000000000e+01,8.830000000000000000e+02,2.520000000000000000e+02,9.040000000000000000e+02,2.320000000000000000e+02,-8.400000000000000000e+01,8.100000000000000000e+01,4.000000000000000000e+00
-1.000000000000000000e+00,1.600000000000000000e+01,1.600000000000000000e+01,8.990000000000000000e+02,2.520000000000000000e+02,9.200000000000000000e+02,2.320000000000000000e+02,-8.400000000000000000e+01,8.000000000000000000e+01,4.000000000000000000e+00
-1.000000000000000000e+00,1.600000000000000000e+01,1.600000000000000000e+01,9.160000000000000000e+02,2.520000000000000000e+02,9.360000000000000000e+02,2.320000000000000000e+02,-8.200000000000000000e+01,8.000000000000000000e+01,4.000000000000000000e+00
1.000000000000000000e+00,1.600000000000000000e+01,1.600000000000000000e+01,9.620000000000000000e+02,2.120000000000000000e+02,9.360000000000000000e+02,2.320000000000000000e+02,1.040000000000000000e+02,-8.100000000000000000e+01,4.000000000000000000e+00
-1.000000000000000000e+00,1.600000000000000000e+01,1.600000000000000000e+01,9.320000000000000000e+02,2.520000000000000000e+02,9.520000000000000000e+02,2.320000000000000000e+02,-8.200000000000000000e+01,8.000000000000000000e+01,4.000000000000000000e+00
1.000000000000000000e+00,1.600000000000000000e+01,1.600000000000000000e+01,9.780000000000000000e+02,2.120000000000000000e+02,9.520000000000000000e+02,2.320000000000000000e+02,1.040000000000000000e+02,-8.100000000000000000e+01,4.000000000000000000e+00
-1.000000000000000000e+00,1.600000000000000000e+01,1.600000000000000000e+01,9.480000000000000000e+02,2.520000000000000000e+02,9.680000000000000000e+02,2.320000000000000000e+02,-8.200000000000000000e+01,8.000000000000000000e+01,4.000000000000000000e+00
1.000000000000000000e+00,1.600000000000000000e+01,1.600000000000000000e+01,9.940000000000000000e+02,2.120000000000000000e+02,9.680000000000000000e+02,2.320000000000000000e+02,1.040000000000000000e+02,-8.100000000000000000e+01,4.000000000000000000e+00
1.000000000000000000e+00,1.600000000000000000e+01,1.600000000000000000e+01,1.010000000000000000e+03,2.120000000000000000e+02,9.840000000000000000e+02,2.320000000000000000e+02,1.040000000000000000e+02,-8.000000000000000000e+01,4.000000000000000000e+00
1.000000000000000000e+00,1.600000000000000000e+01,1.600000000000000000e+01,1.026000000000000000e+03,2.120000000000000000e+02,1.000000000000000000e+03,2.320000000000000000e+02,1.040000000000000000e+02,-8.000000000000000000e+01,4.000000000000000000e+00
1.000000000000000000e+00,1.600000000000000000e+01,1.600000000000000000e+01,1.042000000000000000e+03,2.120000000000000000e+02,1.016000000000000000e+03,2.320000000000000000e+02,1.040000000000000000e+02,-8.000000000000000000e+01,4.000000000000000000e+00
1.000000000000000000e+00,1.600000000000000000e+01,1.600000000000000000e+01,1.057000000000000000e+03,2.120000000000000000e+02,1.032000000000000000e+03,2.320000000000000000e+02,1.020000000000000000e+02,-8.000000000000000000e+01,4.000000000000000000e+00
1.000000000000000000e+00,1.600000000000000000e+01,1.600000000000000000e+01,1.073000000000000000e+03,2.130000000000000000e+02,1.048000000000000000e+03,2.320000000000000000e+02,1.010000000000000000e+02,-7.900000000000000000e+01,4.000000000000000000e+00
1.000000000000000000e+00,1.600000000000000000e+01,1.600000000000000000e+01,1.092000000000000000e+03,2.120000000000000000e+02,1.064000000000000000e+03,2.320000000000000000e+02,1.130000000000000000e+02,-8.000000000000000000e+01,4.000000000000000000e+00
1.000000000000000000e+00,1.600000000000000000e+01,1.600000000000000000e+01,1.062000000000000000e+03,2.200000000000000000e+02,1.080000000000000000e+03,2.320000000000000000e+02,-7.200000000000000000e+01,-4.800000000000000000e+01,4.000000000000000000e+00
1.000000000000000000e+00,1.600000000000000000e+01,1.600000000000000000e+01,1.096000000000000000e+03,2.440000000000000000e+02,1.096000000000000000e+03,2.320000000000000000e+02,0.000000000000000000e+00,4.800000000000000000e+01,4.000000000000000000e+00
-1.000000000000000000e+00,1.600000000000000000e+01,1.600000000000000000e+01,9.710000000000000000e+02,2.320000000000000000e+02,1.112000000000000000e+03,2.320000000000000000e+02,-5.640000000000000000e+02,0.000000000000000000e+00,4.000000000000000000e+00
-1.000000000000000000e+00,1.600000000000000000e+01,1.600000000000000000e+01,1.144000000000000000e+03,2.480000000000000000e+02,1.144000000000000000e+03,2.320000000000000000e+02,0.000000000000000000e+00,6.400000000000000000e+01,4.000000000000000000e+00
-1.000000000000000000e+00,1.600000000000000000e+01,1.600000000000000000e+01,1.160000000000000000e+03,2.480000000000000000e+02,1.160000000000000000e+03,2.320000000000000000e+02,0.000000000000000000e+00,6.400000000000000000e+01,4.000000000000000000e+00
-1.000000000000000000e+00,1.600000000000000000e+01,1.600000000000000000e+01,1.176000000000000000e+03,2.480000000000000000e+02,1.176000000000000000e+03,2.320000000000000000e+02,0.000000000000000000e+00,6.400000000000000000e+01,4.000000000000000000e+00
1.000000000000000000e+00,1.600000000000000000e+01,1.600000000000000000e+01,1.180000000000000000e+03,2.170000000000000000e+02,1.176000000000000000e+03,2.320000000000000000e+02,1.600000000000000000e+01,-6.300000000000000000e+01,4.000000000000000000e+00
-1.000000000000000000e+00,1.600000000000000000e+01,1.600000000000000000e+01,1.192000000000000000e+03,2.480000000000000000e+02,1.192000000000000000e+03,2.320000000000000000e+02,1.000000000000000000e+00,6.400000000000000000e+01,4.000000000000000000e+00
1.000000000000000000e+00,1.600000000000000000e+01,1.600000000000000000e+01,1.196000000000000000e+03,2.170000000000000000e+02,1.192000000000000000e+03,2.320000000000000000e+02,1.600000000000000000e+01,-6.300000000000000000e+01,4.000000000000000000e+00
-1.000000000000000000e+00,1.600000000000000000e+01,1.600000000000000000e+01,1.208000000000000000e+03,2.480000000000000000e+02,1.208000000000000000e+03,2.320000000000000000e+02,1.000000000000000000e+00,6.400000000000000000e+01,4.000000000000000000e+00
1.000000000000000000e+00,1.600000000000000000e+01,1.600000000000000000e+01,1.212000000000000000e+03,2.170000000000000000e+02,1.208000000000000000e+03,2.320000000000000000e+02,1.600000000000000000e+01,-6.300000000000000000e+01,4.000000000000000000e+00
-1.000000000000000000e+00,1.600000000000000000e+01,1.600000000000000000e+01,1.224000000000000000e+03,2.320000000000000000e+02,1.224000000000000000e+03,2.320000000000000000e+02,0.000000000000000000e+00,0.000000000000000000e+00,4.000000000000000000e+00
1.000000000000000000e+00,1.600000000000000000e+01,1.600000000000000000e+01,1.224000000000000000e+03,2.320000000000000000e+02,1.224000000000000000e+03,2.320000000000000000e+02,0.000000000000000000e+00,0.000000000000000000e+00,4.000000000000000000e+00
-1.000000000000000000e+00,1.600000000000000000e+01,1.600000000000000000e+01,1.240000000000000000e+03,2.320000000000000000e+02,1.240000000000000000e+03,2.320000000000000000e+02,0.000000000000000000e+00,0.000000000000000000e+00,4.000000000000000000e+00
1.000000000000000000e+00,1.600000000000000000e+01,1.600000000000000000e+01,1.240000000000000000e+03,2.320000000000000000e+02,1.240000000000000000e+03,2.320000000000000000e+02,0.000000000000000000e+00,0.000000000000000000e+00,4.000000000000000000e+00
-1.000000000000000000e+00,1.600000000000000000e+01,1.600000000000000000e+01,1.256000000000000000e+03,2.320000000000000000e+02,1.256000000000000000e+03,2.320000000000000000e+02,0.000000000000000000e+00,0.000000000000000000e+00,4.000000000000000000e+00
1.000000000000000000e+00,1.600000000000000000e+01,1.600000000000000000e+01,1.256000000000000000e+03,2.320000000000000000e+02,1.256000000000000000e+03,2.320000000000000000e+02,0.000000000000000000e+00,0.000000000000000000e+00,4.000000000000000000e+00
-1.000000000000000000e+00,1.600000000000000000e+01,1.600000000000000000e+01,1.272000000000000000e+03,2.300000000000000000e+02,1.272000000000000000e+03,2.320000000000000000e+02,0.000000000000000000e+00,-1.000000000000000000e+01,4.000000000000000000e+00
-1.000000000000000000e+00,1.600000000000000000e+01,1.600000000000000000e+01,1.700000000000000000e+01,2.680000000000000000e+02,4.000000000000000000e+01,2.480000000000000000e+02,-9.300000000000000000e+01,8.000000000000000000e+01,4.000000000000000000e+00
1.000000000000000000e+00,1.600000000000000000e+01,1.600000000000000000e+01,6.500000000000000000e+01,2.270000000000000000e+02,4.000000000000000000e+01,2.480000000000000000e+02,1.000000000000000000e+02,-8.400000000000000000e+01,4.000000000000000000e+00
-1.000000000000000000e+00,1.600000000000000000e+01,1.600000000000000000e+01,3.300000000000000000e+01,2.680000000000000000e+02,5.600000000000000000e+01,2.480000000000000000e+02,-9.300000000000000000e+01,8.000000000000000000e+01,4.000000000000000000e+00
1.000000000000000000e+00,1.600000000000000000e+01,1.600000000000000000e+01,8.100000000000000000e+01,2.260000000000000000e+02,5.600000000000000000e+01,2.480000000000000000e+02,1.000000000000000000e+02,-8.800000000000000000e+01,4.000000000000000000e+00
-1.000000000000000000e+00,1.600000000000000000e+01,1.600000000000000000e+01,4.900000000000000000e+01,2.680000000000000000e+02,7.200000000000000000e+01,2.480000000000000000e+02,-9.300000000000000000e+01,8.000000000000000000e+01,4.000000000000000000e+00
1.000000000000000000e+00,1.600000000000000000e+01,1.600000000000000000e+01,9.600000000000000000e+01,2.260000000000000000e+02,7.200000000000000000e+01,2.480000000000000000e+02,9.600000000000000000e+01,-8.800000000000000000e+01,4.000000000000000000e+00
-1.000000000000000000e+00,1.600000000000000000e+01,1.600000000000000000e+01,6.500000000000000000e+01,2.680000000000000000e+02,8.800000000000000000e+01,2.480000000000000000e+02,-9.300000000000000000e+01,8.000000000000000000e+01,4.000000000000000000e+00
1.000000000000000000e+00,1.600000000000000000e+01,1.600000000000000000e+01,1.120000000000000000e+02,2.260000000000000000e+02,8.800000000000000000e+01,2.480000000000000000e+02,9.600000000000000000e+01,-8.800000000000000000e+01,4.000000000000000000e+00
-1.000000000000000000e+00,1.600000000000000000e+01,1.600000000000000000e+01,8.100000000000000000e+01,2.690000000000000000e+02,1.040000000000000000e+02,2.480000000000000000e+02,-9.500000000000000000e+01,8.400000000000000000e+01,4.000000000000000000e+00
-1.000000000000000000e+00,1.600000000000000000e+01,1.600000000000000000e+01,9.700000000000000000e+01,2.690000000000000000e+02,1.200000000000000000e+02,2.480000000000000000e+02,-9.500000000000000000e+01,8.400000000000000000e+01,4.000000000000000000e+00
-1.000000000000000000e+00,1.600000000000000000e+01,1.600000000000000000e+01,1.120000000000000000e+02,2.690000000000000000e+02,1.360000000000000000e+02,2.480000000000000000e+02,-9.600000000000000000e+01,8.400000000000000000e+01,4.000000000000000000e+00
1.000000000000000000e+00,1.600000000000000000e+01,1.600000000000000000e+01,1.980000000000000000e+02,2.300000000000000000e+02,1.680000000000000000e+02,2.480000000000000000e+02,1.200000000000000000e+02,-7.200000000000000000e+01,4.000000000000000000e+00
-1.000000000000000000e+00,1.600000000000000000e+01,1.600000000000000000e+01,1.630000000000000000e+02,2.660000000000000000e+02,1.840000000000000000e+02,2.480000000000000000e+02,-8.500000000000000000e+01,7.200000000000000000e+01,4.000000000000000000e+00
1.000000000000000000e+00,1.600000000000000000e+01,1.600000000000000000e+01,2.080000000000000000e+02,2.310000000000000000e+02,1.840000000000000000e+02,2.480000000000000000e+02,9.600000000000000000e+01,-7.100000000000000000e+01,4.000000000000000000e+00
-1.000000000000000000e+00,1.600000000000000000e+01,1.600000000000000000e+01,1.790000000000000000e+02,2.660000000000000000e+02,2.000000000000000000e+02,2.480000000000000000e+02,-8.500000000000000000e+01,7.200000000000000000e+01,4.000000000000000000e+00
1.000000000000000000e+00,1.600000000000000000e+01,1.600000000000000000e+01,2.240000000000000000e+02,2.310000000000000000e+02,2.000000000000000000e+02,2.480000000000000000e+02,9.600000000000000000e+01,-7.100000000000000000e+01,4.000000000000000000e+00
1.000000000000000000e+00,1.600000000000000000e+01,1.600000000000000000e+01,2.410000000000000000e+02,2.310000000000000000e+02,2.160000000000000000e+02,2.480000000000000000e+02,1.000000000000000000e+02,-7.100000000000000000e+01,4.000000000000000000e+00
1.000000000000000000e+00,1.600000000000000000e+01,1.600000000000000000e+01,2.570000000000000000e+02,2.480000000000000000e+02,2.320000000000000000e+02,2.480000000000000000e+02,1.000000000000000000e+02,-2.000000000000000000e+00,4.000000000000000000e+00
-1.000000000000000000e+00,1.600000000000000000e+01,1.600000000000000000e+01,2.270000000000000000e+02,2.640000000000000000e+02,2.480000000000000000e+02,2.480000000000000000e+02,-8.700000000000000000e+01,6.400000000000000000e+01,4.000000000000000000e+00
1.000000000000000000e+00,1.600000000000000000e+01,1.600000000000000000e+01,2.730000000000000000e+02,2.480000000000000000e+02,2.480000000000000000e+02,2.480000000000000000e+02,1.000000000000000000e+02,-1.000000000000000000e+00,4.000000000000000000e+00
-1.000000000000000000e+00,1.600000000000000000e+01,1.600000000000000000e+01,2.430000000000000000e+02,2.640000000000000000e+02,2.640000000000000000e+02,2.480000000000000000e+02,-8.700000000000000000e+01,6.400000000000000000e+01,4.000000000000000000e+00
1.000000000000000000e+00,1.600000000000000000e+01,1.600000000000000000e+01,2.880000000000000000e+02,2.480000000000000000e+02,2.640000000000000000e+02,2.480000000000000000e+02,9.600000000000000000e+01,0.000000000000000000e+00,4.000000000000000000e+00
1.000000000000000000e+00,1.600000000000000000e+01,1.600000000000000000e+01,3.040000000000000000e+02,2.480000000000000000e+02,2.800000000000000000e+02,2.480000000000000000e+02,9.700000000000000000e+01,0.000000000000000000e+00,4.000000000000000000e+00
-1.000000000000000000e+00,1.600000000000000000e+01,1.600000000000000000e+01,2.730000000000000000e+02,2.640000000000000000e+02,2.960000000000000000e+02,2.480000000000000000e+02,-9.200000000000000000e+01,6.400000000000000000e+01,4.000000000000000000e+00
1.000000000000000000e+00,1.600000000000000000e+01,1.600000000000000000e+01,3.200000000000000000e+02,2.240000000000000000e+02,2.960000000000000000e+02,2.480000000000000000e+02,9.700000000000000000e+01,-9.700000000000000000e+01,4.000000000000000000e+00
-1.000000000000000000e+00,1.600000000000000000e+01,1.600000000000000000e+01,2.890000000000000000e+02,2.640000000000000000e+02,3.120000000000000000e+02,2.480000000000000000e+02,-9.200000000000000000e+01,6.400000000000000000e+01,4.000000000000000000e+00
1.000000000000000000e+00,1.600000000000000000e+01,1.600000000000000000e+01,3.360000000000000000e+02,2.240000000000000000e+02,3.120000000000000000e+02,2.480000000000000000e+02,9.700000000000000000e+01,-9.700000000000000000e+01,4.000000000000000000e+00
1.000000000000000000e+00,1.600000000000000000e+01,1.600000000000000000e+01,3.550000000000000000e+02,2.480000000000000000e+02,3.280000000000000000e+02,2.480000000000000000e+02,1.080000000000000000e+02,0.000000000000000000e+00,4.000000000000000000e+00
-1.000000000000000000e+00,1.600000000000000000e+01,1.600000000000000000e+01,3.210000000000000000e+02,2.640000000000000000e+02,3.440000000000000000e+02,2.480000000000000000e+02,-9.200000000000000000e+01,6.400000000000000000e+01,4.000000000000000000e+00
-1.000000000000000000e+00,1.600000000000000000e+01,1.600000000000000000e+01,3.370000000000000000e+02,2.640000000000000000e+02,3.600000000000000000e+02,2.480000000000000000e+02,-9.300000000000000000e+01,6.400000000000000000e+01,4.000000000000000000e+00
-1.000000000000000000e+00,1.600000000000000000e+01,1.600000000000000000e+01,3.530000000000000000e+02,2.640000000000000000e+02,3.760000000000000000e+02,2.480000000000000000e+02,-9.200000000000000000e+01,6.400000000000000000e+01,4.000000000000000000e+00
1.000000000000000000e+00,1.600000000000000000e+01,1.600000000000000000e+01,3.980000000000000000e+02,2.280000000000000000e+02,3.760000000000000000e+02,2.480000000000000000e+02,8.800000000000000000e+01,-8.200000000000000000e+01,4.000000000000000000e+00
-1.000000000000000000e+00,1.600000000000000000e+01,1.600000000000000000e+01,3.710000000000000000e+02,2.670000000000000000e+02,3.920000000000000000e+02,2.480000000000000000e+02,-8.400000000000000000e+01,7.700000000000000000e+01,4.000000000000000000e+00
-1.000000000000000000e+00,1.600000000000000000e+01,1.600000000000000000e+01,3.980000000000000000e+02,2.630000000000000000e+02,4.400000000000000000e+02,2.480000000000000000e+02,-1.690000000000000000e+02,6.100000000000000000e+01,4.000000000000000000e+00
1.000000000000000000e+00,1.600000000000000000e+01,1.600000000000000000e+01,4.630000000000000000e+02,2.490000000000000000e+02,4.400000000000000000e+02,2.480000000000000000e+02,9.200000000000000000e+01,4.000000000000000000e+00,4.000000000000000000e+00
-1.000000000000000000e+00,1.600000000000000000e+01,1.600000000000000000e+01,4.140000000000000000e+02,2.630000000000000000e+02,4.560000000000000000e+02,2.480000000000000000e+02,-1.690000000000000000e+02,6.100000000000000000e+01,4.000000000000000000e+00
1.000000000000000000e+00,1.600000000000000000e+01,1.600000000000000000e+01,4.790000000000000000e+02,2.490000000000000000e+02,4.560000000000000000e+02,2.480000000000000000e+02,9.200000000000000000e+01,4.000000000000000000e+00,4.000000000000000000e+00
-1.000000000000000000e+00,1.600000000000000000e+01,1.600000000000000000e+01,4.470000000000000000e+02,2.640000000000000000e+02,4.880000000000000000e+02,2.480000000000000000e+02,-1.670000000000000000e+02,6.400000000000000000e+01,4.000000000000000000e+00
-1.000000000000000000e+00,1.600000000000000000e+01,1.600000000000000000e+01,4.630000000000000000e+02,2.660000000000000000e+02,5.040000000000000000e+02,2.480000000000000000e+02,-1.670000000000000000e+02,7.400000000000000000e+01,4.000000000000000000e+00
-1.000000000000000000e+00,1.600000000000000000e+01,1.600000000000000000e+01,4.820000000000000000e+02,2.660000000000000000e+02,5.200000000000000000e+02,2.480000000000000000e+02,-1.520000000000000000e+02,7.400000000000000000e+01,4.000000000000000000e+00
-1.000000000000000000e+00,1.600000000000000000e+01,1.600000000000000000e+01,4.250000000000000000e+02,2.620000000000000000e+02,5.360000000000000000e+02,2.480000000000000000e+02,-4.440000000000000000e+02,5.700000000000000000e+01,4.000000000000000000e+00
-1.000000000000000000e+00,1.600000000000000000e+01,1.600000000000000000e+01,5.400000000000000000e+02,2.620000000000000000e+02,5.520000000000000000e+02,2.480000000000000000e+02,-4.900000000000000000e+01,5.900000000000000000e+01,4.000000000000000000e+00
1.000000000000000000e+00,1.600000000000000000e+01,1.600000000000000000e+01,5.800000000000000000e+02,2.340000000000000000e+02,5.680000000000000000e+02,2.480000000000000000e+02,5.000000000000000000e+01,-5.600000000000000000e+01,4.000000000000000000e+00
-1.000000000000000000e+00,1.600000000000000000e+01,1.600000000000000000e+01,5.720000000000000000e+02,2.610000000000000000e+02,5.840000000000000000e+02,2.480000000000000000e+02,-4.900000000000000000e+01,5.500000000000000000e+01,4.000000000000000000e+00
1.000000000000000000e+00,1.600000000000000000e+01,1.600000000000000000e+01,5.960000000000000000e+02,2.340000000000000000e+02,5.840000000000000000e+02,2.480000000000000000e+02,5.100000000000000000e+01,-5.700000000000000000e+01,4.000000000000000000e+00
1.000000000000000000e+00,1.600000000000000000e+01,1.600000000000000000e+01,6.450000000000000000e+02,2.330000000000000000e+02,6.320000000000000000e+02,2.480000000000000000e+02,5.200000000000000000e+01,-6.200000000000000000e+01,4.000000000000000000e+00
-1.000000000000000000e+00,8.000000000000000000e+00,1.600000000000000000e+01,6.440000000000000000e+02,2.480000000000000000e+02,6.440000000000000000e+02,2.480000000000000000e+02,0.000000000000000000e+00,0.000000000000000000e+00,4.000000000000000000e+00
-1.000000000000000000e+00,8.000000000000000000e+00,1.600000000000000000e+01,6.520000000000000000e+02,2.650000000000000000e+02,6.520000000000000000e+02,2.480000000000000000e+02,0.000000000000000000e+00,6.800000000000000000e+01,4.000000000000000000e+00
1.000000000000000000e+00,8.000000000000000000e+00,1.600000000000000000e+01,6.570000000000000000e+02,2.330000000000000000e+02,6.440000000000000000e+02,2.480000000000000000e+02,5.200000000000000000e+01,-6.200000000000000000e+01,4.000000000000000000e+00
1.000000000000000000e+00,8.000000000000000000e+00,1.600000000000000000e+01,6.520000000000000000e+02,2.480000000000000000e+02,6.520000000000000000e+02,2.480000000000000000e+02,0.000000000000000000e+00,0.000000000000000000e+00,4.000000000000000000e+00
-1.000000000000000000e+00,1.600000000000000000e+01,1.600000000000000000e+01,6.640000000000000000e+02,2.480000000000000000e+02,6.640000000000000000e+02,2.480000000000000000e+02,0.000000000000000000e+00,0.000000000000000000e+00,4.000000000000000000e+00
-1.000000000000000000e+00,1.600000000000000000e+01,1.600000000000000000e+01,6.800000000000000000e+02,2.480000000000000000e+02,6.800000000000000000e+02,2.480000000000000000e+02,0.000000000000000000e+00,0.000000000000000000e+00,4.000000000000000000e+00
1.000000000000000000e+00,1.600000000000000000e+01,1.600000000000000000e+01,6.850000000000000000e+02,2.330000000000000000e+02,6.800000000000000000e+02,2.480000000000000000e+02,2.000000000000000000e+01,-6.300000000000000000e+01,4.000000000000000000e+00
1.000000000000000000e+00,1.600000000000000000e+01,8.000000000000000000e+00,7.010000000000000000e+02,2.290000000000000000e+02,6.960000000000000000e+02,2.440000000000000000e+02,2.000000000000000000e+01,-6.300000000000000000e+01,4.000000000000000000e+00
1.000000000000000000e+00,1.600000000000000000e+01,8.000000000000000000e+00,6.940000000000000000e+02,2.370000000000000000e+02,6.960000000000000000e+02,2.520000000000000000e+02,-1.000000000000000000e+01,-6.300000000000000000e+01,4.000000000000000000e+00
-1.000000000000000000e+00,1.600000000000000000e+01,1.600000000000000000e+01,7.120000000000000000e+02,2.660000000000000000e+02,7.120000000000000000e+02,2.480000000000000000e+02,0.000000000000000000e+00,7.200000000000000000e+01,4.000000000000000000e+00
-1.000000000000000000e+00,1.600000000000000000e+01,1.600000000000000000e+01,7.280000000000000000e+02,2.660000000000000000e+02,7.280000000000000000e+02,2.480000000000000000e+02,0.000000000000000000e+00,7.200000000000000000e+01,4.000000000000000000e+00
1.000000000000000000e+00,1.600000000000000000e+01,1.600000000000000000e+01,7.280000000000000000e+02,2.480000000000000000e+02,7.280000000000000000e+02,2.480000000000000000e+02,0.000000000000000000e+00,0.000000000000000000e+00,4.000000000000000000e+00
-1.000000000000000000e+00,1.600000000000000000e+01,1.600000000000000000e+01,7.440000000000000000e+02,2.660000000000000000e+02,7.440000000000000000e+02,2.480000000000000000e+02,0.000000000000000000e+00,7.200000000000000000e+01,4.000000000000000000e+00
1.000000000000000000e+00,1.600000000000000000e+01,1.600000000000000000e+01,7.440000000000000000e+02,2.480000000000000000e+02,7.440000000000000000e+02,2.480000000000000000e+02,0.000000000000000000e+00,0.000000000000000000e+00,4.000000000000000000e+00
1.000000000000000000e+00,1.600000000000000000e+01,1.600000000000000000e+01,7.600000000000000000e+02,2.480000000000000000e+02,7.600000000000000000e+02,2.480000000000000000e+02,0.000000000000000000e+00,0.000000000000000000e+00,4.000000000000000000e+00
-1.000000000000000000e+00,1.600000000000000000e+01,1.600000000000000000e+01,7.620000000000000000e+02,2.680000000000000000e+02,7.760000000000000000e+02,2.480000000000000000e+02,-5.600000000000000000e+01,8.200000000000000000e+01,4.000000000000000000e+00
1.000000000000000000e+00,1.600000000000000000e+01,1.600000000000000000e+01,7.760000000000000000e+02,2.480000000000000000e+02,7.760000000000000000e+02,2.480000000000000000e+02,0.000000000000000000e+00,0.000000000000000000e+00,4.000000000000000000e+00
-1.000000000000000000e+00,1.600000000000000000e+01,1.600000000000000000e+01,7.780000000000000000e+02,2.680000000000000000e+02,7.920000000000000000e+02,2.480000000000000000e+02,-5.600000000000000000e+01,8.200000000000000000e+01,4.000000000000000000e+00
1.000000000000000000e+00,8.000000000000000000e+00,1.600000000000000000e+01,8.360000000000000000e+02,2.480000000000000000e+02,8.360000000000000000e+02,2.480000000000000000e+02,0.000000000000000000e+00,0.000000000000000000e+00,4.000000000000000000e+00
1.000000000000000000e+00,8.000000000000000000e+00,1.600000000000000000e+01,8.410000000000000000e+02,2.480000000000000000e+02,8.440000000000000000e+02,2.480000000000000000e+02,-1.400000000000000000e+01,0.000000000000000000e+00,4.000000000000000000e+00
1.000000000000000000e+00,1.600000000000000000e+01,1.600000000000000000e+01,8.530000000000000000e+02,2.480000000000000000e+02,8.560000000000000000e+02,2.480000000000000000e+02,-1.400000000000000000e+01,0.000000000000000000e+00,4.000000000000000000e+00
-1.000000000000000000e+00,8.000000000000000000e+00,1.600000000000000000e+01,8.680000000000000000e+02,2.480000000000000000e+02,8.680000000000000000e+02,2.480000000000000000e+02,0.000000000000000000e+00,0.000000000000000000e+00,4.000000000000000000e+00
-1.000000000000000000e+00,8.000000000000000000e+00,1.600000000000000000e+01,8.600000000000000000e+02,2.650000000000000000e+02,8.760000000000000000e+02,2.480000000000000000e+02,-6.500000000000000000e+01,6.800000000000000000e+01,4.000000000000000000e+00
1.000000000000000000e+00,8.000000000000000000e+00,1.600000000000000000e+01,8.650000000000000000e+02,2.480000000000000000e+02,8.680000000000000000e+02,2.480000000000000000e+02,-1.400000000000000000e+01,0.000000000000000000e+00,4.000000000000000000e+00
1.000000000000000000e+00,8.000000000000000000e+00,1.600000000000000000e+01,8.760000000000000000e+02,2.480000000000000000e+02,8.760000000000000000e+02,2.480000000000000000e+02,0.000000000000000000e+00,0.000000000000000000e+00,4.000000000000000000e+00
-1.000000000000000000e+00,1.600000000000000000e+01,1.600000000000000000e+01,8.720000000000000000e+02,2.650000000000000000e+02,8.880000000000000000e+02,2.480000000000000000e+02,-6.700000000000000000e+01,7.100000000000000000e+01,4.000000000000000000e+00
-1.000000000000000000e+00,1.600000000000000000e+01,8.000000000000000000e+00,8.840000000000000000e+02,2.620000000000000000e+02,9.040000000000000000e+02,2.440000000000000000e+02,-8.100000000000000000e+01,7.400000000000000000e+01,4.000000000000000000e+00
-1.000000000000000000e+00,1.600000000000000000e+01,8.000000000000000000e+00,9.040000000000000000e+02,2.520000000000000000e+02,9.040000000000000000e+02,2.520000000000000000e+02,0.000000000000000000e+00,0.000000000000000000e+00,4.000000000000000000e+00
1.000000000000000000e+00,1.600000000000000000e+01,8.000000000000000000e+00,9.040000000000000000e+02,2.440000000000000000e+02,9.040000000000000000e+02,2.440000000000000000e+02,0.000000000000000000e+00,0.000000000000000000e+00,4.000000000000000000e+00
1.000000000000000000e+00,1.600000000000000000e+01,8.000000000000000000e+00,9.280000000000000000e+02,2.300000000000000000e+02,9.040000000000000000e+02,2.520000000000000000e+02,9.900000000000000000e+01,-9.000000000000000000e+01,4.000000000000000000e+00
1.000000000000000000e+00,1.600000000000000000e+01,1.600000000000000000e+01,9.460000000000000000e+02,2.280000000000000000e+02,9.200000000000000000e+02,2.480000000000000000e+02,1.040000000000000000e+02,-8.300000000000000000e+01,4.000000000000000000e+00
-1.000000000000000000e+00,1.600000000000000000e+01,1.600000000000000000e+01,9.160000000000000000e+02,2.680000000000000000e+02,9.360000000000000000e+02,2.480000000000000000e+02,-8.200000000000000000e+01,8.000000000000000000e+01,4.000000000000000000e+00
1.000000000000000000e+00,1.600000000000000000e+01,1.600000000000000000e+01,9.620000000000000000e+02,2.280000000000000000e+02,9.360000000000000000e+02,2.480000000000000000e+02,1.040000000000000000e+02,-8.100000000000000000e+01,4.000000000000000000e+00
1.000000000000000000e+00,1.600000000000000000e+01,1.600000000000000000e+01,9.780000000000000000e+02,2.280000000000000000e+02,9.520000000000000000e+02,2.480000000000000000e+02,1.040000000000000000e+02,-8.100000000000000000e+01,4.000000000000000000e+00
-1.000000000000000000e+00,1.600000000000000000e+01,1.600000000000000000e+01,9.480000000000000000e+02,2.680000000000000000e+02,9.680000000000000000e+02,2.480000000000000000e+02,-8.200000000000000000e+01,8.000000000000000000e+01,4.000000000000000000e+00
1.000000000000000000e+00,1.600000000000000000e+01,1.600000000000000000e+01,9.940000000000000000e+02,2.280000000000000000e+02,9.680000000000000000e+02,2.480000000000000000e+02,1.040000000000000000e+02,-8.100000000000000000e+01,4.000000000000000000e+00
1.000000000000000000e+00,1.600000000000000000e+01,1.600000000000000000e+01,1.010000000000000000e+03,2.320000000000000000e+02,9.840000000000000000e+02,2.480000000000000000e+02,1.040000000000000000e+02,-6.400000000000000000e+01,4.000000000000000000e+00
1.000000000000000000e+00,1.600000000000000000e+01,1.600000000000000000e+01,1.041000000000000000e+03,2.280000000000000000e+02,1.016000000000000000e+03,2.480000000000000000e+02,1.020000000000000000e+02,-8.000000000000000000e+01,4.000000000000000000e+00
1.000000000000000000e+00,1.600000000000000000e+01,1.600000000000000000e+01,1.057000000000000000e+03,2.280000000000000000e+02,1.032000000000000000e+03,2.480000000000000000e+02,1.020000000000000000e+02,-8.000000000000000000e+01,4.000000000000000000e+00
1.000000000000000000e+00,1.600000000000000000e+01,1.600000000000000000e+01,1.073000000000000000e+03,2.280000000000000000e+02,1.048000000000000000e+03,2.480000000000000000e+02,1.020000000000000000e+02,-8.000000000000000000e+01,4.000000000000000000e+00
1.000000000000000000e+00,1.600000000000000000e+01,1.600000000000000000e+01,1.089000000000000000e+03,2.280000000000000000e+02,1.064000000000000000e+03,2.480000000000000000e+02,1.020000000000000000e+02,-8.000000000000000000e+01,4.000000000000000000e+00
1.000000000000000000e+00,1.600000000000000000e+01,1.600000000000000000e+01,1.080000000000000000e+03,2.480000000000000000e+02,1.080000000000000000e+03,2.480000000000000000e+02,0.000000000000000000e+00,0.000000000000000000e+00,4.000000000000000000e+00
-1.000000000000000000e+00,1.600000000000000000e+01,1.600000000000000000e+01,9.550000000000000000e+02,2.480000000000000000e+02,1.096000000000000000e+03,2.480000000000000000e+02,-5.640000000000000000e+02,0.000000000000000000e+00,4.000000000000000000e+00
1.000000000000000000e+00,1.600000000000000000e+01,1.600000000000000000e+01,1.096000000000000000e+03,2.480000000000000000e+02,1.096000000000000000e+03,2.480000000000000000e+02,0.000000000000000000e+00,0.000000000000000000e+00,4.000000000000000000e+00
-1.000000000000000000e+00,1.600000000000000000e+01,1.600000000000000000e+01,9.710000000000000000e+02,2.480000000000000000e+02,1.112000000000000000e+03,2.480000000000000000e+02,-5.640000000000000000e+02,0.000000000000000000e+00,4.000000000000000000e+00
1.000000000000000000e+00,1.600000000000000000e+01,1.600000000000000000e+01,1.112000000000000000e+03,2.480000000000000000e+02,1.112000000000000000e+03,2.480000000000000000e+02,0.000000000000000000e+00,0.000000000000000000e+00,4.000000000000000000e+00
-1.000000000000000000e+00,1.600000000000000000e+01,1.600000000000000000e+01,1.128000000000000000e+03,2.640000000000000000e+02,1.128000000000000000e+03,2.480000000000000000e+02,0.000000000000000000e+00,6.400000000000000000e+01,4.000000000000000000e+00
1.000000000000000000e+00,1.600000000000000000e+01,1.600000000000000000e+01,1.128000000000000000e+03,2.480000000000000000e+02,1.128000000000000000e+03,2.480000000000000000e+02,0.000000000000000000e+00,0.000000000000000000e+00,4.000000000000000000e+00
-1.000000000000000000e+00,1.600000000000000000e+01,1.600000000000000000e+01,1.144000000000000000e+03,2.480000000000000000e+02,1.144000000000000000e+03,2.480000000000000000e+02,0.000000000000000000e+00,0.000000000000000000e+00,4.000000000000000000e+00
1.000000000000000000e+00,1.600000000000000000e+01,1.600000000000000000e+01,1.144000000000000000e+03,2.480000000000000000e+02,1.144000000000000000e+03,2.480000000000000000e+02,0.000000000000000000e+00,0.000000000000000000e+00,4.000000000000000000e+00
-1.000000000000000000e+00,1.600000000000000000e+01,1.600000000000000000e+01,1.160000000000000000e+03,2.480000000000000000e+02,1.160000000000000000e+03,2.480000000000000000e+02,0.000000000000000000e+00,0.000000000000000000e+00,4.000000000000000000e+00
1.000000000000000000e+00,1.600000000000000000e+01,1.600000000000000000e+01,1.160000000000000000e+03,2.480000000000000000e+02,1.160000000000000000e+03,2.480000000000000000e+02,0.000000000000000000e+00,0.000000000000000000e+00,4.000000000000000000e+00
-1.000000000000000000e+00,1.600000000000000000e+01,1.600000000000000000e+01,1.176000000000000000e+03,2.480000000000000000e+02,1.176000000000000000e+03,2.480000000000000000e+02,0.000000000000000000e+00,0.000000000000000000e+00,4.000000000000000000e+00
1.000000000000000000e+00,1.600000000000000000e+01,1.600000000000000000e+01,1.176000000000000000e+03,2.480000000000000000e+02,1.176000000000000000e+03,2.480000000000000000e+02,0.000000000000000000e+00,0.000000000000000000e+00,4.000000000000000000e+00
-1.000000000000000000e+00,1.600000000000000000e+01,1.600000000000000000e+01,1.192000000000000000e+03,2.480000000000000000e+02,1.192000000000000000e+03,2.480000000000000000e+02,0.000000000000000000e+00,0.000000000000000000e+00,4.000000000000000000e+00
1.000000000000000000e+00,1.600000000000000000e+01,1.600000000000000000e+01,1.192000000000000000e+03,2.480000000000000000e+02,1.192000000000000000e+03,2.480000000000000000e+02,0.000000000000000000e+00,0.000000000000000000e+00,4.000000000000000000e+00
-1.000000000000000000e+00,1.600000000000000000e+01,1.600000000000000000e+01,1.208000000000000000e+03,2.480000000000000000e+02,1.208000000000000000e+03,2.480000000000000000e+02,0.000000000000000000e+00,0.000000000000000000e+00,4.000000000000000000e+00
1.000000000000000000e+00,1.600000000000000000e+01,1.600000000000000000e+01,1.208000000000000000e+03,2.480000000000000000e+02,1.208000000000000000e+03,2.480000000000000000e+02,0.000000000000000000e+00,0.000000000000000000e+00,4.000000000000000000e+00
-1.000000000000000000e+00,1.600000000000000000e+01,1.600000000000000000e+01,1.224000000000000000e+03,2.480000000000000000e+02,1.224000000000000000e+03,2.480000000000000000e+02,0.000000000000000000e+00,0.000000000000000000e+00,4.000000000000000000e+00
1.000000000000000000e+00,1.600000000000000000e+01,1.600000000000000000e+01,1.224000000000000000e+03,2.480000000000000000e+02,1.224000000000000000e+03,2.480000000000000000e+02,0.000000000000000000e+00,0.000000000000000000e+00,4.000000000000000000e+00
-1.000000000000000000e+00,1.600000000000000000e+01,1.600000000000000000e+01,1.240000000000000000e+03,2.480000000000000000e+02,1.240000000000000000e+03,2.480000000000000000e+02,0.000000000000000000e+00,0.000000000000000000e+00,4.000000000000000000e+00
1.000000000000000000e+00,1.600000000000000000e+01,1.600000000000000000e+01,1.240000000000000000e+03,2.480000000000000000e+02,1.240000000000000000e+03,2.480000000000000000e+02,0.000000000000000000e+00,0.000000000000000000e+00,4.000000000000000000e+00
-1.000000000000000000e+00,1.600000000000000000e+01,1.600000000000000000e+01,1.256000000000000000e+03,2.480000000000000000e+02,1.256000000000000000e+03,2.480000000000000000e+02,0.000000000000000000e+00,0.000000000000000000e+00,4.000000000000000000e+00
1.000000000000000000e+00,1.600000000000000000e+01,1.600000000000000000e+01,1.256000000000000000e+03,2.480000000000000000e+02,1.256000000000000000e+03,2.480000000000000000e+02,0.000000000000000000e+00,0.000000000000000000e+00,4.000000000000000000e+00
-1.000000000000000000e+00,1.600000000000000000e+01,1.600000000000000000e+01,1.272000000000000000e+03,2.500000000000000000e+02,1.272000000000000000e+03,2.480000000000000000e+02,0.000000000000000000e+00,1.000000000000000000e+01,4.000000000000000000e+00
1.000000000000000000e+00,1.600000000000000000e+01,1.600000000000000000e+01,8.000000000000000000e+00,2.640000000000000000e+02,8.000000000000000000e+00,2.640000000000000000e+02,0.000000000000000000e+00,0.000000000000000000e+00,4.000000000000000000e+00
1.000000000000000000e+00,1.600000000000000000e+01,1.600000000000000000e+01,5.100000000000000000e+01,2.430000000000000000e+02,2.400000000000000000e+01,2.640000000000000000e+02,1.110000000000000000e+02,-8.700000000000000000e+01,4.000000000000000000e+00
1.000000000000000000e+00,1.600000000000000000e+01,1.600000000000000000e+01,6.700000000000000000e+01,2.430000000000000000e+02,4.000000000000000000e+01,2.640000000000000000e+02,1.090000000000000000e+02,-8.700000000000000000e+01,4.000000000000000000e+00
-1.000000000000000000e+00,1.600000000000000000e+01,1.600000000000000000e+01,3.300000000000000000e+01,2.840000000000000000e+02,5.600000000000000000e+01,2.640000000000000000e+02,-9.300000000000000000e+01,8.000000000000000000e+01,4.000000000000000000e+00
1.000000000000000000e+00,1.600000000000000000e+01,1.600000000000000000e+01,8.100000000000000000e+01,2.420000000000000000e+02,5.600000000000000000e+01,2.640000000000000000e+02,1.000000000000000000e+02,-8.800000000000000000e+01,4.000000000000000000e+00
-1.000000000000000000e+00,1.600000000000000000e+01,1.600000000000000000e+01,4.900000000000000000e+01,2.840000000000000000e+02,7.200000000000000000e+01,2.640000000000000000e+02,-9.300000000000000000e+01,8.000000000000000000e+01,4.000000000000000000e+00
-1.000000000000000000e+00,1.600000000000000000e+01,1.600000000000000000e+01,6.500000000000000000e+01,2.840000000000000000e+02,8.800000000000000000e+01,2.640000000000000000e+02,-9.300000000000000000e+01,8.000000000000000000e+01,4.000000000000000000e+00
1.000000000000000000e+00,1.600000000000000000e+01,1.600000000000000000e+01,1.120000000000000000e+02,2.420000000000000000e+02,8.800000000000000000e+01,2.640000000000000000e+02,9.600000000000000000e+01,-8.800000000000000000e+01,4.000000000000000000e+00
-1.000000000000000000e+00,1.600000000000000000e+01,1.600000000000000000e+01,8.100000000000000000e+01,2.850000000000000000e+02,1.040000000000000000e+02,2.640000000000000000e+02,-9.500000000000000000e+01,8.400000000000000000e+01,4.000000000000000000e+00
1.000000000000000000e+00,1.600000000000000000e+01,1.600000000000000000e+01,1.280000000000000000e+02,2.420000000000000000e+02,1.040000000000000000e+02,2.640000000000000000e+02,9.600000000000000000e+01,-8.800000000000000000e+01,4.000000000000000000e+00
-1.000000000000000000e+00,1.600000000000000000e+01,1.600000000000000000e+01,9.700000000000000000e+01,2.850000000000000000e+02,1.200000000000000000e+02,2.640000000000000000e+02,-9.500000000000000000e+01,8.400000000000000000e+01,4.000000000000000000e+00
1.000000000000000000e+00,1.600000000000000000e+01,1.600000000000000000e+01,1.440000000000000000e+02,2.420000000000000000e+02,1.200000000000000000e+02,2.640000000000000000e+02,9.600000000000000000e+01,-8.800000000000000000e+01,4.000000000000000000e+00
-1.000000000000000000e+00,1.600000000000000000e+01,1.600000000000000000e+01,1.120000000000000000e+02,2.850000000000000000e+02,1.360000000000000000e+02,2.640000000000000000e+02,-9.700000000000000000e+01,8.400000000000000000e+01,4.000000000000000000e+00
-1.000000000000000000e+00,1.600000000000000000e+01,1.600000000000000000e+01,1.280000000000000000e+02,2.850000000000000000e+02,1.520000000000000000e+02,2.640000000000000000e+02,-9.700000000000000000e+01,8.400000000000000000e+01,4.000000000000000000e+00
1.000000000000000000e+00,1.600000000000000000e+01,1.600000000000000000e+01,1.820000000000000000e+02,2.460000000000000000e+02,1.520000000000000000e+02,2.640000000000000000e+02,1.200000000000000000e+02,-7.200000000000000000e+01,4.000000000000000000e+00
-1.000000000000000000e+00,1.600000000000000000e+01,1.600000000000000000e+01,1.470000000000000000e+02,2.820000000000000000e+02,1.680000000000000000e+02,2.640000000000000000e+02,-8.500000000000000000e+01,7.200000000000000000e+01,4.000000000000000000e+00
-1.000000000000000000e+00,1.600000000000000000e+01,1.600000000000000000e+01,1.630000000000000000e+02,2.820000000000000000e+02,1.840000000000000000e+02,2.640000000000000000e+02,-8.500000000000000000e+01,7.200000000000000000e+01,4.000000000000000000e+00
-1.000000000000000000e+00,1.600000000000000000e+01,1.600000000000000000e+01,1.790000000000000000e+02,2.820000000000000000e+02,2.000000000000000000e+02,2.640000000000000000e+02,-8.500000000000000000e+01,7.200000000000000000e+01,4.000000000000000000e+00
1.000000000000000000e+00,1.600000000000000000e+01,1.600000000000000000e+01,2.240000000000000000e+02,2.470000000000000000e+02,2.000000000000000000e+02,2.640000000000000000e+02,9.600000000000000000e+01,-7.100000000000000000e+01,4.000000000000000000e+00
1.000000000000000000e+00,1.600000000000000000e+01,1.600000000000000000e+01,2.410000000000000000e+02,2.470000000000000000e+02,2.160000000000000000e+02,2.640000000000000000e+02,1.000000000000000000e+02,-7.100000000000000000e+01,4.000000000000000000e+00
-1.000000000000000000e+00,1.600000000000000000e+01,1.600000000000000000e+01,2.110000000000000000e+02,2.800000000000000000e+02,2.320000000000000000e+02,2.640000000000000000e+02,-8.700000000000000000e+01,6.400000000000000000e+01,4.000000000000000000e+00
1.000000000000000000e+00,1.600000000000000000e+01,1.600000000000000000e+01,2.570000000000000000e+02,2.640000000000000000e+02,2.320000000000000000e+02,2.640000000000000000e+02,1.000000000000000000e+02,-2.000000000000000000e+00,4.000000000000000000e+00
-1.000000000000000000e+00,1.600000000000000000e+01,1.600000000000000000e+01,2.270000000000000000e+02,2.800000000000000000e+02,2.480000000000000000e+02,2.640000000000000000e+02,-8.700000000000000000e+01,6.400000000000000000e+01,4.000000000000000000e+00
1.000000000000000000e+00,1.600000000000000000e+01,1.600000000000000000e+01,2.730000000000000000e+02,2.640000000000000000e+02,2.480000000000000000e+02,2.640000000000000000e+02,1.000000000000000000e+02,-1.000000000000000000e+00,4.000000000000000000e+00
-1.000000000000000000e+00,1.600000000000000000e+01,1.600000000000000000e+01,2.430000000000000000e+02,2.800000000000000000e+02,2.640000000000000000e+02,2.640000000000000000e+02,-8.700000000000000000e+01,6.400000000000000000e+01,4.000000000000000000e+00
1.000000000000000000e+00,1.600000000000000000e+01,1.600000000000000000e+01,2.880000000000000000e+02,2.640000000000000000e+02,2.640000000000000000e+02,2.640000000000000000e+02,9.700000000000000000e+01,0.000000000000000000e+00,4.000000000000000000e+00
-1.000000000000000000e+00,1.600000000000000000e+01,1.600000000000000000e+01,2.590000000000000000e+02,2.800000000000000000e+02,2.800000000000000000e+02,2.640000000000000000e+02,-8.700000000000000000e+01,6.400000000000000000e+01,4.000000000000000000e+00
1.000000000000000000e+00,1.600000000000000000e+01,1.600000000000000000e+01,3.040000000000000000e+02,2.640000000000000000e+02,2.800000000000000000e+02,2.640000000000000000e+02,9.700000000000000000e+01,0.000000000000000000e+00,4.000000000000000000e+00
-1.000000000000000000e+00,1.600000000000000000e+01,1.600000000000000000e+01,2.730000000000000000e+02,2.800000000000000000e+02,2.960000000000000000e+02,2.640000000000000000e+02,-9.200000000000000000e+01,6.400000000000000000e+01,4.000000000000000000e+00
1.000000000000000000e+00,1.600000000000000000e+01,1.600000000000000000e+01,3.180000000000000000e+02,2.400000000000000000e+02,2.960000000000000000e+02,2.640000000000000000e+02,9.100000000000000000e+01,-9.700000000000000000e+01,4.000000000000000000e+00
-1.000000000000000000e+00,1.600000000000000000e+01,1.600000000000000000e+01,2.900000000000000000e+02,2.800000000000000000e+02,3.120000000000000000e+02,2.640000000000000000e+02,-8.800000000000000000e+01,6.700000000000000000e+01,4.000000000000000000e+00
-1.000000000000000000e+00,1.600000000000000000e+01,1.600000000000000000e+01,3.050000000000000000e+02,2.800000000000000000e+02,3.280000000000000000e+02,2.640000000000000000e+02,-9.200000000000000000e+01,6.400000000000000000e+01,4.000000000000000000e+00
1.000000000000000000e+00,1.600000000000000000e+01,1.600000000000000000e+01,3.660000000000000000e+02,2.390000000000000000e+02,3.440000000000000000e+02,2.640000000000000000e+02,8.800000000000000000e+01,-1.000000000000000000e+02,4.000000000000000000e+00
1.000000000000000000e+00,1.600000000000000000e+01,1.600000000000000000e+01,3.820000000000000000e+02,2.440000000000000000e+02,3.600000000000000000e+02,2.640000000000000000e+02,8.800000000000000000e+01,-8.200000000000000000e+01,4.000000000000000000e+00
-1.000000000000000000e+00,1.600000000000000000e+01,1.600000000000000000e+01,3.550000000000000000e+02,2.800000000000000000e+02,3.760000000000000000e+02,2.640000000000000000e+02,-8.500000000000000000e+01,6.400000000000000000e+01,4.000000000000000000e+00
1.000000000000000000e+00,1.600000000000000000e+01,1.600000000000000000e+01,4.480000000000000000e+02,2.450000000000000000e+02,4.080000000000000000e+02,2.640000000000000000e+02,1.630000000000000000e+02,-7.600000000000000000e+01,4.000000000000000000e+00
-1.000000000000000000e+00,1.600000000000000000e+01,1.600000000000000000e+01,4.030000000000000000e+02,2.660000000000000000e+02,4.240000000000000000e+02,2.640000000000000000e+02,-8.500000000000000000e+01,8.000000000000000000e+00,4.000000000000000000e+00
1.000000000000000000e+00,1.600000000000000000e+01,1.600000000000000000e+01,4.950000000000000000e+02,2.380000000000000000e+02,4.400000000000000000e+02,2.640000000000000000e+02,2.210000000000000000e+02,-1.060000000000000000e+02,4.000000000000000000e+00
1.000000000000000000e+00,1.600000000000000000e+01,1.600000000000000000e+01,5.110000000000000000e+02,2.580000000000000000e+02,4.720000000000000000e+02,2.640000000000000000e+02,1.560000000000000000e+02,-2.400000000000000000e+01,4.000000000000000000e+00
-1.000000000000000000e+00,1.600000000000000000e+01,1.600000000000000000e+01,4.820000000000000000e+02,2.820000000000000000e+02,5.200000000000000000e+02,2.640000000000000000e+02,-1.520000000000000000e+02,7.400000000000000000e+01,4.000000000000000000e+00
-1.000000000000000000e+00,8.000000000000000000e+00,1.600000000000000000e+01,4.940000000000000000e+02,2.820000000000000000e+02,5.320000000000000000e+02,2.640000000000000000e+02,-1.520000000000000000e+02,7.400000000000000000e+01,4.000000000000000000e+00
-1.000000000000000000e+00,8.000000000000000000e+00,1.600000000000000000e+01,4.290000000000000000e+02,2.780000000000000000e+02,5.400000000000000000e+02,2.640000000000000000e+02,-4.440000000000000000e+02,5.700000000000000000e+01,4.000000000000000000e+00
-1.000000000000000000e+00,1.600000000000000000e+01,8.000000000000000000e+00,5.400000000000000000e+02,2.740000000000000000e+02,5.520000000000000000e+02,2.600000000000000000e+02,-4.900000000000000000e+01,5.900000000000000000e+01,4.000000000000000000e+00
-1.000000000000000000e+00,1.600000000000000000e+01,8.000000000000000000e+00,4.410000000000000000e+02,2.820000000000000000e+02,5.520000000000000000e+02,2.680000000000000000e+02,-4.440000000000000000e+02,5.700000000000000000e+01,4.000000000000000000e+00
-1.000000000000000000e+00,1.600000000000000000e+01,1.600000000000000000e+01,5.560000000000000000e+02,2.780000000000000000e+02,5.680000000000000000e+02,2.640000000000000000e+02,-4.800000000000000000e+01,5.600000000000000000e+01,4.000000000000000000e+00
1.000000000000000000e+00,1.600000000000000000e+01,1.600000000000000000e+01,5.800000000000000000e+02,2.500000000000000000e+02,5.680000000000000000e+02,2.640000000000000000e+02,5.000000000000000000e+01,-5.600000000000000000e+01,4.000000000000000000e+00
-1.000000000000000000e+00,1.600000000000000000e+01,1.600000000000000000e+01,5.730000000000000000e+02,2.770000000000000000e+02,5.840000000000000000e+02,2.640000000000000000e+02,-4.700000000000000000e+01,5.400000000000000000e+01,4.000000000000000000e+00
1.000000000000000000e+00,1.600000000000000000e+01,1.600000000000000000e+01,5.960000000000000000e+02,2.510000000000000000e+02,5.840000000000000000e+02,2.640000000000000000e+02,5.000000000000000000e+01,-5.500000000000000000e+01,4.000000000000000000e+00
1.000000000000000000e+00,1.600000000000000000e+01,1.600000000000000000e+01,6.290000000000000000e+02,2.490000000000000000e+02,6.160000000000000000e+02,2.640000000000000000e+02,5.200000000000000000e+01,-6.200000000000000000e+01,4.000000000000000000e+00
-1.000000000000000000e+00,1.600000000000000000e+01,1.600000000000000000e+01,6.320000000000000000e+02,2.640000000000000000e+02,6.320000000000000000e+02,2.640000000000000000e+02,0.000000000000000000e+00,0.000000000000000000e+00,4.000000000000000000e+00
-1.000000000000000000e+00,1.600000000000000000e+01,1.600000000000000000e+01,6.480000000000000000e+02,2.640000000000000000e+02,6.480000000000000000e+02,2.640000000000000000e+02,0.000000000000000000e+00,0.000000000000000000e+00,4.000000000000000000e+00
-1.000000000000000000e+00,1.600000000000000000e+01,1.600000000000000000e+01,6.640000000000000000e+02,2.640000000000000000e+02,6.640000000000000000e+02,2.640000000000000000e+02,0.000000000000000000e+00,0.000000000000000000e+00,4.000000000000000000e+00
1.000000000000000000e+00,1.600000000000000000e+01,1.600000000000000000e+01,6.640000000000000000e+02,2.640000000000000000e+02,6.640000000000000000e+02,2.640000000000000000e+02,0.000000000000000000e+00,0.000000000000000000e+00,4.000000000000000000e+00
-1.000000000000000000e+00,1.600000000000000000e+01,1.600000000000000000e+01,6.800000000000000000e+02,2.640000000000000000e+02,6.800000000000000000e+02,2.640000000000000000e+02,0.000000000000000000e+00,0.000000000000000000e+00,4.000000000000000000e+00
1.000000000000000000e+00,1.600000000000000000e+01,1.600000000000000000e+01,6.800000000000000000e+02,2.490000000000000000e+02,6.800000000000000000e+02,2.640000000000000000e+02,0.000000000000000000e+00,-6.300000000000000000e+01,4.000000000000000000e+00
-1.000000000000000000e+00,1.600000000000000000e+01,1.600000000000000000e+01,6.960000000000000000e+02,2.640000000000000000e+02,6.960000000000000000e+02,2.640000000000000000e+02,0.000000000000000000e+00,0.000000000000000000e+00,4.000000000000000000e+00
1.000000000000000000e+00,1.600000000000000000e+01,1.600000000000000000e+01,6.960000000000000000e+02,2.490000000000000000e+02,6.960000000000000000e+02,2.640000000000000000e+02,0.000000000000000000e+00,-6.300000000000000000e+01,4.000000000000000000e+00
-1.000000000000000000e+00,1.600000000000000000e+01,1.600000000000000000e+01,7.120000000000000000e+02,2.820000000000000000e+02,7.120000000000000000e+02,2.640000000000000000e+02,0.000000000000000000e+00,7.200000000000000000e+01,4.000000000000000000e+00
1.000000000000000000e+00,1.600000000000000000e+01,1.600000000000000000e+01,7.120000000000000000e+02,2.640000000000000000e+02,7.120000000000000000e+02,2.640000000000000000e+02,0.000000000000000000e+00,0.000000000000000000e+00,4.000000000000000000e+00
-1.000000000000000000e+00,1.600000000000000000e+01,1.600000000000000000e+01,7.280000000000000000e+02,2.820000000000000000e+02,7.280000000000000000e+02,2.640000000000000000e+02,0.000000000000000000e+00,7.200000000000000000e+01,4.000000000000000000e+00
1.000000000000000000e+00,1.600000000000000000e+01,1.600000000000000000e+01,7.280000000000000000e+02,2.640000000000000000e+02,7.280000000000000000e+02,2.640000000000000000e+02,0.000000000000000000e+00,0.000000000000000000e+00,4.000000000000000000e+00
-1.000000000000000000e+00,1.600000000000000000e+01,1.600000000000000000e+01,7.440000000000000000e+02,2.820000000000000000e+02,7.440000000000000000e+02,2.640000000000000000e+02,0.000000000000000000e+00,7.200000000000000000e+01,4.000000000000000000e+00
1.000000000000000000e+00,1.600000000000000000e+01,1.600000000000000000e+01,7.440000000000000000e+02,2.640000000000000000e+02,7.440000000000000000e+02,2.640000000000000000e+02,0.000000000000000000e+00,0.000000000000000000e+00,4.000000000000000000e+00
1.000000000000000000e+00,1.600000000000000000e+01,1.600000000000000000e+01,7.600000000000000000e+02,2.640000000000000000e+02,7.600000000000000000e+02,2.640000000000000000e+02,0.000000000000000000e+00,0.000000000000000000e+00,4.000000000000000000e+00
-1.000000000000000000e+00,1.600000000000000000e+01,1.600000000000000000e+01,7.620000000000000000e+02,2.840000000000000000e+02,7.760000000000000000e+02,2.640000000000000000e+02,-5.600000000000000000e+01,8.200000000000000000e+01,4.000000000000000000e+00
1.000000000000000000e+00,1.600000000000000000e+01,1.600000000000000000e+01,7.760000000000000000e+02,2.640000000000000000e+02,7.760000000000000000e+02,2.640000000000000000e+02,0.000000000000000000e+00,0.000000000000000000e+00,4.000000000000000000e+00
-1.000000000000000000e+00,1.600000000000000000e+01,1.600000000000000000e+01,7.780000000000000000e+02,2.840000000000000000e+02,7.920000000000000000e+02,2.640000000000000000e+02,-5.600000000000000000e+01,8.200000000000000000e+01,4.000000000000000000e+00
1.000000000000000000e+00,1.600000000000000000e+01,1.600000000000000000e+01,8.530000000000000000e+02,2.640000000000000000e+02,8.560000000000000000e+02,2.640000000000000000e+02,-1.400000000000000000e+01,0.000000000000000000e+00,4.000000000000000000e+00
-1.000000000000000000e+00,8.000000000000000000e+00,1.600000000000000000e+01,8.680000000000000000e+02,2.640000000000000000e+02,8.840000000000000000e+02,2.640000000000000000e+02,-6.400000000000000000e+01,1.000000000000000000e+00,4.000000000000000000e+00
-1.000000000000000000e+00,8.000000000000000000e+00,1.600000000000000000e+01,8.920000000000000000e+02,2.640000000000000000e+02,8.920000000000000000e+02,2.640000000000000000e+02,0.000000000000000000e+00,0.000000000000000000e+00,4.000000000000000000e+00
1.000000000000000000e+00,8.000000000000000000e+00,1.600000000000000000e+01,8.840000000000000000e+02,2.640000000000000000e+02,8.840000000000000000e+02,2.640000000000000000e+02,0.000000000000000000e+00,0.000000000000000000e+00,4.000000000000000000e+00
1.000000000000000000e+00,8.000000000000000000e+00,1.600000000000000000e+01,9.160000000000000000e+02,2.420000000000000000e+02,8.920000000000000000e+02,2.640000000000000000e+02,9.900000000000000000e+01,-9.000000000000000000e+01,4.000000000000000000e+00
1.000000000000000000e+00,1.600000000000000000e+01,1.600000000000000000e+01,9.340000000000000000e+02,2.420000000000000000e+02,9.040000000000000000e+02,2.640000000000000000e+02,1.200000000000000000e+02,-9.100000000000000000e+01,4.000000000000000000e+00
-1.000000000000000000e+00,1.600000000000000000e+01,1.600000000000000000e+01,9.000000000000000000e+02,2.840000000000000000e+02,9.200000000000000000e+02,2.640000000000000000e+02,-8.200000000000000000e+01,8.000000000000000000e+01,4.000000000000000000e+00
1.000000000000000000e+00,1.600000000000000000e+01,1.600000000000000000e+01,9.460000000000000000e+02,2.440000000000000000e+02,9.200000000000000000e+02,2.640000000000000000e+02,1.040000000000000000e+02,-8.300000000000000000e+01,4.000000000000000000e+00
-1.000000000000000000e+00,1.600000000000000000e+01,1.600000000000000000e+01,9.160000000000000000e+02,2.840000000000000000e+02,9.360000000000000000e+02,2.640000000000000000e+02,-8.200000000000000000e+01,8.000000000000000000e+01,4.000000000000000000e+00
-1.000000000000000000e+00,1.600000000000000000e+01,1.600000000000000000e+01,9.320000000000000000e+02,2.840000000000000000e+02,9.520000000000000000e+02,2.640000000000000000e+02,-8.200000000000000000e+01,8.000000000000000000e+01,4.000000000000000000e+00
1.000000000000000000e+00,1.600000000000000000e+01,1.600000000000000000e+01,9.780000000000000000e+02,2.440000000000000000e+02,9.520000000000000000e+02,2.640000000000000000e+02,1.040000000000000000e+02,-8.100000000000000000e+01,4.000000000000000000e+00
-1.000000000000000000e+00,1.600000000000000000e+01,1.600000000000000000e+01,9.480000000000000000e+02,2.840000000000000000e+02,9.680000000000000000e+02,2.640000000000000000e+02,-8.200000000000000000e+01,8.000000000000000000e+01,4.000000000000000000e+00
1.000000000000000000e+00,1.600000000000000000e+01,1.600000000000000000e+01,1.025000000000000000e+03,2.440000000000000000e+02,1.000000000000000000e+03,2.640000000000000000e+02,1.020000000000000000e+02,-8.000000000000000000e+01,4.000000000000000000e+00
1.000000000000000000e+00,1.600000000000000000e+01,1.600000000000000000e+01,1.073000000000000000e+03,2.440000000000000000e+02,1.048000000000000000e+03,2.640000000000000000e+02,1.020000000000000000e+02,-8.000000000000000000e+01,4.000000000000000000e+00
1.000000000000000000e+00,1.600000000000000000e+01,1.600000000000000000e+01,1.089000000000000000e+03,2.440000000000000000e+02,1.064000000000000000e+03,2.640000000000000000e+02,1.020000000000000000e+02,-8.000000000000000000e+01,4.000000000000000000e+00
1.000000000000000000e+00,1.600000000000000000e+01,1.600000000000000000e+01,1.080000000000000000e+03,2.640000000000000000e+02,1.080000000000000000e+03,2.640000000000000000e+02,0.000000000000000000e+00,0.000000000000000000e+00,4.000000000000000000e+00
1.000000000000000000e+00,1.600000000000000000e+01,1.600000000000000000e+01,1.096000000000000000e+03,2.640000000000000000e+02,1.096000000000000000e+03,2.640000000000000000e+02,0.000000000000000000e+00,0.000000000000000000e+00,4.000000000000000000e+00
-1.000000000000000000e+00,1.600000000000000000e+01,1.600000000000000000e+01,1.112000000000000000e+03,2.640000000000000000e+02,1.112000000000000000e+03,2.640000000000000000e+02,0.000000000000000000e+00,0.000000000000000000e+00,4.000000000000000000e+00
1.000000000000000000e+00,1.600000000000000000e+01,1.600000000000000000e+01,1.112000000000000000e+03,2.640000000000000000e+02,1.112000000000000000e+03,2.640000000000000000e+02,0.000000000000000000e+00,0.000000000000000000e+00,4.000000000000000000e+00
-1.000000000000000000e+00,1.600000000000000000e+01,1.600000000000000000e+01,1.128000000000000000e+03,2.640000000000000000e+02,1.128000000000000000e+03,2.640000000000000000e+02,0.000000000000000000e+00,0.000000000000000000e+00,4.000000000000000000e+00
1.000000000000000000e+00,1.600000000000000000e+01,1.600000000000000000e+01,1.128000000000000000e+03,2.640000000000000000e+02,1.128000000000000000e+03,2.640000000000000000e+02,0.000000000000000000e+00,0.000000000000000000e+00,4.000000000000000000e+00
-1.000000000000000000e+00,1.600000000000000000e+01,1.600000000000000000e+01,1.144000000000000000e+03,2.640000000000000000e+02,1.144000000000000000e+03,2.640000000000000000e+02,0.000000000000000000e+00,0.000000000000000000e+00,4.000000000000000000e+00
1.000000000000000000e+00,1.600000000000000000e+01,1.600000000000000000e+01,1.144000000000000000e+03,2.640000000000000000e+02,1.144000000000000000e+03,2.640000000000000000e+02,0.000000000000000000e+00,0.000000000000000000e+00,4.000000000000000000e+00
-1.000000000000000000e+00,1.600000000000000000e+01,1.600000000000000000e+01,1.160000000000000000e+03,2.640000000000000000e+02,1.160000000000000000e+03,2.640000000000000000e+02,0.000000000000000000e+00,0.000000000000000000e+00,4.000000000000000000e+00
1.000000000000000000e+00,1.600000000000000000e+01,1.600000000000000000e+01,1.160000000000000000e+03,2.640000000000000000e+02,1.160000000000000000e+03,2.640000000000000000e+02,0.000000000000000000e+00,0.000000000000000000e+00,4.000000000000000000e+00
-1.000000000000000000e+00,1.600000000000000000e+01,1.600000000000000000e+01,1.176000000000000000e+03,2.640000000000000000e+02,1.176000000000000000e+03,2.640000000000000000e+02,0.000000000000000000e+00,0.000000000000000000e+00,4.000000000000000000e+00
1.000000000000000000e+00,1.600000000000000000e+01,1.600000000000000000e+01,1.176000000000000000e+03,2.640000000000000000e+02,1.176000000000000000e+03,2.640000000000000000e+02,0.000000000000000000e+00,0.000000000000000000e+00,4.000000000000000000e+00
-1.000000000000000000e+00,1.600000000000000000e+01,1.600000000000000000e+01,1.192000000000000000e+03,2.640000000000000000e+02,1.192000000000000000e+03,2.640000000000000000e+02,0.000000000000000000e+00,0.000000000000000000e+00,4.000000000000000000e+00
1.000000000000000000e+00,1.600000000000000000e+01,1.600000000000000000e+01,1.192000000000000000e+03,2.640000000000000000e+02,1.192000000000000000e+03,2.640000000000000000e+02,0.000000000000000000e+00,0.000000000000000000e+00,4.000000000000000000e+00
-1.000000000000000000e+00,1.600000000000000000e+01,1.600000000000000000e+01,1.208000000000000000e+03,2.640000000000000000e+02,1.208000000000000000e+03,2.640000000000000000e+02,0.000000000000000000e+00,0.000000000000000000e+00,4.000000000000000000e+00
1.000000000000000000e+00,1.600000000000000000e+01,1.600000000000000000e+01,1.208000000000000000e+03,2.640000000000000000e+02,1.208000000000000000e+03,2.640000000000000000e+02,0.000000000000000000e+00,0.000000000000000000e+00,4.000000000000000000e+00
-1.000000000000000000e+00,1.600000000000000000e+01,1.600000000000000000e+01,1.224000000000000000e+03,2.640000000000000000e+02,1.224000000000000000e+03,2.640000000000000000e+02,0.000000000000000000e+00,0.000000000000000000e+00,4.000000000000000000e+00
1.000000000000000000e+00,1.600000000000000000e+01,1.600000000000000000e+01,1.224000000000000000e+03,2.640000000000000000e+02,1.224000000000000000e+03,2.640000000000000000e+02,0.000000000000000000e+00,0.000000000000000000e+00,4.000000000000000000e+00
-1.000000000000000000e+00,1.600000000000000000e+01,1.600000000000000000e+01,1.240000000000000000e+03,2.640000000000000000e+02,1.240000000000000000e+03,2.640000000000000000e+02,0.000000000000000000e+00,0.000000000000000000e+00,4.000000000000000000e+00
1.000000000000000000e+00,1.600000000000000000e+01,1.600000000000000000e+01,1.240000000000000000e+03,2.640000000000000000e+02,1.240000000000000000e+03,2.640000000000000000e+02,0.000000000000000000e+00,0.000000000000000000e+00,4.000000000000000000e+00
-1.000000000000000000e+00,1.600000000000000000e+01,1.600000000000000000e+01,1.256000000000000000e+03,2.640000000000000000e+02,1.256000000000000000e+03,2.640000000000000000e+02,1.000000000000000000e+00,0.000000000000000000e+00,4.000000000000000000e+00
-1.000000000000000000e+00,1.600000000000000000e+01,1.600000000000000000e+01,1.272000000000000000e+03,2.640000000000000000e+02,1.272000000000000000e+03,2.640000000000000000e+02,0.000000000000000000e+00,0.000000000000000000e+00,4.000000000000000000e+00
-1.000000000000000000e+00,1.600000000000000000e+01,1.600000000000000000e+01,8.000000000000000000e+00,2.800000000000000000e+02,8.000000000000000000e+00,2.800000000000000000e+02,0.000000000000000000e+00,0.000000000000000000e+00,4.000000000000000000e+00
1.000000000000000000e+00,1.600000000000000000e+01,1.600000000000000000e+01,8.000000000000000000e+00,2.800000000000000000e+02,8.000000000000000000e+00,2.800000000000000000e+02,0.000000000000000000e+00,0.000000000000000000e+00,4.000000000000000000e+00
-1.000000000000000000e+00,1.600000000000000000e+01,1.600000000000000000e+01,2.400000000000000000e+01,2.800000000000000000e+02,2.400000000000000000e+01,2.800000000000000000e+02,0.000000000000000000e+00,0.000000000000000000e+00,4.000000000000000000e+00
1.000000000000000000e+00,1.600000000000000000e+01,1.600000000000000000e+01,5.100000000000000000e+01,2.590000000000000000e+02,2.400000000000000000e+01,2.800000000000000000e+02,1.090000000000000000e+02,-8.700000000000000000e+01,4.000000000000000000e+00
1.000000000000000000e+00,1.600000000000000000e+01,1.600000000000000000e+01,6.700000000000000000e+01,2.590000000000000000e+02,4.000000000000000000e+01,2.800000000000000000e+02,1.090000000000000000e+02,-8.700000000000000000e+01,4.000000000000000000e+00
-1.000000000000000000e+00,1.600000000000000000e+01,1.600000000000000000e+01,3.300000000000000000e+01,3.000000000000000000e+02,5.600000000000000000e+01,2.800000000000000000e+02,-9.300000000000000000e+01,8.000000000000000000e+01,4.000000000000000000e+00
1.000000000000000000e+00,1.600000000000000000e+01,1.600000000000000000e+01,8.100000000000000000e+01,2.590000000000000000e+02,5.600000000000000000e+01,2.800000000000000000e+02,1.000000000000000000e+02,-8.700000000000000000e+01,4.000000000000000000e+00
-1.000000000000000000e+00,1.600000000000000000e+01,1.600000000000000000e+01,4.900000000000000000e+01,3.000000000000000000e+02,7.200000000000000000e+01,2.800000000000000000e+02,-9.300000000000000000e+01,8.000000000000000000e+01,4.000000000000000000e+00
1.000000000000000000e+00,1.600000000000000000e+01,1.600000000000000000e+01,9.600000000000000000e+01,2.590000000000000000e+02,7.200000000000000000e+01,2.800000000000000000e+02,9.600000000000000000e+01,-8.700000000000000000e+01,4.000000000000000000e+00
-1.000000000000000000e+00,1.600000000000000000e+01,1.600000000000000000e+01,6.500000000000000000e+01,3.000000000000000000e+02,8.800000000000000000e+01,2.800000000000000000e+02,-9.300000000000000000e+01,8.000000000000000000e+01,4.000000000000000000e+00
1.000000000000000000e+00,1.600000000000000000e+01,1.600000000000000000e+01,1.120000000000000000e+02,2.580000000000000000e+02,8.800000000000000000e+01,2.800000000000000000e+02,9.600000000000000000e+01,-8.800000000000000000e+01,4.000000000000000000e+00
-1.000000000000000000e+00,1.600000000000000000e+01,1.600000000000000000e+01,8.100000000000000000e+01,3.010000000000000000e+02,1.040000000000000000e+02,2.800000000000000000e+02,-9.500000000000000000e+01,8.400000000000000000e+01,4.000000000000000000e+00
1.000000000000000000e+00,1.600000000000000000e+01,1.600000000000000000e+01,1.280000000000000000e+02,2.580000000000000000e+02,1.040000000000000000e+02,2.800000000000000000e+02,9.600000000000000000e+01,-8.800000000000000000e+01,4.000000000000000000e+00
-1.000000000000000000e+00,1.600000000000000000e+01,1.600000000000000000e+01,9.700000000000000000e+01,3.010000000000000000e+02,1.200000000000000000e+02,2.800000000000000000e+02,-9.500000000000000000e+01,8.400000000000000000e+01,4.000000000000000000e+00
1.000000000000000000e+00,1.600000000000000000e+01,1.600000000000000000e+01,1.440000000000000000e+02,2.580000000000000000e+02,1.200000000000000000e+02,2.800000000000000000e+02,9.600000000000000000e+01,-8.800000000000000000e+01,4.000000000000000000e+00
-1.000000000000000000e+00,1.600000000000000000e+01,1.600000000000000000e+01,1.120000000000000000e+02,3.010000000000000000e+02,1.360000000000000000e+02,2.800000000000000000e+02,-9.700000000000000000e+01,8.400000000000000000e+01,4.000000000000000000e+00
1.000000000000000000e+00,1.600000000000000000e+01,1.600000000000000000e+01,1.600000000000000000e+02,2.620000000000000000e+02,1.360000000000000000e+02,2.800000000000000000e+02,9.600000000000000000e+01,-7.200000000000000000e+01,4.000000000000000000e+00
-1.000000000000000000e+00,1.600000000000000000e+01,1.600000000000000000e+01,1.280000000000000000e+02,3.010000000000000000e+02,1.520000000000000000e+02,2.800000000000000000e+02,-9.700000000000000000e+01,8.400000000000000000e+01,4.000000000000000000e+00
1.000000000000000000e+00,1.600000000000000000e+01,1.600000000000000000e+01,1.760000000000000000e+02,2.620000000000000000e+02,1.520000000000000000e+02,2.800000000000000000e+02,9.600000000000000000e+01,-7.200000000000000000e+01,4.000000000000000000e+00
-1.000000000000000000e+00,1.600000000000000000e+01,1.600000000000000000e+01,1.470000000000000000e+02,2.980000000000000000e+02,1.680000000000000000e+02,2.800000000000000000e+02,-8.500000000000000000e+01,7.200000000000000000e+01,4.000000000000000000e+00
1.000000000000000000e+00,1.600000000000000000e+01,1.600000000000000000e+01,1.920000000000000000e+02,2.620000000000000000e+02,1.680000000000000000e+02,2.800000000000000000e+02,9.600000000000000000e+01,-7.200000000000000000e+01,4.000000000000000000e+00
-1.000000000000000000e+00,1.600000000000000000e+01,1.600000000000000000e+01,1.630000000000000000e+02,2.980000000000000000e+02,1.840000000000000000e+02,2.800000000000000000e+02,-8.500000000000000000e+01,7.200000000000000000e+01,4.000000000000000000e+00
1.000000000000000000e+00,1.600000000000000000e+01,1.600000000000000000e+01,2.080000000000000000e+02,2.630000000000000000e+02,1.840000000000000000e+02,2.800000000000000000e+02,9.600000000000000000e+01,-7.100000000000000000e+01,4.000000000000000000e+00
1.000000000000000000e+00,1.600000000000000000e+01,1.600000000000000000e+01,2.240000000000000000e+02,2.650000000000000000e+02,2.000000000000000000e+02,2.800000000000000000e+02,9.600000000000000000e+01,-6.000000000000000000e+01,4.000000000000000000e+00
1.000000000000000000e+00,1.600000000000000000e+01,1.600000000000000000e+01,2.410000000000000000e+02,2.650000000000000000e+02,2.160000000000000000e+02,2.800000000000000000e+02,1.000000000000000000e+02,-6.000000000000000000e+01,4.000000000000000000e+00
-1.000000000000000000e+00,1.600000000000000000e+01,1.600000000000000000e+01,2.110000000000000000e+02,2.960000000000000000e+02,2.320000000000000000e+02,2.800000000000000000e+02,-8.700000000000000000e+01,6.400000000000000000e+01,4.000000000000000000e+00
-1.000000000000000000e+00,1.600000000000000000e+01,1.600000000000000000e+01,2.270000000000000000e+02,2.960000000000000000e+02,2.480000000000000000e+02,2.800000000000000000e+02,-8.700000000000000000e+01,6.400000000000000000e+01,4.000000000000000000e+00
-1.000000000000000000e+00,1.600000000000000000e+01,1.600000000000000000e+01,2.430000000000000000e+02,2.960000000000000000e+02,2.640000000000000000e+02,2.800000000000000000e+02,-8.700000000000000000e+01,6.400000000000000000e+01,4.000000000000000000e+00
1.000000000000000000e+00,1.600000000000000000e+01,1.600000000000000000e+01,2.880000000000000000e+02,2.800000000000000000e+02,2.640000000000000000e+02,2.800000000000000000e+02,9.700000000000000000e+01,0.000000000000000000e+00,4.000000000000000000e+00
-1.000000000000000000e+00,1.600000000000000000e+01,1.600000000000000000e+01,2.590000000000000000e+02,2.960000000000000000e+02,2.800000000000000000e+02,2.800000000000000000e+02,-8.700000000000000000e+01,6.400000000000000000e+01,4.000000000000000000e+00
1.000000000000000000e+00,1.600000000000000000e+01,1.600000000000000000e+01,3.040000000000000000e+02,2.800000000000000000e+02,2.800000000000000000e+02,2.800000000000000000e+02,9.700000000000000000e+01,0.000000000000000000e+00,4.000000000000000000e+00
1.000000000000000000e+00,1.600000000000000000e+01,1.600000000000000000e+01,3.210000000000000000e+02,2.600000000000000000e+02,2.960000000000000000e+02,2.800000000000000000e+02,1.000000000000000000e+02,-8.100000000000000000e+01,4.000000000000000000e+00
-1.000000000000000000e+00,1.600000000000000000e+01,1.600000000000000000e+01,2.900000000000000000e+02,2.960000000000000000e+02,3.120000000000000000e+02,2.800000000000000000e+02,-8.800000000000000000e+01,6.400000000000000000e+01,4.000000000000000000e+00
1.000000000000000000e+00,1.600000000000000000e+01,1.600000000000000000e+01,3.370000000000000000e+02,2.600000000000000000e+02,3.120000000000000000e+02,2.800000000000000000e+02,1.000000000000000000e+02,-8.100000000000000000e+01,4.000000000000000000e+00
-1.000000000000000000e+00,8.000000000000000000e+00,1.600000000000000000e+01,3.240000000000000000e+02,2.800000000000000000e+02,3.240000000000000000e+02,2.800000000000000000e+02,0.000000000000000000e+00,0.000000000000000000e+00,4.000000000000000000e+00
-1.000000000000000000e+00,8.000000000000000000e+00,1.600000000000000000e+01,3.090000000000000000e+02,2.960000000000000000e+02,3.320000000000000000e+02,2.800000000000000000e+02,-9.200000000000000000e+01,6.400000000000000000e+01,4.000000000000000000e+00
1.000000000000000000e+00,8.000000000000000000e+00,1.600000000000000000e+01,3.480000000000000000e+02,2.600000000000000000e+02,3.240000000000000000e+02,2.800000000000000000e+02,9.700000000000000000e+01,-8.100000000000000000e+01,4.000000000000000000e+00
1.000000000000000000e+00,8.000000000000000000e+00,1.600000000000000000e+01,3.320000000000000000e+02,2.800000000000000000e+02,3.320000000000000000e+02,2.800000000000000000e+02,0.000000000000000000e+00,0.000000000000000000e+00,4.000000000000000000e+00
-1.000000000000000000e+00,1.600000000000000000e+01,1.600000000000000000e+01,3.210000000000000000e+02,2.960000000000000000e+02,3.440000000000000000e+02,2.800000000000000000e+02,-9.200000000000000000e+01,6.400000000000000000e+01,4.000000000000000000e+00
1.000000000000000000e+00,1.600000000000000000e+01,1.600000000000000000e+01,3.660000000000000000e+02,2.600000000000000000e+02,3.440000000000000000e+02,2.800000000000000000e+02,8.800000000000000000e+01,-8.200000000000000000e+01,4.000000000000000000e+00
1.000000000000000000e+00,1.600000000000000000e+01,1.600000000000000000e+01,4.320000000000000000e+02,2.610000000000000000e+02,3.920000000000000000e+02,2.800000000000000000e+02,1.630000000000000000e+02,-7.600000000000000000e+01,4.000000000000000000e+00
-1.000000000000000000e+00,1.600000000000000000e+01,1.600000000000000000e+01,3.870000000000000000e+02,2.820000000000000000e+02,4.080000000000000000e+02,2.800000000000000000e+02,-8.500000000000000000e+01,8.000000000000000000e+00,4.000000000000000000e+00
1.000000000000000000e+00,1.600000000000000000e+01,1.600000000000000000e+01,4.480000000000000000e+02,2.610000000000000000e+02,4.080000000000000000e+02,2.800000000000000000e+02,1.630000000000000000e+02,-7.600000000000000000e+01,4.000000000000000000e+00
1.000000000000000000e+00,1.600000000000000000e+01,1.600000000000000000e+01,4.700000000000000000e+02,2.580000000000000000e+02,4.240000000000000000e+02,2.800000000000000000e+02,1.860000000000000000e+02,-9.100000000000000000e+01,4.000000000000000000e+00
1.000000000000000000e+00,1.600000000000000000e+01,1.600000000000000000e+01,4.860000000000000000e+02,2.590000000000000000e+02,4.400000000000000000e+02,2.800000000000000000e+02,1.860000000000000000e+02,-8.600000000000000000e+01,4.000000000000000000e+00
-1.000000000000000000e+00,1.600000000000000000e+01,1.600000000000000000e+01,4.640000000000000000e+02,3.000000000000000000e+02,5.040000000000000000e+02,2.800000000000000000e+02,-1.600000000000000000e+02,8.000000000000000000e+01,4.000000000000000000e+00
-1.000000000000000000e+00,1.600000000000000000e+01,1.600000000000000000e+01,4.820000000000000000e+02,2.980000000000000000e+02,5.200000000000000000e+02,2.800000000000000000e+02,-1.520000000000000000e+02,7.400000000000000000e+01,4.000000000000000000e+00
-1.000000000000000000e+00,1.600000000000000000e+01,1.600000000000000000e+01,5.010000000000000000e+02,2.980000000000000000e+02,5.360000000000000000e+02,2.800000000000000000e+02,-1.410000000000000000e+02,7.500000000000000000e+01,4.000000000000000000e+00
-1.000000000000000000e+00,1.600000000000000000e+01,1.600000000000000000e+01,5.360000000000000000e+02,2.990000000000000000e+02,5.680000000000000000e+02,2.800000000000000000e+02,-1.280000000000000000e+02,7.800000000000000000e+01,4.000000000000000000e+00
-1.000000000000000000e+00,8.000000000000000000e+00,1.600000000000000000e+01,5.800000000000000000e+02,2.800000000000000000e+02,5.800000000000000000e+02,2.800000000000000000e+02,0.000000000000000000e+00,0.000000000000000000e+00,4.000000000000000000e+00
-1.000000000000000000e+00,8.000000000000000000e+00,1.600000000000000000e+01,5.780000000000000000e+02,2.930000000000000000e+02,5.880000000000000000e+02,2.800000000000000000e+02,-4.300000000000000000e+01,5.400000000000000000e+01,4.000000000000000000e+00
1.000000000000000000e+00,8.000000000000000000e+00,1.600000000000000000e+01,5.910000000000000000e+02,2.670000000000000000e+02,5.800000000000000000e+02,2.800000000000000000e+02,4.700000000000000000e+01,-5.500000000000000000e+01,4.000000000000000000e+00
1.000000000000000000e+00,8.000000000000000000e+00,1.600000000000000000e+01,5.990000000000000000e+02,2.670000000000000000e+02,5.880000000000000000e+02,2.800000000000000000e+02,4.700000000000000000e+01,-5.400000000000000000e+01,4.000000000000000000e+00
-1.000000000000000000e+00,1.600000000000000000e+01,1.600000000000000000e+01,5.900000000000000000e+02,2.930000000000000000e+02,6.000000000000000000e+02,2.800000000000000000e+02,-4.300000000000000000e+01,5.400000000000000000e+01,4.000000000000000000e+00
1.000000000000000000e+00,1.600000000000000000e+01,1.600000000000000000e+01,6.110000000000000000e+02,2.670000000000000000e+02,6.000000000000000000e+02,2.800000000000000000e+02,4.700000000000000000e+01,-5.400000000000000000e+01,4.000000000000000000e+00
1.000000000000000000e+00,1.600000000000000000e+01,1.600000000000000000e+01,6.300000000000000000e+02,2.670000000000000000e+02,6.160000000000000000e+02,2.800000000000000000e+02,5.700000000000000000e+01,-5.400000000000000000e+01,4.000000000000000000e+00
-1.000000000000000000e+00,1.600000000000000000e+01,1.600000000000000000e+01,6.320000000000000000e+02,2.800000000000000000e+02,6.320000000000000000e+02,2.800000000000000000e+02,0.000000000000000000e+00,0.000000000000000000e+00,4.000000000000000000e+00
1.000000000000000000e+00,1.600000000000000000e+01,1.600000000000000000e+01,6.460000000000000000e+02,2.670000000000000000e+02,6.320000000000000000e+02,2.800000000000000000e+02,5.700000000000000000e+01,-5.400000000000000000e+01,4.000000000000000000e+00
-1.000000000000000000e+00,1.600000000000000000e+01,1.600000000000000000e+01,6.480000000000000000e+02,2.800000000000000000e+02,6.480000000000000000e+02,2.800000000000000000e+02,-1.000000000000000000e+00,0.000000000000000000e+00,4.000000000000000000e+00
-1.000000000000000000e+00,1.600000000000000000e+01,1.600000000000000000e+01,6.640000000000000000e+02,2.800000000000000000e+02,6.640000000000000000e+02,2.800000000000000000e+02,0.000000000000000000e+00,0.000000000000000000e+00,4.000000000000000000e+00
1.000000000000000000e+00,1.600000000000000000e+01,1.600000000000000000e+01,6.640000000000000000e+02,2.800000000000000000e+02,6.640000000000000000e+02,2.800000000000000000e+02,0.000000000000000000e+00,0.000000000000000000e+00,4.000000000000000000e+00
-1.000000000000000000e+00,1.600000000000000000e+01,1.600000000000000000e+01,6.800000000000000000e+02,2.800000000000000000e+02,6.800000000000000000e+02,2.800000000000000000e+02,0.000000000000000000e+00,0.000000000000000000e+00,4.000000000000000000e+00
1.000000000000000000e+00,1.600000000000000000e+01,1.600000000000000000e+01,6.800000000000000000e+02,2.650000000000000000e+02,6.800000000000000000e+02,2.800000000000000000e+02,0.000000000000000000e+00,-6.300000000000000000e+01,4.000000000000000000e+00
-1.000000000000000000e+00,1.600000000000000000e+01,1.600000000000000000e+01,6.960000000000000000e+02,2.800000000000000000e+02,6.960000000000000000e+02,2.800000000000000000e+02,0.000000000000000000e+00,0.000000000000000000e+00,4.000000000000000000e+00
1.000000000000000000e+00,1.600000000000000000e+01,1.600000000000000000e+01,6.960000000000000000e+02,2.650000000000000000e+02,6.960000000000000000e+02,2.800000000000000000e+02,0.000000000000000000e+00,-6.300000000000000000e+01,4.000000000000000000e+00
-1.000000000000000000e+00,1.600000000000000000e+01,1.600000000000000000e+01,7.120000000000000000e+02,2.980000000000000000e+02,7.120000000000000000e+02,2.800000000000000000e+02,0.000000000000000000e+00,7.200000000000000000e+01,4.000000000000000000e+00
1.000000000000000000e+00,1.600000000000000000e+01,1.600000000000000000e+01,7.120000000000000000e+02,2.800000000000000000e+02,7.120000000000000000e+02,2.800000000000000000e+02,0.000000000000000000e+00,0.000000000000000000e+00,4.000000000000000000e+00
-1.000000000000000000e+00,1.600000000000000000e+01,1.600000000000000000e+01,7.280000000000000000e+02,2.980000000000000000e+02,7.280000000000000000e+02,2.800000000000000000e+02,0.000000000000000000e+00,7.200000000000000000e+01,4.000000000000000000e+00
1.000000000000000000e+00,1.600000000000000000e+01,1.600000000000000000e+01,7.280000000000000000e+02,2.800000000000000000e+02,7.280000000000000000e+02,2.800000000000000000e+02,0.000000000000000000e+00,0.000000000000000000e+00,4.000000000000000000e+00
-1.000000000000000000e+00,1.600000000000000000e+01,1.600000000000000000e+01,7.440000000000000000e+02,2.980000000000000000e+02,7.440000000000000000e+02,2.800000000000000000e+02,0.000000000000000000e+00,7.200000000000000000e+01,4.000000000000000000e+00
1.000000000000000000e+00,1.600000000000000000e+01,1.600000000000000000e+01,7.440000000000000000e+02,2.800000000000000000e+02,7.440000000000000000e+02,2.800000000000000000e+02,0.000000000000000000e+00,0.000000000000000000e+00,4.000000000000000000e+00
1.000000000000000000e+00,1.600000000000000000e+01,1.600000000000000000e+01,7.600000000000000000e+02,2.800000000000000000e+02,7.600000000000000000e+02,2.800000000000000000e+02,0.000000000000000000e+00,0.000000000000000000e+00,4.000000000000000000e+00
-1.000000000000000000e+00,1.600000000000000000e+01,1.600000000000000000e+01,7.620000000000000000e+02,3.000000000000000000e+02,7.760000000000000000e+02,2.800000000000000000e+02,-5.600000000000000000e+01,8.200000000000000000e+01,4.000000000000000000e+00
1.000000000000000000e+00,1.600000000000000000e+01,1.600000000000000000e+01,7.760000000000000000e+02,2.800000000000000000e+02,7.760000000000000000e+02,2.800000000000000000e+02,0.000000000000000000e+00,0.000000000000000000e+00,4.000000000000000000e+00
-1.000000000000000000e+00,1.600000000000000000e+01,1.600000000000000000e+01,7.780000000000000000e+02,3.000000000000000000e+02,7.920000000000000000e+02,2.800000000000000000e+02,-5.600000000000000000e+01,8.200000000000000000e+01,4.000000000000000000e+00
1.000000000000000000e+00,1.600000000000000000e+01,1.600000000000000000e+01,7.920000000000000000e+02,2.800000000000000000e+02,7.920000000000000000e+02,2.800000000000000000e+02,0.000000000000000000e+00,0.000000000000000000e+00,4.000000000000000000e+00
1.000000000000000000e+00,1.600000000000000000e+01,1.600000000000000000e+01,8.240000000000000000e+02,2.790000000000000000e+02,8.240000000000000000e+02,2.800000000000000000e+02,0.000000000000000000e+00,-4.000000000000000000e+00,4.000000000000000000e+00
1.000000000000000000e+00,1.600000000000000000e+01,1.600000000000000000e+01,8.400000000000000000e+02,2.790000000000000000e+02,8.400000000000000000e+02,2.800000000000000000e+02,0.000000000000000000e+00,-4.000000000000000000e+00,4.000000000000000000e+00
1.000000000000000000e+00,1.600000000000000000e+01,8.000000000000000000e+00,8.530000000000000000e+02,2.760000000000000000e+02,8.560000000000000000e+02,2.760000000000000000e+02,-1.400000000000000000e+01,0.000000000000000000e+00,4.000000000000000000e+00
1.000000000000000000e+00,1.600000000000000000e+01,8.000000000000000000e+00,8.560000000000000000e+02,2.790000000000000000e+02,8.560000000000000000e+02,2.840000000000000000e+02,0.000000000000000000e+00,-2.000000000000000000e+01,4.000000000000000000e+00
-1.000000000000000000e+00,1.600000000000000000e+01,1.600000000000000000e+01,8.560000000000000000e+02,2.870000000000000000e+02,8.720000000000000000e+02,2.800000000000000000e+02,-6.400000000000000000e+01,2.900000000000000000e+01,4.000000000000000000e+00
1.000000000000000000e+00,1.600000000000000000e+01,1.600000000000000000e+01,9.020000000000000000e+02,2.800000000000000000e+02,8.880000000000000000e+02,2.800000000000000000e+02,5.800000000000000000e+01,1.000000000000000000e+00,4.000000000000000000e+00
-1.000000000000000000e+00,8.000000000000000000e+00,1.600000000000000000e+01,9.000000000000000000e+02,2.800000000000000000e+02,9.000000000000000000e+02,2.800000000000000000e+02,0.000000000000000000e+00,0.000000000000000000e+00,4.000000000000000000e+00
-1.000000000000000000e+00,8.000000000000000000e+00,1.600000000000000000e+01,8.890000000000000000e+02,3.000000000000000000e+02,9.080000000000000000e+02,2.800000000000000000e+02,-7.600000000000000000e+01,8.000000000000000000e+01,4.000000000000000000e+00
1.000000000000000000e+00,8.000000000000000000e+00,1.600000000000000000e+01,9.140000000000000000e+02,2.800000000000000000e+02,9.000000000000000000e+02,2.800000000000000000e+02,5.600000000000000000e+01,1.000000000000000000e+00,4.000000000000000000e+00
1.000000000000000000e+00,8.000000000000000000e+00,1.600000000000000000e+01,9.080000000000000000e+02,2.800000000000000000e+02,9.080000000000000000e+02,2.800000000000000000e+02,0.000000000000000000e+00,0.000000000000000000e+00,4.000000000000000000e+00
-1.000000000000000000e+00,1.600000000000000000e+01,8.000000000000000000e+00,9.000000000000000000e+02,2.960000000000000000e+02,9.200000000000000000e+02,2.760000000000000000e+02,-8.200000000000000000e+01,8.000000000000000000e+01,4.000000000000000000e+00
-1.000000000000000000e+00,1.600000000000000000e+01,8.000000000000000000e+00,9.200000000000000000e+02,2.840000000000000000e+02,9.200000000000000000e+02,2.840000000000000000e+02,0.000000000000000000e+00,0.000000000000000000e+00,4.000000000000000000e+00
1.000000000000000000e+00,1.600000000000000000e+01,8.000000000000000000e+00,9.200000000000000000e+02,2.760000000000000000e+02,9.200000000000000000e+02,2.760000000000000000e+02,0.000000000000000000e+00,0.000000000000000000e+00,4.000000000000000000e+00
1.000000000000000000e+00,1.600000000000000000e+01,8.000000000000000000e+00,9.340000000000000000e+02,2.840000000000000000e+02,9.200000000000000000e+02,2.840000000000000000e+02,5.600000000000000000e+01,0.000000000000000000e+00,4.000000000000000000e+00
-1.000000000000000000e+00,1.600000000000000000e+01,1.600000000000000000e+01,9.320000000000000000e+02,3.000000000000000000e+02,9.520000000000000000e+02,2.800000000000000000e+02,-8.200000000000000000e+01,8.000000000000000000e+01,4.000000000000000000e+00
1.000000000000000000e+00,1.600000000000000000e+01,1.600000000000000000e+01,9.780000000000000000e+02,2.600000000000000000e+02,9.520000000000000000e+02,2.800000000000000000e+02,1.040000000000000000e+02,-8.100000000000000000e+01,4.000000000000000000e+00
-1.000000000000000000e+00,1.600000000000000000e+01,1.600000000000000000e+01,9.480000000000000000e+02,3.000000000000000000e+02,9.680000000000000000e+02,2.800000000000000000e+02,-8.200000000000000000e+01,8.000000000000000000e+01,4.000000000000000000e+00
1.000000000000000000e+00,1.600000000000000000e+01,1.600000000000000000e+01,9.940000000000000000e+02,2.600000000000000000e+02,9.680000000000000000e+02,2.800000000000000000e+02,1.040000000000000000e+02,-8.100000000000000000e+01,4.000000000000000000e+00
1.000000000000000000e+00,1.600000000000000000e+01,1.600000000000000000e+01,1.016000000000000000e+03,2.800000000000000000e+02,1.016000000000000000e+03,2.800000000000000000e+02,0.000000000000000000e+00,0.000000000000000000e+00,4.000000000000000000e+00
1.000000000000000000e+00,1.600000000000000000e+01,1.600000000000000000e+01,1.032000000000000000e+03,2.800000000000000000e+02,1.032000000000000000e+03,2.800000000000000000e+02,0.000000000000000000e+00,0.000000000000000000e+00,4.000000000000000000e+00
1.000000000000000000e+00,1.600000000000000000e+01,1.600000000000000000e+01,1.073000000000000000e+03,2.600000000000000000e+02,1.048000000000000000e+03,2.800000000000000000e+02,1.020000000000000000e+02,-8.000000000000000000e+01,4.000000000000000000e+00
1.000000000000000000e+00,1.600000000000000000e+01,1.600000000000000000e+01,1.064000000000000000e+03,2.800000000000000000e+02,1.064000000000000000e+03,2.800000000000000000e+02,0.000000000000000000e+00,0.000000000000000000e+00,4.000000000000000000e+00
1.000000000000000000e+00,1.600000000000000000e+01,1.600000000000000000e+01,1.080000000000000000e+03,2.800000000000000000e+02,1.080000000000000000e+03,2.800000000000000000e+02,0.000000000000000000e+00,0.000000000000000000e+00,4.000000000000000000e+00
-1.000000000000000000e+00,1.600000000000000000e+01,1.600000000000000000e+01,1.096000000000000000e+03,2.800000000000000000e+02,1.096000000000000000e+03,2.800000000000000000e+02,0.000000000000000000e+00,0.000000000000000000e+00,4.000000000000000000e+00
1.000000000000000000e+00,1.600000000000000000e+01,1.600000000000000000e+01,1.096000000000000000e+03,2.800000000000000000e+02,1.096000000000000000e+03,2.800000000000000000e+02,0.000000000000000000e+00,0.000000000000000000e+00,4.000000000000000000e+00
-1.000000000000000000e+00,1.600000000000000000e+01,1.600000000000000000e+01,1.112000000000000000e+03,2.800000000000000000e+02,1.112000000000000000e+03,2.800000000000000000e+02,0.000000000000000000e+00,0.000000000000000000e+00,4.000000000000000000e+00
1.000000000000000000e+00,1.600000000000000000e+01,1.600000000000000000e+01,1.112000000000000000e+03,2.800000000000000000e+02,1.112000000000000000e+03,2.800000000000000000e+02,0.000000000000000000e+00,0.000000000000000000e+00,4.000000000000000000e+00
-1.000000000000000000e+00,1.600000000000000000e+01,1.600000000000000000e+01,1.128000000000000000e+03,2.800000000000000000e+02,1.128000000000000000e+03,2.800000000000000000e+02,0.000000000000000000e+00,0.000000000000000000e+00,4.000000000000000000e+00
1.000000000000000000e+00,1.600000000000000000e+01,1.600000000000000000e+01,1.128000000000000000e+03,2.800000000000000000e+02,1.128000000000000000e+03,2.800000000000000000e+02,0.000000000000000000e+00,0.000000000000000000e+00,4.000000000000000000e+00
-1.000000000000000000e+00,1.600000000000000000e+01,1.600000000000000000e+01,1.144000000000000000e+03,2.800000000000000000e+02,1.144000000000000000e+03,2.800000000000000000e+02,0.000000000000000000e+00,0.000000000000000000e+00,4.000000000000000000e+00
1.000000000000000000e+00,1.600000000000000000e+01,1.600000000000000000e+01,1.144000000000000000e+03,2.800000000000000000e+02,1.144000000000000000e+03,2.800000000000000000e+02,0.000000000000000000e+00,0.000000000000000000e+00,4.000000000000000000e+00
-1.000000000000000000e+00,1.600000000000000000e+01,1.600000000000000000e+01,1.160000000000000000e+03,2.800000000000000000e+02,1.160000000000000000e+03,2.800000000000000000e+02,0.000000000000000000e+00,0.000000000000000000e+00,4.000000000000000000e+00
1.000000000000000000e+00,1.600000000000000000e+01,1.600000000000000000e+01,1.160000000000000000e+03,2.800000000000000000e+02,1.160000000000000000e+03,2.800000000000000000e+02,0.000000000000000000e+00,0.000000000000000000e+00,4.000000000000000000e+00
-1.000000000000000000e+00,1.600000000000000000e+01,1.600000000000000000e+01,1.176000000000000000e+03,2.800000000000000000e+02,1.176000000000000000e+03,2.800000000000000000e+02,0.000000000000000000e+00,0.000000000000000000e+00,4.000000000000000000e+00
-1.000000000000000000e+00,1.600000000000000000e+01,1.600000000000000000e+01,1.192000000000000000e+03,2.800000000000000000e+02,1.192000000000000000e+03,2.800000000000000000e+02,0.000000000000000000e+00,0.000000000000000000e+00,4.000000000000000000e+00
1.000000000000000000e+00,1.600000000000000000e+01,1.600000000000000000e+01,1.192000000000000000e+03,2.800000000000000000e+02,1.192000000000000000e+03,2.800000000000000000e+02,0.000000000000000000e+00,0.000000000000000000e+00,4.000000000000000000e+00
-1.000000000000000000e+00,1.600000000000000000e+01,1.600000000000000000e+01,1.208000000000000000e+03,2.800000000000000000e+02,1.208000000000000000e+03,2.800000000000000000e+02,0.000000000000000000e+00,0.000000000000000000e+00,4.000000000000000000e+00
-1.000000000000000000e+00,1.600000000000000000e+01,1.600000000000000000e+01,1.224000000000000000e+03,2.800000000000000000e+02,1.224000000000000000e+03,2.800000000000000000e+02,0.000000000000000000e+00,0.000000000000000000e+00,4.000000000000000000e+00
-1.000000000000000000e+00,1.600000000000000000e+01,1.600000000000000000e+01,1.240000000000000000e+03,2.800000000000000000e+02,1.240000000000000000e+03,2.800000000000000000e+02,0.000000000000000000e+00,0.000000000000000000e+00,4.000000000000000000e+00
-1.000000000000000000e+00,1.600000000000000000e+01,1.600000000000000000e+01,1.256000000000000000e+03,2.800000000000000000e+02,1.256000000000000000e+03,2.800000000000000000e+02,0.000000000000000000e+00,0.000000000000000000e+00,4.000000000000000000e+00
-1.000000000000000000e+00,1.600000000000000000e+01,1.600000000000000000e+01,1.272000000000000000e+03,2.800000000000000000e+02,1.272000000000000000e+03,2.800000000000000000e+02,0.000000000000000000e+00,0.000000000000000000e+00,4.000000000000000000e+00
-1.000000000000000000e+00,1.600000000000000000e+01,1.600000000000000000e+01,8.000000000000000000e+00,2.960000000000000000e+02,8.000000000000000000e+00,2.960000000000000000e+02,0.000000000000000000e+00,0.000000000000000000e+00,4.000000000000000000e+00
1.000000000000000000e+00,1.600000000000000000e+01,1.600000000000000000e+01,8.000000000000000000e+00,2.960000000000000000e+02,8.000000000000000000e+00,2.960000000000000000e+02,0.000000000000000000e+00,0.000000000000000000e+00,4.000000000000000000e+00
1.000000000000000000e+00,1.600000000000000000e+01,1.600000000000000000e+01,5.100000000000000000e+01,2.740000000000000000e+02,2.400000000000000000e+01,2.960000000000000000e+02,1.090000000000000000e+02,-8.800000000000000000e+01,4.000000000000000000e+00
1.000000000000000000e+00,1.600000000000000000e+01,1.600000000000000000e+01,6.700000000000000000e+01,2.750000000000000000e+02,4.000000000000000000e+01,2.960000000000000000e+02,1.090000000000000000e+02,-8.700000000000000000e+01,4.000000000000000000e+00
-1.000000000000000000e+00,1.600000000000000000e+01,1.600000000000000000e+01,3.300000000000000000e+01,3.160000000000000000e+02,5.600000000000000000e+01,2.960000000000000000e+02,-9.300000000000000000e+01,8.000000000000000000e+01,4.000000000000000000e+00
1.000000000000000000e+00,1.600000000000000000e+01,1.600000000000000000e+01,8.100000000000000000e+01,2.750000000000000000e+02,5.600000000000000000e+01,2.960000000000000000e+02,1.000000000000000000e+02,-8.700000000000000000e+01,4.000000000000000000e+00
-1.000000000000000000e+00,1.600000000000000000e+01,1.600000000000000000e+01,4.900000000000000000e+01,3.160000000000000000e+02,7.200000000000000000e+01,2.960000000000000000e+02,-9.300000000000000000e+01,8.000000000000000000e+01,4.000000000000000000e+00
1.000000000000000000e+00,1.600000000000000000e+01,1.600000000000000000e+01,9.600000000000000000e+01,2.750000000000000000e+02,7.200000000000000000e+01,2.960000000000000000e+02,9.600000000000000000e+01,-8.700000000000000000e+01,4.000000000000000000e+00
-1.000000000000000000e+00,1.600000000000000000e+01,1.600000000000000000e+01,6.500000000000000000e+01,3.160000000000000000e+02,8.800000000000000000e+01,2.960000000000000000e+02,-9.300000000000000000e+01,8.000000000000000000e+01,4.000000000000000000e+00
1.000000000000000000e+00,1.600000000000000000e+01,1.600000000000000000e+01,1.120000000000000000e+02,2.740000000000000000e+02,8.800000000000000000e+01,2.960000000000000000e+02,9.600000000000000000e+01,-8.800000000000000000e+01,4.000000000000000000e+00
1.000000000000000000e+00,1.600000000000000000e+01,1.600000000000000000e+01,1.270000000000000000e+02,2.740000000000000000e+02,1.040000000000000000e+02,2.960000000000000000e+02,9.500000000000000000e+01,-8.800000000000000000e+01,4.000000000000000000e+00
-1.000000000000000000e+00,1.600000000000000000e+01,1.600000000000000000e+01,9.700000000000000000e+01,3.170000000000000000e+02,1.200000000000000000e+02,2.960000000000000000e+02,-9.500000000000000000e+01,8.400000000000000000e+01,4.000000000000000000e+00
1.000000000000000000e+00,1.600000000000000000e+01,1.600000000000000000e+01,1.440000000000000000e+02,2.740000000000000000e+02,1.200000000000000000e+02,2.960000000000000000e+02,9.600000000000000000e+01,-8.800000000000000000e+01,4.000000000000000000e+00
-1.000000000000000000e+00,1.600000000000000000e+01,1.600000000000000000e+01,1.160000000000000000e+02,3.170000000000000000e+02,1.360000000000000000e+02,2.960000000000000000e+02,-8.300000000000000000e+01,8.400000000000000000e+01,4.000000000000000000e+00
-1.000000000000000000e+00,1.600000000000000000e+01,1.600000000000000000e+01,1.310000000000000000e+02,3.160000000000000000e+02,1.520000000000000000e+02,2.960000000000000000e+02,-8.500000000000000000e+01,8.300000000000000000e+01,4.000000000000000000e+00
-1.000000000000000000e+00,1.600000000000000000e+01,1.600000000000000000e+01,1.470000000000000000e+02,3.140000000000000000e+02,1.680000000000000000e+02,2.960000000000000000e+02,-8.500000000000000000e+01,7.200000000000000000e+01,4.000000000000000000e+00
1.000000000000000000e+00,1.600000000000000000e+01,1.600000000000000000e+01,1.920000000000000000e+02,2.790000000000000000e+02,1.680000000000000000e+02,2.960000000000000000e+02,9.600000000000000000e+01,-7.100000000000000000e+01,4.000000000000000000e+00
-1.000000000000000000e+00,1.600000000000000000e+01,1.600000000000000000e+01,1.630000000000000000e+02,3.140000000000000000e+02,1.840000000000000000e+02,2.960000000000000000e+02,-8.500000000000000000e+01,7.200000000000000000e+01,4.000000000000000000e+00
1.000000000000000000e+00,1.600000000000000000e+01,1.600000000000000000e+01,2.080000000000000000e+02,2.790000000000000000e+02,1.840000000000000000e+02,2.960000000000000000e+02,9.600000000000000000e+01,-7.100000000000000000e+01,4.000000000000000000e+00
1.000000000000000000e+00,1.600000000000000000e+01,1.600000000000000000e+01,2.250000000000000000e+02,2.780000000000000000e+02,2.000000000000000000e+02,2.960000000000000000e+02,1.000000000000000000e+02,-7.500000000000000000e+01,4.000000000000000000e+00
1.000000000000000000e+00,1.600000000000000000e+01,1.600000000000000000e+01,2.410000000000000000e+02,2.810000000000000000e+02,2.160000000000000000e+02,2.960000000000000000e+02,1.000000000000000000e+02,-6.000000000000000000e+01,4.000000000000000000e+00
-1.000000000000000000e+00,1.600000000000000000e+01,1.600000000000000000e+01,2.110000000000000000e+02,3.120000000000000000e+02,2.320000000000000000e+02,2.960000000000000000e+02,-8.700000000000000000e+01,6.400000000000000000e+01,4.000000000000000000e+00
-1.000000000000000000e+00,1.600000000000000000e+01,1.600000000000000000e+01,2.480000000000000000e+02,2.960000000000000000e+02,2.480000000000000000e+02,2.960000000000000000e+02,0.000000000000000000e+00,0.000000000000000000e+00,4.000000000000000000e+00
1.000000000000000000e+00,1.600000000000000000e+01,1.600000000000000000e+01,2.480000000000000000e+02,2.960000000000000000e+02,2.480000000000000000e+02,2.960000000000000000e+02,0.000000000000000000e+00,0.000000000000000000e+00,4.000000000000000000e+00
-1.000000000000000000e+00,1.600000000000000000e+01,1.600000000000000000e+01,2.430000000000000000e+02,3.120000000000000000e+02,2.640000000000000000e+02,2.960000000000000000e+02,-8.700000000000000000e+01,6.400000000000000000e+01,4.000000000000000000e+00
1.000000000000000000e+00,1.600000000000000000e+01,1.600000000000000000e+01,2.880000000000000000e+02,2.960000000000000000e+02,2.640000000000000000e+02,2.960000000000000000e+02,9.700000000000000000e+01,0.000000000000000000e+00,4.000000000000000000e+00
-1.000000000000000000e+00,1.600000000000000000e+01,1.600000000000000000e+01,2.740000000000000000e+02,3.120000000000000000e+02,2.960000000000000000e+02,2.960000000000000000e+02,-8.800000000000000000e+01,6.400000000000000000e+01,4.000000000000000000e+00
1.000000000000000000e+00,1.600000000000000000e+01,1.600000000000000000e+01,3.210000000000000000e+02,2.760000000000000000e+02,2.960000000000000000e+02,2.960000000000000000e+02,1.000000000000000000e+02,-8.100000000000000000e+01,4.000000000000000000e+00
1.000000000000000000e+00,1.600000000000000000e+01,1.600000000000000000e+01,3.370000000000000000e+02,2.760000000000000000e+02,3.120000000000000000e+02,2.960000000000000000e+02,1.000000000000000000e+02,-8.100000000000000000e+01,4.000000000000000000e+00
-1.000000000000000000e+00,1.600000000000000000e+01,1.600000000000000000e+01,3.050000000000000000e+02,3.120000000000000000e+02,3.280000000000000000e+02,2.960000000000000000e+02,-9.200000000000000000e+01,6.400000000000000000e+01,4.000000000000000000e+00
-1.000000000000000000e+00,1.600000000000000000e+01,1.600000000000000000e+01,3.210000000000000000e+02,3.120000000000000000e+02,3.440000000000000000e+02,2.960000000000000000e+02,-9.200000000000000000e+01,6.400000000000000000e+01,4.000000000000000000e+00
1.000000000000000000e+00,1.600000000000000000e+01,1.600000000000000000e+01,3.660000000000000000e+02,2.760000000000000000e+02,3.440000000000000000e+02,2.960000000000000000e+02,8.800000000000000000e+01,-8.200000000000000000e+01,4.000000000000000000e+00
-1.000000000000000000e+00,1.600000000000000000e+01,1.600000000000000000e+01,3.430000000000000000e+02,3.150000000000000000e+02,3.760000000000000000e+02,2.960000000000000000e+02,-1.320000000000000000e+02,7.600000000000000000e+01,4.000000000000000000e+00
-1.000000000000000000e+00,1.600000000000000000e+01,1.600000000000000000e+01,3.710000000000000000e+02,2.980000000000000000e+02,3.920000000000000000e+02,2.960000000000000000e+02,-8.500000000000000000e+01,8.000000000000000000e+00,4.000000000000000000e+00
1.000000000000000000e+00,1.600000000000000000e+01,1.600000000000000000e+01,4.320000000000000000e+02,2.770000000000000000e+02,3.920000000000000000e+02,2.960000000000000000e+02,1.630000000000000000e+02,-7.600000000000000000e+01,4.000000000000000000e+00
-1.000000000000000000e+00,1.600000000000000000e+01,1.600000000000000000e+01,4.480000000000000000e+02,3.160000000000000000e+02,4.880000000000000000e+02,2.960000000000000000e+02,-1.600000000000000000e+02,8.000000000000000000e+01,4.000000000000000000e+00
-1.000000000000000000e+00,1.600000000000000000e+01,1.600000000000000000e+01,4.640000000000000000e+02,3.160000000000000000e+02,5.040000000000000000e+02,2.960000000000000000e+02,-1.600000000000000000e+02,8.000000000000000000e+01,4.000000000000000000e+00
-1.000000000000000000e+00,1.600000000000000000e+01,1.600000000000000000e+01,4.820000000000000000e+02,3.140000000000000000e+02,5.200000000000000000e+02,2.960000000000000000e+02,-1.520000000000000000e+02,7.500000000000000000e+01,4.000000000000000000e+00
-1.000000000000000000e+00,1.600000000000000000e+01,1.600000000000000000e+01,5.010000000000000000e+02,3.140000000000000000e+02,5.360000000000000000e+02,2.960000000000000000e+02,-1.410000000000000000e+02,7.500000000000000000e+01,4.000000000000000000e+00
-1.000000000000000000e+00,1.600000000000000000e+01,1.600000000000000000e+01,5.140000000000000000e+02,3.140000000000000000e+02,5.520000000000000000e+02,2.960000000000000000e+02,-1.550000000000000000e+02,7.500000000000000000e+01,4.000000000000000000e+00
-1.000000000000000000e+00,1.600000000000000000e+01,1.600000000000000000e+01,5.360000000000000000e+02,3.140000000000000000e+02,5.680000000000000000e+02,2.960000000000000000e+02,-1.280000000000000000e+02,7.500000000000000000e+01,4.000000000000000000e+00
-1.000000000000000000e+00,8.000000000000000000e+00,1.600000000000000000e+01,5.470000000000000000e+02,3.160000000000000000e+02,5.800000000000000000e+02,2.960000000000000000e+02,-1.320000000000000000e+02,8.000000000000000000e+01,4.000000000000000000e+00
-1.000000000000000000e+00,8.000000000000000000e+00,1.600000000000000000e+01,5.880000000000000000e+02,2.960000000000000000e+02,5.880000000000000000e+02,2.960000000000000000e+02,0.000000000000000000e+00,0.000000000000000000e+00,4.000000000000000000e+00
1.000000000000000000e+00,8.000000000000000000e+00,1.600000000000000000e+01,5.800000000000000000e+02,2.960000000000000000e+02,5.800000000000000000e+02,2.960000000000000000e+02,0.000000000000000000e+00,0.000000000000000000e+00,4.000000000000000000e+00
1.000000000000000000e+00,8.000000000000000000e+00,1.600000000000000000e+01,5.760000000000000000e+02,3.070000000000000000e+02,5.880000000000000000e+02,2.960000000000000000e+02,-4.900000000000000000e+01,4.400000000000000000e+01,4.000000000000000000e+00
-1.000000000000000000e+00,1.600000000000000000e+01,8.000000000000000000e+00,5.900000000000000000e+02,3.040000000000000000e+02,6.000000000000000000e+02,2.920000000000000000e+02,-4.200000000000000000e+01,5.100000000000000000e+01,4.000000000000000000e+00
-1.000000000000000000e+00,1.600000000000000000e+01,8.000000000000000000e+00,5.900000000000000000e+02,3.120000000000000000e+02,6.000000000000000000e+02,3.000000000000000000e+02,-4.300000000000000000e+01,4.900000000000000000e+01,4.000000000000000000e+00
-1.000000000000000000e+00,1.600000000000000000e+01,1.600000000000000000e+01,6.030000000000000000e+02,3.090000000000000000e+02,6.160000000000000000e+02,2.960000000000000000e+02,-5.300000000000000000e+01,5.500000000000000000e+01,4.000000000000000000e+00
1.000000000000000000e+00,1.600000000000000000e+01,1.600000000000000000e+01,6.400000000000000000e+02,2.830000000000000000e+02,6.320000000000000000e+02,2.960000000000000000e+02,3.200000000000000000e+01,-5.300000000000000000e+01,4.000000000000000000e+00
-1.000000000000000000e+00,1.600000000000000000e+01,8.000000000000000000e+00,6.480000000000000000e+02,2.920000000000000000e+02,6.480000000000000000e+02,2.920000000000000000e+02,-1.000000000000000000e+00,0.000000000000000000e+00,4.000000000000000000e+00
-1.000000000000000000e+00,1.600000000000000000e+01,8.000000000000000000e+00,6.480000000000000000e+02,3.000000000000000000e+02,6.480000000000000000e+02,3.000000000000000000e+02,0.000000000000000000e+00,0.000000000000000000e+00,4.000000000000000000e+00
1.000000000000000000e+00,1.600000000000000000e+01,8.000000000000000000e+00,6.480000000000000000e+02,2.920000000000000000e+02,6.480000000000000000e+02,2.920000000000000000e+02,0.000000000000000000e+00,0.000000000000000000e+00,4.000000000000000000e+00
1.000000000000000000e+00,1.600000000000000000e+01,8.000000000000000000e+00,6.560000000000000000e+02,2.870000000000000000e+02,6.480000000000000000e+02,3.000000000000000000e+02,3.200000000000000000e+01,-5.300000000000000000e+01,4.000000000000000000e+00
-1.000000000000000000e+00,1.600000000000000000e+01,1.600000000000000000e+01,6.640000000000000000e+02,2.960000000000000000e+02,6.640000000000000000e+02,2.960000000000000000e+02,0.000000000000000000e+00,0.000000000000000000e+00,4.000000000000000000e+00
-1.000000000000000000e+00,1.600000000000000000e+01,1.600000000000000000e+01,6.800000000000000000e+02,2.960000000000000000e+02,6.800000000000000000e+02,2.960000000000000000e+02,0.000000000000000000e+00,0.000000000000000000e+00,4.000000000000000000e+00
1.000000000000000000e+00,1.600000000000000000e+01,1.600000000000000000e+01,6.800000000000000000e+02,2.810000000000000000e+02,6.800000000000000000e+02,2.960000000000000000e+02,0.000000000000000000e+00,-6.300000000000000000e+01,4.000000000000000000e+00
-1.000000000000000000e+00,1.600000000000000000e+01,1.600000000000000000e+01,6.960000000000000000e+02,2.960000000000000000e+02,6.960000000000000000e+02,2.960000000000000000e+02,0.000000000000000000e+00,0.000000000000000000e+00,4.000000000000000000e+00
1.000000000000000000e+00,1.600000000000000000e+01,1.600000000000000000e+01,6.960000000000000000e+02,2.810000000000000000e+02,6.960000000000000000e+02,2.960000000000000000e+02,0.000000000000000000e+00,-6.300000000000000000e+01,4.000000000000000000e+00
-1.000000000000000000e+00,1.600000000000000000e+01,1.600000000000000000e+01,7.120000000000000000e+02,3.140000000000000000e+02,7.120000000000000000e+02,2.960000000000000000e+02,0.000000000000000000e+00,7.200000000000000000e+01,4.000000000000000000e+00
-1.000000000000000000e+00,1.600000000000000000e+01,1.600000000000000000e+01,7.280000000000000000e+02,3.140000000000000000e+02,7.280000000000000000e+02,2.960000000000000000e+02,0.000000000000000000e+00,7.200000000000000000e+01,4.000000000000000000e+00
1.000000000000000000e+00,1.600000000000000000e+01,1.600000000000000000e+01,7.440000000000000000e+02,2.960000000000000000e+02,7.440000000000000000e+02,2.960000000000000000e+02,0.000000000000000000e+00,0.000000000000000000e+00,4.000000000000000000e+00
1.000000000000000000e+00,1.600000000000000000e+01,1.600000000000000000e+01,7.600000000000000000e+02,2.960000000000000000e+02,7.600000000000000000e+02,2.960000000000000000e+02,0.000000000000000000e+00,0.000000000000000000e+00,4.000000000000000000e+00
-1.000000000000000000e+00,1.600000000000000000e+01,1.600000000000000000e+01,7.770000000000000000e+02,3.160000000000000000e+02,7.920000000000000000e+02,2.960000000000000000e+02,-6.000000000000000000e+01,8.200000000000000000e+01,4.000000000000000000e+00
1.000000000000000000e+00,1.600000000000000000e+01,1.600000000000000000e+01,8.110000000000000000e+02,2.960000000000000000e+02,8.080000000000000000e+02,2.960000000000000000e+02,1.500000000000000000e+01,-3.000000000000000000e+00,4.000000000000000000e+00
-1.000000000000000000e+00,1.600000000000000000e+01,8.000000000000000000e+00,8.240000000000000000e+02,2.920000000000000000e+02,8.240000000000000000e+02,2.920000000000000000e+02,0.000000000000000000e+00,0.000000000000000000e+00,4.000000000000000000e+00
-1.000000000000000000e+00,1.600000000000000000e+01,8.000000000000000000e+00,8.240000000000000000e+02,3.000000000000000000e+02,8.240000000000000000e+02,3.000000000000000000e+02,0.000000000000000000e+00,0.000000000000000000e+00,4.000000000000000000e+00
1.000000000000000000e+00,1.600000000000000000e+01,8.000000000000000000e+00,8.240000000000000000e+02,2.910000000000000000e+02,8.240000000000000000e+02,2.920000000000000000e+02,0.000000000000000000e+00,-4.000000000000000000e+00,4.000000000000000000e+00
1.000000000000000000e+00,1.600000000000000000e+01,8.000000000000000000e+00,8.240000000000000000e+02,3.000000000000000000e+02,8.240000000000000000e+02,3.000000000000000000e+02,0.000000000000000000e+00,0.000000000000000000e+00,4.000000000000000000e+00
1.000000000000000000e+00,1.600000000000000000e+01,1.600000000000000000e+01,8.640000000000000000e+02,2.940000000000000000e+02,8.560000000000000000e+02,2.960000000000000000e+02,3.200000000000000000e+01,-1.100000000000000000e+01,4.000000000000000000e+00
1.000000000000000000e+00,1.600000000000000000e+01,1.600000000000000000e+01,8.720000000000000000e+02,2.960000000000000000e+02,8.720000000000000000e+02,2.960000000000000000e+02,0.000000000000000000e+00,0.000000000000000000e+00,4.000000000000000000e+00
1.000000000000000000e+00,1.600000000000000000e+01,1.600000000000000000e+01,9.020000000000000000e+02,2.890000000000000000e+02,8.880000000000000000e+02,2.960000000000000000e+02,5.600000000000000000e+01,-3.100000000000000000e+01,4.000000000000000000e+00
-1.000000000000000000e+00,1.600000000000000000e+01,1.600000000000000000e+01,9.040000000000000000e+02,2.960000000000000000e+02,9.040000000000000000e+02,2.960000000000000000e+02,0.000000000000000000e+00,0.000000000000000000e+00,4.000000000000000000e+00
1.000000000000000000e+00,1.600000000000000000e+01,1.600000000000000000e+01,9.360000000000000000e+02,2.960000000000000000e+02,9.200000000000000000e+02,2.960000000000000000e+02,6.400000000000000000e+01,0.000000000000000000e+00,4.000000000000000000e+00
-1.000000000000000000e+00,1.600000000000000000e+01,1.600000000000000000e+01,9.320000000000000000e+02,3.160000000000000000e+02,9.520000000000000000e+02,2.960000000000000000e+02,-8.200000000000000000e+01,8.000000000000000000e+01,4.000000000000000000e+00
1.000000000000000000e+00,1.600000000000000000e+01,1.600000000000000000e+01,9.780000000000000000e+02,2.760000000000000000e+02,9.520000000000000000e+02,2.960000000000000000e+02,1.040000000000000000e+02,-8.100000000000000000e+01,4.000000000000000000e+00
-1.000000000000000000e+00,1.600000000000000000e+01,1.600000000000000000e+01,9.480000000000000000e+02,3.150000000000000000e+02,9.680000000000000000e+02,2.960000000000000000e+02,-8.300000000000000000e+01,7.900000000000000000e+01,4.000000000000000000e+00
1.000000000000000000e+00,1.600000000000000000e+01,1.600000000000000000e+01,9.840000000000000000e+02,2.960000000000000000e+02,9.840000000000000000e+02,2.960000000000000000e+02,0.000000000000000000e+00,0.000000000000000000e+00,4.000000000000000000e+00
1.000000000000000000e+00,1.600000000000000000e+01,1.600000000000000000e+01,1.000000000000000000e+03,2.960000000000000000e+02,1.000000000000000000e+03,2.960000000000000000e+02,0.000000000000000000e+00,0.000000000000000000e+00,4.000000000000000000e+00
1.000000000000000000e+00,1.600000000000000000e+01,1.600000000000000000e+01,1.016000000000000000e+03,2.960000000000000000e+02,1.016000000000000000e+03,2.960000000000000000e+02,0.000000000000000000e+00,0.000000000000000000e+00,4.000000000000000000e+00
1.000000000000000000e+00,1.600000000000000000e+01,1.600000000000000000e+01,1.048000000000000000e+03,2.960000000000000000e+02,1.048000000000000000e+03,2.960000000000000000e+02,0.000000000000000000e+00,0.000000000000000000e+00,4.000000000000000000e+00
1.000000000000000000e+00,1.600000000000000000e+01,1.600000000000000000e+01,1.064000000000000000e+03,2.960000000000000000e+02,1.064000000000000000e+03,2.960000000000000000e+02,0.000000000000000000e+00,0.000000000000000000e+00,4.000000000000000000e+00
-1.000000000000000000e+00,1.600000000000000000e+01,1.600000000000000000e+01,1.080000000000000000e+03,2.960000000000000000e+02,1.080000000000000000e+03,2.960000000000000000e+02,0.000000000000000000e+00,0.000000000000000000e+00,4.000000000000000000e+00
1.000000000000000000e+00,1.600000000000000000e+01,1.600000000000000000e+01,1.080000000000000000e+03,2.960000000000000000e+02,1.080000000000000000e+03,2.960000000000000000e+02,0.000000000000000000e+00,0.000000000000000000e+00,4.000000000000000000e+00
-1.000000000000000000e+00,1.600000000000000000e+01,1.600000000000000000e+01,1.096000000000000000e+03,2.960000000000000000e+02,1.096000000000000000e+03,2.960000000000000000e+02,0.000000000000000000e+00,0.000000000000000000e+00,4.000000000000000000e+00
1.000000000000000000e+00,1.600000000000000000e+01,1.600000000000000000e+01,1.096000000000000000e+03,2.960000000000000000e+02,1.096000000000000000e+03,2.960000000000000000e+02,0.000000000000000000e+00,0.000000000000000000e+00,4.000000000000000000e+00
-1.000000000000000000e+00,1.600000000000000000e+01,1.600000000000000000e+01,1.112000000000000000e+03,2.960000000000000000e+02,1.112000000000000000e+03,2.960000000000000000e+02,0.000000000000000000e+00,0.000000000000000000e+00,4.000000000000000000e+00
-1.000000000000000000e+00,1.600000000000000000e+01,1.600000000000000000e+01,1.128000000000000000e+03,2.960000000000000000e+02,1.128000000000000000e+03,2.960000000000000000e+02,0.000000000000000000e+00,0.000000000000000000e+00,4.000000000000000000e+00
-1.000000000000000000e+00,1.600000000000000000e+01,1.600000000000000000e+01,1.144000000000000000e+03,2.960000000000000000e+02,1.144000000000000000e+03,2.960000000000000000e+02,0.000000000000000000e+00,0.000000000000000000e+00,4.000000000000000000e+00
-1.000000000000000000e+00,1.600000000000000000e+01,1.600000000000000000e+01,1.160000000000000000e+03,2.960000000000000000e+02,1.160000000000000000e+03,2.960000000000000000e+02,0.000000000000000000e+00,0.000000000000000000e+00,4.000000000000000000e+00
-1.000000000000000000e+00,1.600000000000000000e+01,1.600000000000000000e+01,1.176000000000000000e+03,2.960000000000000000e+02,1.176000000000000000e+03,2.960000000000000000e+02,0.000000000000000000e+00,0.000000000000000000e+00,4.000000000000000000e+00
-1.000000000000000000e+00,1.600000000000000000e+01,1.600000000000000000e+01,1.192000000000000000e+03,2.960000000000000000e+02,1.192000000000000000e+03,2.960000000000000000e+02,0.000000000000000000e+00,0.000000000000000000e+00,4.000000000000000000e+00
-1.000000000000000000e+00,1.600000000000000000e+01,1.600000000000000000e+01,1.216000000000000000e+03,3.090000000000000000e+02,1.208000000000000000e+03,2.960000000000000000e+02,3.200000000000000000e+01,5.200000000000000000e+01,4.000000000000000000e+00
1.000000000000000000e+00,1.600000000000000000e+01,1.600000000000000000e+01,1.212000000000000000e+03,2.840000000000000000e+02,1.224000000000000000e+03,2.960000000000000000e+02,-4.800000000000000000e+01,-4.800000000000000000e+01,4.000000000000000000e+00
1.000000000000000000e+00,1.600000000000000000e+01,1.600000000000000000e+01,1.228000000000000000e+03,2.840000000000000000e+02,1.240000000000000000e+03,2.960000000000000000e+02,-4.800000000000000000e+01,-4.800000000000000000e+01,4.000000000000000000e+00
-1.000000000000000000e+00,1.600000000000000000e+01,1.600000000000000000e+01,1.256000000000000000e+03,3.100000000000000000e+02,1.256000000000000000e+03,2.960000000000000000e+02,0.000000000000000000e+00,5.800000000000000000e+01,4.000000000000000000e+00
-1.000000000000000000e+00,1.600000000000000000e+01,1.600000000000000000e+01,1.272000000000000000e+03,3.120000000000000000e+02,1.272000000000000000e+03,2.960000000000000000e+02,0.000000000000000000e+00,6.400000000000000000e+01,4.000000000000000000e+00
1.000000000000000000e+00,1.600000000000000000e+01,1.600000000000000000e+01,5.100000000000000000e+01,2.910000000000000000e+02,2.400000000000000000e+01,3.120000000000000000e+02,1.090000000000000000e+02,-8.700000000000000000e+01,4.000000000000000000e+00
1.000000000000000000e+00,1.600000000000000000e+01,1.600000000000000000e+01,6.700000000000000000e+01,2.910000000000000000e+02,4.000000000000000000e+01,3.120000000000000000e+02,1.090000000000000000e+02,-8.700000000000000000e+01,4.000000000000000000e+00
-1.000000000000000000e+00,1.600000000000000000e+01,1.600000000000000000e+01,3.300000000000000000e+01,3.320000000000000000e+02,5.600000000000000000e+01,3.120000000000000000e+02,-9.300000000000000000e+01,8.000000000000000000e+01,4.000000000000000000e+00
1.000000000000000000e+00,1.600000000000000000e+01,1.600000000000000000e+01,8.100000000000000000e+01,2.910000000000000000e+02,5.600000000000000000e+01,3.120000000000000000e+02,1.000000000000000000e+02,-8.700000000000000000e+01,4.000000000000000000e+00
1.000000000000000000e+00,1.600000000000000000e+01,1.600000000000000000e+01,9.700000000000000000e+01,2.910000000000000000e+02,7.200000000000000000e+01,3.120000000000000000e+02,1.000000000000000000e+02,-8.700000000000000000e+01,4.000000000000000000e+00
-1.000000000000000000e+00,1.600000000000000000e+01,1.600000000000000000e+01,6.500000000000000000e+01,3.320000000000000000e+02,8.800000000000000000e+01,3.120000000000000000e+02,-9.300000000000000000e+01,8.000000000000000000e+01,4.000000000000000000e+00
1.000000000000000000e+00,1.600000000000000000e+01,1.600000000000000000e+01,1.120000000000000000e+02,2.900000000000000000e+02,8.800000000000000000e+01,3.120000000000000000e+02,9.600000000000000000e+01,-8.800000000000000000e+01,4.000000000000000000e+00
-1.000000000000000000e+00,1.600000000000000000e+01,1.600000000000000000e+01,8.100000000000000000e+01,3.320000000000000000e+02,1.040000000000000000e+02,3.120000000000000000e+02,-9.300000000000000000e+01,8.000000000000000000e+01,4.000000000000000000e+00
1.000000000000000000e+00,1.600000000000000000e+01,1.600000000000000000e+01,1.280000000000000000e+02,2.900000000000000000e+02,1.040000000000000000e+02,3.120000000000000000e+02,9.600000000000000000e+01,-8.800000000000000000e+01,4.000000000000000000e+00
1.000000000000000000e+00,1.600000000000000000e+01,1.600000000000000000e+01,1.440000000000000000e+02,2.900000000000000000e+02,1.200000000000000000e+02,3.120000000000000000e+02,9.600000000000000000e+01,-8.800000000000000000e+01,4.000000000000000000e+00
-1.000000000000000000e+00,1.600000000000000000e+01,1.600000000000000000e+01,1.160000000000000000e+02,3.320000000000000000e+02,1.360000000000000000e+02,3.120000000000000000e+02,-8.300000000000000000e+01,8.300000000000000000e+01,4.000000000000000000e+00
1.000000000000000000e+00,1.600000000000000000e+01,1.600000000000000000e+01,1.600000000000000000e+02,2.900000000000000000e+02,1.360000000000000000e+02,3.120000000000000000e+02,9.600000000000000000e+01,-8.800000000000000000e+01,4.000000000000000000e+00
-1.000000000000000000e+00,1.600000000000000000e+01,1.600000000000000000e+01,1.310000000000000000e+02,3.320000000000000000e+02,1.520000000000000000e+02,3.120000000000000000e+02,-8.500000000000000000e+01,8.300000000000000000e+01,4.000000000000000000e+00
1.000000000000000000e+00,1.600000000000000000e+01,1.600000000000000000e+01,1.760000000000000000e+02,2.950000000000000000e+02,1.520000000000000000e+02,3.120000000000000000e+02,9.600000000000000000e+01,-7.100000000000000000e+01,4.000000000000000000e+00
-1.000000000000000000e+00,1.600000000000000000e+01,1.600000000000000000e+01,1.470000000000000000e+02,3.300000000000000000e+02,1.680000000000000000e+02,3.120000000000000000e+02,-8.500000000000000000e+01,7.200000000000000000e+01,4.000000000000000000e+00
1.000000000000000000e+00,1.600000000000000000e+01,1.600000000000000000e+01,1.920000000000000000e+02,2.950000000000000000e+02,1.680000000000000000e+02,3.120000000000000000e+02,9.600000000000000000e+01,-7.100000000000000000e+01,4.000000000000000000e+00
-1.000000000000000000e+00,1.600000000000000000e+01,1.600000000000000000e+01,1.630000000000000000e+02,3.300000000000000000e+02,1.840000000000000000e+02,3.120000000000000000e+02,-8.500000000000000000e+01,7.200000000000000000e+01,4.000000000000000000e+00
1.000000000000000000e+00,1.600000000000000000e+01,1.600000000000000000e+01,2.080000000000000000e+02,2.950000000000000000e+02,1.840000000000000000e+02,3.120000000000000000e+02,9.600000000000000000e+01,-7.100000000000000000e+01,4.000000000000000000e+00
-1.000000000000000000e+00,1.600000000000000000e+01,1.600000000000000000e+01,1.770000000000000000e+02,3.300000000000000000e+02,2.000000000000000000e+02,3.120000000000000000e+02,-9.200000000000000000e+01,7.200000000000000000e+01,4.000000000000000000e+00
1.000000000000000000e+00,1.600000000000000000e+01,1.600000000000000000e+01,2.250000000000000000e+02,2.950000000000000000e+02,2.000000000000000000e+02,3.120000000000000000e+02,1.000000000000000000e+02,-7.100000000000000000e+01,4.000000000000000000e+00
1.000000000000000000e+00,1.600000000000000000e+01,1.600000000000000000e+01,2.410000000000000000e+02,2.940000000000000000e+02,2.160000000000000000e+02,3.120000000000000000e+02,1.030000000000000000e+02,-7.300000000000000000e+01,4.000000000000000000e+00
-1.000000000000000000e+00,1.600000000000000000e+01,8.000000000000000000e+00,2.420000000000000000e+02,3.240000000000000000e+02,2.320000000000000000e+02,3.080000000000000000e+02,4.000000000000000000e+01,6.400000000000000000e+01,4.000000000000000000e+00
-1.000000000000000000e+00,1.600000000000000000e+01,8.000000000000000000e+00,2.320000000000000000e+02,3.160000000000000000e+02,2.320000000000000000e+02,3.160000000000000000e+02,0.000000000000000000e+00,0.000000000000000000e+00,4.000000000000000000e+00
1.000000000000000000e+00,1.600000000000000000e+01,8.000000000000000000e+00,2.320000000000000000e+02,3.080000000000000000e+02,2.320000000000000000e+02,3.080000000000000000e+02,0.000000000000000000e+00,0.000000000000000000e+00,4.000000000000000000e+00
1.000000000000000000e+00,1.600000000000000000e+01,8.000000000000000000e+00,2.570000000000000000e+02,2.980000000000000000e+02,2.320000000000000000e+02,3.160000000000000000e+02,1.030000000000000000e+02,-7.300000000000000000e+01,4.000000000000000000e+00
-1.000000000000000000e+00,1.600000000000000000e+01,1.600000000000000000e+01,2.480000000000000000e+02,3.280000000000000000e+02,2.480000000000000000e+02,3.120000000000000000e+02,0.000000000000000000e+00,6.400000000000000000e+01,4.000000000000000000e+00
1.000000000000000000e+00,1.600000000000000000e+01,1.600000000000000000e+01,2.480000000000000000e+02,3.120000000000000000e+02,2.480000000000000000e+02,3.120000000000000000e+02,0.000000000000000000e+00,0.000000000000000000e+00,4.000000000000000000e+00
1.000000000000000000e+00,1.600000000000000000e+01,1.600000000000000000e+01,2.640000000000000000e+02,3.120000000000000000e+02,2.640000000000000000e+02,3.120000000000000000e+02,0.000000000000000000e+00,0.000000000000000000e+00,4.000000000000000000e+00
-1.000000000000000000e+00,1.600000000000000000e+01,1.600000000000000000e+01,2.580000000000000000e+02,3.280000000000000000e+02,2.800000000000000000e+02,3.120000000000000000e+02,-8.800000000000000000e+01,6.400000000000000000e+01,4.000000000000000000e+00
1.000000000000000000e+00,1.600000000000000000e+01,1.600000000000000000e+01,2.800000000000000000e+02,3.120000000000000000e+02,2.800000000000000000e+02,3.120000000000000000e+02,0.000000000000000000e+00,0.000000000000000000e+00,4.000000000000000000e+00
-1.000000000000000000e+00,8.000000000000000000e+00,1.600000000000000000e+01,2.700000000000000000e+02,3.280000000000000000e+02,2.920000000000000000e+02,3.120000000000000000e+02,-8.800000000000000000e+01,6.400000000000000000e+01,4.000000000000000000e+00
-1.000000000000000000e+00,8.000000000000000000e+00,1.600000000000000000e+01,3.000000000000000000e+02,3.120000000000000000e+02,3.000000000000000000e+02,3.120000000000000000e+02,0.000000000000000000e+00,0.000000000000000000e+00,4.000000000000000000e+00
1.000000000000000000e+00,8.000000000000000000e+00,1.600000000000000000e+01,2.920000000000000000e+02,3.120000000000000000e+02,2.920000000000000000e+02,3.120000000000000000e+02,0.000000000000000000e+00,0.000000000000000000e+00,4.000000000000000000e+00
1.000000000000000000e+00,8.000000000000000000e+00,1.600000000000000000e+01,3.230000000000000000e+02,2.920000000000000000e+02,3.000000000000000000e+02,3.120000000000000000e+02,9.500000000000000000e+01,-8.100000000000000000e+01,4.000000000000000000e+00
-1.000000000000000000e+00,1.600000000000000000e+01,1.600000000000000000e+01,2.890000000000000000e+02,3.280000000000000000e+02,3.120000000000000000e+02,3.120000000000000000e+02,-9.200000000000000000e+01,6.400000000000000000e+01,4.000000000000000000e+00
1.000000000000000000e+00,1.600000000000000000e+01,1.600000000000000000e+01,3.350000000000000000e+02,2.920000000000000000e+02,3.120000000000000000e+02,3.120000000000000000e+02,9.500000000000000000e+01,-8.100000000000000000e+01,4.000000000000000000e+00
-1.000000000000000000e+00,1.600000000000000000e+01,1.600000000000000000e+01,3.050000000000000000e+02,3.280000000000000000e+02,3.280000000000000000e+02,3.120000000000000000e+02,-9.200000000000000000e+01,6.400000000000000000e+01,4.000000000000000000e+00
-1.000000000000000000e+00,1.600000000000000000e+01,1.600000000000000000e+01,3.290000000000000000e+02,3.330000000000000000e+02,3.600000000000000000e+02,3.120000000000000000e+02,-1.270000000000000000e+02,8.700000000000000000e+01,4.000000000000000000e+00
1.000000000000000000e+00,1.600000000000000000e+01,1.600000000000000000e+01,4.210000000000000000e+02,2.840000000000000000e+02,3.760000000000000000e+02,3.120000000000000000e+02,1.830000000000000000e+02,-1.140000000000000000e+02,4.000000000000000000e+00
1.000000000000000000e+00,1.600000000000000000e+01,1.600000000000000000e+01,4.380000000000000000e+02,2.840000000000000000e+02,3.920000000000000000e+02,3.120000000000000000e+02,1.870000000000000000e+02,-1.120000000000000000e+02,4.000000000000000000e+00
1.000000000000000000e+00,1.600000000000000000e+01,1.600000000000000000e+01,4.540000000000000000e+02,2.850000000000000000e+02,4.080000000000000000e+02,3.120000000000000000e+02,1.840000000000000000e+02,-1.080000000000000000e+02,4.000000000000000000e+00
1.000000000000000000e+00,1.600000000000000000e+01,1.600000000000000000e+01,4.700000000000000000e+02,2.850000000000000000e+02,4.240000000000000000e+02,3.120000000000000000e+02,1.840000000000000000e+02,-1.080000000000000000e+02,4.000000000000000000e+00
1.000000000000000000e+00,1.600000000000000000e+01,1.600000000000000000e+01,4.860000000000000000e+02,2.850000000000000000e+02,4.400000000000000000e+02,3.120000000000000000e+02,1.840000000000000000e+02,-1.080000000000000000e+02,4.000000000000000000e+00
-1.000000000000000000e+00,1.600000000000000000e+01,1.600000000000000000e+01,4.350000000000000000e+02,3.340000000000000000e+02,4.720000000000000000e+02,3.120000000000000000e+02,-1.510000000000000000e+02,8.900000000000000000e+01,4.000000000000000000e+00
-1.000000000000000000e+00,1.600000000000000000e+01,1.600000000000000000e+01,4.480000000000000000e+02,3.320000000000000000e+02,4.880000000000000000e+02,3.120000000000000000e+02,-1.600000000000000000e+02,8.000000000000000000e+01,4.000000000000000000e+00
-1.000000000000000000e+00,1.600000000000000000e+01,1.600000000000000000e+01,4.750000000000000000e+02,3.340000000000000000e+02,5.040000000000000000e+02,3.120000000000000000e+02,-1.170000000000000000e+02,8.900000000000000000e+01,4.000000000000000000e+00
-1.000000000000000000e+00,1.600000000000000000e+01,1.600000000000000000e+01,4.840000000000000000e+02,3.320000000000000000e+02,5.200000000000000000e+02,3.120000000000000000e+02,-1.470000000000000000e+02,8.000000000000000000e+01,4.000000000000000000e+00
-1.000000000000000000e+00,1.600000000000000000e+01,1.600000000000000000e+01,5.000000000000000000e+02,3.300000000000000000e+02,5.360000000000000000e+02,3.120000000000000000e+02,-1.470000000000000000e+02,7.500000000000000000e+01,4.000000000000000000e+00
1.000000000000000000e+00,8.000000000000000000e+00,1.600000000000000000e+01,5.830000000000000000e+02,2.900000000000000000e+02,5.480000000000000000e+02,3.120000000000000000e+02,1.430000000000000000e+02,-8.800000000000000000e+01,4.000000000000000000e+00
1.000000000000000000e+00,8.000000000000000000e+00,1.600000000000000000e+01,5.910000000000000000e+02,2.900000000000000000e+02,5.560000000000000000e+02,3.120000000000000000e+02,1.430000000000000000e+02,-8.800000000000000000e+01,4.000000000000000000e+00
-1.000000000000000000e+00,1.600000000000000000e+01,1.600000000000000000e+01,5.370000000000000000e+02,3.300000000000000000e+02,5.680000000000000000e+02,3.120000000000000000e+02,-1.240000000000000000e+02,7.500000000000000000e+01,4.000000000000000000e+00
-1.000000000000000000e+00,1.600000000000000000e+01,1.600000000000000000e+01,5.900000000000000000e+02,3.250000000000000000e+02,6.000000000000000000e+02,3.120000000000000000e+02,-4.300000000000000000e+01,5.500000000000000000e+01,4.000000000000000000e+00
-1.000000000000000000e+00,1.600000000000000000e+01,1.600000000000000000e+01,6.060000000000000000e+02,3.250000000000000000e+02,6.160000000000000000e+02,3.120000000000000000e+02,-4.300000000000000000e+01,5.500000000000000000e+01,4.000000000000000000e+00
1.000000000000000000e+00,1.600000000000000000e+01,1.600000000000000000e+01,6.400000000000000000e+02,2.990000000000000000e+02,6.320000000000000000e+02,3.120000000000000000e+02,3.200000000000000000e+01,-5.300000000000000000e+01,4.000000000000000000e+00
1.000000000000000000e+00,1.600000000000000000e+01,1.600000000000000000e+01,6.540000000000000000e+02,3.010000000000000000e+02,6.480000000000000000e+02,3.120000000000000000e+02,2.500000000000000000e+01,-4.700000000000000000e+01,4.000000000000000000e+00
1.000000000000000000e+00,1.600000000000000000e+01,1.600000000000000000e+01,6.680000000000000000e+02,3.060000000000000000e+02,6.640000000000000000e+02,3.120000000000000000e+02,1.600000000000000000e+01,-2.400000000000000000e+01,4.000000000000000000e+00
-1.000000000000000000e+00,1.600000000000000000e+01,1.600000000000000000e+01,6.960000000000000000e+02,3.120000000000000000e+02,6.960000000000000000e+02,3.120000000000000000e+02,0.000000000000000000e+00,1.000000000000000000e+00,4.000000000000000000e+00
1.000000000000000000e+00,1.600000000000000000e+01,1.600000000000000000e+01,6.960000000000000000e+02,3.120000000000000000e+02,6.960000000000000000e+02,3.120000000000000000e+02,0.000000000000000000e+00,0.000000000000000000e+00,4.000000000000000000e+00
-1.000000000000000000e+00,1.600000000000000000e+01,8.000000000000000000e+00,7.120000000000000000e+02,3.260000000000000000e+02,7.120000000000000000e+02,3.080000000000000000e+02,0.000000000000000000e+00,7.200000000000000000e+01,4.000000000000000000e+00
-1.000000000000000000e+00,1.600000000000000000e+01,8.000000000000000000e+00,7.120000000000000000e+02,3.260000000000000000e+02,7.120000000000000000e+02,3.160000000000000000e+02,0.000000000000000000e+00,4.000000000000000000e+01,4.000000000000000000e+00
-1.000000000000000000e+00,1.600000000000000000e+01,1.600000000000000000e+01,7.280000000000000000e+02,3.210000000000000000e+02,7.280000000000000000e+02,3.120000000000000000e+02,0.000000000000000000e+00,3.600000000000000000e+01,4.000000000000000000e+00
-1.000000000000000000e+00,1.600000000000000000e+01,1.600000000000000000e+01,7.470000000000000000e+02,3.120000000000000000e+02,7.600000000000000000e+02,3.120000000000000000e+02,-5.200000000000000000e+01,0.000000000000000000e+00,4.000000000000000000e+00
-1.000000000000000000e+00,1.600000000000000000e+01,1.600000000000000000e+01,7.630000000000000000e+02,3.120000000000000000e+02,7.760000000000000000e+02,3.120000000000000000e+02,-5.200000000000000000e+01,0.000000000000000000e+00,4.000000000000000000e+00
-1.000000000000000000e+00,1.600000000000000000e+01,1.600000000000000000e+01,8.040000000000000000e+02,3.120000000000000000e+02,8.080000000000000000e+02,3.120000000000000000e+02,-1.600000000000000000e+01,0.000000000000000000e+00,4.000000000000000000e+00
-1.000000000000000000e+00,1.600000000000000000e+01,1.600000000000000000e+01,8.240000000000000000e+02,3.090000000000000000e+02,8.240000000000000000e+02,3.120000000000000000e+02,0.000000000000000000e+00,-1.200000000000000000e+01,4.000000000000000000e+00
-1.000000000000000000e+00,1.600000000000000000e+01,1.600000000000000000e+01,8.000000000000000000e+02,3.120000000000000000e+02,8.400000000000000000e+02,3.120000000000000000e+02,-1.600000000000000000e+02,0.000000000000000000e+00,4.000000000000000000e+00
-1.000000000000000000e+00,1.600000000000000000e+01,1.600000000000000000e+01,8.160000000000000000e+02,3.120000000000000000e+02,8.560000000000000000e+02,3.120000000000000000e+02,-1.600000000000000000e+02,0.000000000000000000e+00,4.000000000000000000e+00
1.000000000000000000e+00,1.600000000000000000e+01,1.600000000000000000e+01,8.560000000000000000e+02,3.120000000000000000e+02,8.560000000000000000e+02,3.120000000000000000e+02,0.000000000000000000e+00,0.000000000000000000e+00,4.000000000000000000e+00
1.000000000000000000e+00,1.600000000000000000e+01,1.600000000000000000e+01,8.830000000000000000e+02,3.020000000000000000e+02,8.720000000000000000e+02,3.120000000000000000e+02,4.700000000000000000e+01,-4.200000000000000000e+01,4.000000000000000000e+00
1.000000000000000000e+00,8.000000000000000000e+00,1.600000000000000000e+01,8.950000000000000000e+02,3.040000000000000000e+02,8.840000000000000000e+02,3.120000000000000000e+02,4.400000000000000000e+01,-3.200000000000000000e+01,4.000000000000000000e+00
1.000000000000000000e+00,8.000000000000000000e+00,1.600000000000000000e+01,9.060000000000000000e+02,3.050000000000000000e+02,8.920000000000000000e+02,3.120000000000000000e+02,5.800000000000000000e+01,-3.100000000000000000e+01,4.000000000000000000e+00
-1.000000000000000000e+00,8.000000000000000000e+00,1.600000000000000000e+01,9.000000000000000000e+02,3.120000000000000000e+02,9.000000000000000000e+02,3.120000000000000000e+02,0.000000000000000000e+00,0.000000000000000000e+00,4.000000000000000000e+00
-1.000000000000000000e+00,8.000000000000000000e+00,1.600000000000000000e+01,9.080000000000000000e+02,3.120000000000000000e+02,9.080000000000000000e+02,3.120000000000000000e+02,0.000000000000000000e+00,0.000000000000000000e+00,4.000000000000000000e+00
1.000000000000000000e+00,8.000000000000000000e+00,1.600000000000000000e+01,9.160000000000000000e+02,3.050000000000000000e+02,9.000000000000000000e+02,3.120000000000000000e+02,6.600000000000000000e+01,-3.100000000000000000e+01,4.000000000000000000e+00
1.000000000000000000e+00,8.000000000000000000e+00,1.600000000000000000e+01,9.080000000000000000e+02,3.120000000000000000e+02,9.080000000000000000e+02,3.120000000000000000e+02,0.000000000000000000e+00,0.000000000000000000e+00,4.000000000000000000e+00
-1.000000000000000000e+00,1.600000000000000000e+01,1.600000000000000000e+01,9.200000000000000000e+02,3.120000000000000000e+02,9.200000000000000000e+02,3.120000000000000000e+02,0.000000000000000000e+00,0.000000000000000000e+00,4.000000000000000000e+00
1.000000000000000000e+00,1.600000000000000000e+01,1.600000000000000000e+01,9.360000000000000000e+02,3.120000000000000000e+02,9.200000000000000000e+02,3.120000000000000000e+02,6.400000000000000000e+01,0.000000000000000000e+00,4.000000000000000000e+00
-1.000000000000000000e+00,1.600000000000000000e+01,1.600000000000000000e+01,9.360000000000000000e+02,3.120000000000000000e+02,9.360000000000000000e+02,3.120000000000000000e+02,0.000000000000000000e+00,0.000000000000000000e+00,4.000000000000000000e+00
1.000000000000000000e+00,1.600000000000000000e+01,1.600000000000000000e+01,9.520000000000000000e+02,3.120000000000000000e+02,9.360000000000000000e+02,3.120000000000000000e+02,6.400000000000000000e+01,0.000000000000000000e+00,4.000000000000000000e+00
-1.000000000000000000e+00,1.600000000000000000e+01,1.600000000000000000e+01,9.320000000000000000e+02,3.310000000000000000e+02,9.520000000000000000e+02,3.120000000000000000e+02,-8.200000000000000000e+01,7.900000000000000000e+01,4.000000000000000000e+00
1.000000000000000000e+00,1.600000000000000000e+01,1.600000000000000000e+01,9.680000000000000000e+02,2.910000000000000000e+02,9.520000000000000000e+02,3.120000000000000000e+02,6.400000000000000000e+01,-8.400000000000000000e+01,4.000000000000000000e+00
-1.000000000000000000e+00,1.600000000000000000e+01,1.600000000000000000e+01,9.680000000000000000e+02,3.120000000000000000e+02,9.680000000000000000e+02,3.120000000000000000e+02,0.000000000000000000e+00,0.000000000000000000e+00,4.000000000000000000e+00
1.000000000000000000e+00,1.600000000000000000e+01,1.600000000000000000e+01,9.680000000000000000e+02,3.120000000000000000e+02,9.680000000000000000e+02,3.120000000000000000e+02,0.000000000000000000e+00,0.000000000000000000e+00,4.000000000000000000e+00
-1.000000000000000000e+00,1.600000000000000000e+01,1.600000000000000000e+01,9.840000000000000000e+02,3.120000000000000000e+02,9.840000000000000000e+02,3.120000000000000000e+02,0.000000000000000000e+00,0.000000000000000000e+00,4.000000000000000000e+00
1.000000000000000000e+00,1.600000000000000000e+01,1.600000000000000000e+01,9.840000000000000000e+02,3.120000000000000000e+02,9.840000000000000000e+02,3.120000000000000000e+02,0.000000000000000000e+00,0.000000000000000000e+00,4.000000000000000000e+00
1.000000000000000000e+00,1.600000000000000000e+01,1.600000000000000000e+01,1.000000000000000000e+03,3.120000000000000000e+02,1.000000000000000000e+03,3.120000000000000000e+02,0.000000000000000000e+00,0.000000000000000000e+00,4.000000000000000000e+00
1.000000000000000000e+00,1.600000000000000000e+01,1.600000000000000000e+01,1.027000000000000000e+03,3.010000000000000000e+02,1.032000000000000000e+03,3.120000000000000000e+02,-2.000000000000000000e+01,-4.400000000000000000e+01,4.000000000000000000e+00
-1.000000000000000000e+00,1.600000000000000000e+01,1.600000000000000000e+01,1.048000000000000000e+03,3.120000000000000000e+02,1.048000000000000000e+03,3.120000000000000000e+02,0.000000000000000000e+00,0.000000000000000000e+00,4.000000000000000000e+00
-1.000000000000000000e+00,1.600000000000000000e+01,1.600000000000000000e+01,1.064000000000000000e+03,3.120000000000000000e+02,1.064000000000000000e+03,3.120000000000000000e+02,0.000000000000000000e+00,0.000000000000000000e+00,4.000000000000000000e+00
-1.000000000000000000e+00,1.600000000000000000e+01,1.600000000000000000e+01,1.080000000000000000e+03,3.160000000000000000e+02,1.080000000000000000e+03,3.120000000000000000e+02,0.000000000000000000e+00,1.800000000000000000e+01,4.000000000000000000e+00
-1.000000000000000000e+00,1.600000000000000000e+01,1.600000000000000000e+01,1.107000000000000000e+03,3.160000000000000000e+02,1.096000000000000000e+03,3.120000000000000000e+02,4.400000000000000000e+01,1.700000000000000000e+01,4.000000000000000000e+00
-1.000000000000000000e+00,1.600000000000000000e+01,8.000000000000000000e+00,1.112000000000000000e+03,3.080000000000000000e+02,1.112000000000000000e+03,3.080000000000000000e+02,0.000000000000000000e+00,0.000000000000000000e+00,4.000000000000000000e+00
-1.000000000000000000e+00,1.600000000000000000e+01,8.000000000000000000e+00,1.112000000000000000e+03,3.160000000000000000e+02,1.112000000000000000e+03,3.160000000000000000e+02,0.000000000000000000e+00,0.000000000000000000e+00,4.000000000000000000e+00
1.000000000000000000e+00,1.600000000000000000e+01,8.000000000000000000e+00,1.112000000000000000e+03,3.080000000000000000e+02,1.112000000000000000e+03,3.080000000000000000e+02,0.000000000000000000e+00,0.000000000000000000e+00,4.000000000000000000e+00
1.000000000000000000e+00,1.600000000000000000e+01,8.000000000000000000e+00,1.112000000000000000e+03,3.030000000000000000e+02,1.112000000000000000e+03,3.160000000000000000e+02,0.000000000000000000e+00,-5.500000000000000000e+01,4.000000000000000000e+00
-1.000000000000000000e+00,1.600000000000000000e+01,8.000000000000000000e+00,1.128000000000000000e+03,3.080000000000000000e+02,1.128000000000000000e+03,3.080000000000000000e+02,0.000000000000000000e+00,0.000000000000000000e+00,4.000000000000000000e+00
-1.000000000000000000e+00,1.600000000000000000e+01,8.000000000000000000e+00,1.128000000000000000e+03,3.160000000000000000e+02,1.128000000000000000e+03,3.160000000000000000e+02,0.000000000000000000e+00,0.000000000000000000e+00,4.000000000000000000e+00
1.000000000000000000e+00,1.600000000000000000e+01,8.000000000000000000e+00,1.128000000000000000e+03,3.080000000000000000e+02,1.128000000000000000e+03,3.080000000000000000e+02,0.000000000000000000e+00,0.000000000000000000e+00,4.000000000000000000e+00
1.000000000000000000e+00,1.600000000000000000e+01,8.000000000000000000e+00,1.128000000000000000e+03,3.030000000000000000e+02,1.128000000000000000e+03,3.160000000000000000e+02,0.000000000000000000e+00,-5.500000000000000000e+01,4.000000000000000000e+00
-1.000000000000000000e+00,1.600000000000000000e+01,8.000000000000000000e+00,1.144000000000000000e+03,3.230000000000000000e+02,1.144000000000000000e+03,3.080000000000000000e+02,0.000000000000000000e+00,6.300000000000000000e+01,4.000000000000000000e+00
-1.000000000000000000e+00,1.600000000000000000e+01,8.000000000000000000e+00,1.144000000000000000e+03,3.160000000000000000e+02,1.144000000000000000e+03,3.160000000000000000e+02,0.000000000000000000e+00,0.000000000000000000e+00,4.000000000000000000e+00
1.000000000000000000e+00,1.600000000000000000e+01,8.000000000000000000e+00,1.144000000000000000e+03,3.080000000000000000e+02,1.144000000000000000e+03,3.080000000000000000e+02,0.000000000000000000e+00,0.000000000000000000e+00,4.000000000000000000e+00
1.000000000000000000e+00,1.600000000000000000e+01,8.000000000000000000e+00,1.144000000000000000e+03,3.030000000000000000e+02,1.144000000000000000e+03,3.160000000000000000e+02,0.000000000000000000e+00,-5.500000000000000000e+01,4.000000000000000000e+00
1.000000000000000000e+00,1.600000000000000000e+01,1.600000000000000000e+01,1.152000000000000000e+03,3.000000000000000000e+02,1.160000000000000000e+03,3.120000000000000000e+02,-3.500000000000000000e+01,-4.800000000000000000e+01,4.000000000000000000e+00
1.000000000000000000e+00,1.600000000000000000e+01,1.600000000000000000e+01,1.168000000000000000e+03,3.000000000000000000e+02,1.176000000000000000e+03,3.120000000000000000e+02,-3.500000000000000000e+01,-4.900000000000000000e+01,4.000000000000000000e+00
1.000000000000000000e+00,1.600000000000000000e+01,8.000000000000000000e+00,1.184000000000000000e+03,2.960000000000000000e+02,1.192000000000000000e+03,3.080000000000000000e+02,-3.500000000000000000e+01,-5.100000000000000000e+01,4.000000000000000000e+00
1.000000000000000000e+00,1.600000000000000000e+01,8.000000000000000000e+00,1.184000000000000000e+03,3.040000000000000000e+02,1.192000000000000000e+03,3.160000000000000000e+02,-3.500000000000000000e+01,-4.900000000000000000e+01,4.000000000000000000e+00
-1.000000000000000000e+00,1.600000000000000000e+01,1.600000000000000000e+01,1.216000000000000000e+03,3.250000000000000000e+02,1.208000000000000000e+03,3.120000000000000000e+02,3.200000000000000000e+01,5.200000000000000000e+01,4.000000000000000000e+00
1.000000000000000000e+00,1.600000000000000000e+01,1.600000000000000000e+01,1.200000000000000000e+03,3.000000000000000000e+02,1.208000000000000000e+03,3.120000000000000000e+02,-3.500000000000000000e+01,-4.800000000000000000e+01,4.000000000000000000e+00
-1.000000000000000000e+00,1.600000000000000000e+01,1.600000000000000000e+01,1.232000000000000000e+03,3.250000000000000000e+02,1.224000000000000000e+03,3.120000000000000000e+02,3.200000000000000000e+01,5.200000000000000000e+01,4.000000000000000000e+00
1.000000000000000000e+00,1.600000000000000000e+01,1.600000000000000000e+01,1.212000000000000000e+03,3.000000000000000000e+02,1.224000000000000000e+03,3.120000000000000000e+02,-4.800000000000000000e+01,-4.800000000000000000e+01,4.000000000000000000e+00
-1.000000000000000000e+00,1.600000000000000000e+01,1.600000000000000000e+01,1.273000000000000000e+03,3.240000000000000000e+02,1.256000000000000000e+03,3.120000000000000000e+02,6.800000000000000000e+01,5.100000000000000000e+01,4.000000000000000000e+00
-1.000000000000000000e+00,1.600000000000000000e+01,1.600000000000000000e+01,1.272000000000000000e+03,3.270000000000000000e+02,1.272000000000000000e+03,3.120000000000000000e+02,0.000000000000000000e+00,6.000000000000000000e+01,4.000000000000000000e+00
-1.000000000000000000e+00,1.600000000000000000e+01,1.600000000000000000e+01,1.000000000000000000e+00,3.400000000000000000e+02,8.000000000000000000e+00,3.280000000000000000e+02,-2.800000000000000000e+01,5.100000000000000000e+01,4.000000000000000000e+00
1.000000000000000000e+00,1.600000000000000000e+01,1.600000000000000000e+01,5.100000000000000000e+01,3.070000000000000000e+02,2.400000000000000000e+01,3.280000000000000000e+02,1.090000000000000000e+02,-8.700000000000000000e+01,4.000000000000000000e+00
1.000000000000000000e+00,1.600000000000000000e+01,1.600000000000000000e+01,6.700000000000000000e+01,3.070000000000000000e+02,4.000000000000000000e+01,3.280000000000000000e+02,1.090000000000000000e+02,-8.700000000000000000e+01,4.000000000000000000e+00
-1.000000000000000000e+00,1.600000000000000000e+01,1.600000000000000000e+01,3.300000000000000000e+01,3.480000000000000000e+02,5.600000000000000000e+01,3.280000000000000000e+02,-9.300000000000000000e+01,8.000000000000000000e+01,4.000000000000000000e+00
1.000000000000000000e+00,1.600000000000000000e+01,1.600000000000000000e+01,8.100000000000000000e+01,3.070000000000000000e+02,5.600000000000000000e+01,3.280000000000000000e+02,1.000000000000000000e+02,-8.700000000000000000e+01,4.000000000000000000e+00
-1.000000000000000000e+00,1.600000000000000000e+01,1.600000000000000000e+01,4.900000000000000000e+01,3.480000000000000000e+02,7.200000000000000000e+01,3.280000000000000000e+02,-9.300000000000000000e+01,8.000000000000000000e+01,4.000000000000000000e+00
1.000000000000000000e+00,1.600000000000000000e+01,1.600000000000000000e+01,9.700000000000000000e+01,3.070000000000000000e+02,7.200000000000000000e+01,3.280000000000000000e+02,1.000000000000000000e+02,-8.700000000000000000e+01,4.000000000000000000e+00
-1.000000000000000000e+00,1.600000000000000000e+01,1.600000000000000000e+01,6.500000000000000000e+01,3.480000000000000000e+02,8.800000000000000000e+01,3.280000000000000000e+02,-9.300000000000000000e+01,8.100000000000000000e+01,4.000000000000000000e+00
-1.000000000000000000e+00,1.600000000000000000e+01,1.600000000000000000e+01,8.100000000000000000e+01,3.480000000000000000e+02,1.040000000000000000e+02,3.280000000000000000e+02,-9.300000000000000000e+01,8.000000000000000000e+01,4.000000000000000000e+00
1.000000000000000000e+00,1.600000000000000000e+01,1.600000000000000000e+01,1.280000000000000000e+02,3.060000000000000000e+02,1.040000000000000000e+02,3.280000000000000000e+02,9.600000000000000000e+01,-8.800000000000000000e+01,4.000000000000000000e+00
1.000000000000000000e+00,1.600000000000000000e+01,1.600000000000000000e+01,1.440000000000000000e+02,3.060000000000000000e+02,1.200000000000000000e+02,3.280000000000000000e+02,9.600000000000000000e+01,-8.800000000000000000e+01,4.000000000000000000e+00
-1.000000000000000000e+00,8.000000000000000000e+00,1.600000000000000000e+01,1.480000000000000000e+02,3.280000000000000000e+02,1.480000000000000000e+02,3.280000000000000000e+02,0.000000000000000000e+00,0.000000000000000000e+00,4.000000000000000000e+00
-1.000000000000000000e+00,8.000000000000000000e+00,1.600000000000000000e+01,1.350000000000000000e+02,3.460000000000000000e+02,1.560000000000000000e+02,3.280000000000000000e+02,-8.500000000000000000e+01,7.200000000000000000e+01,4.000000000000000000e+00
1.000000000000000000e+00,8.000000000000000000e+00,1.600000000000000000e+01,1.720000000000000000e+02,3.110000000000000000e+02,1.480000000000000000e+02,3.280000000000000000e+02,9.700000000000000000e+01,-7.100000000000000000e+01,4.000000000000000000e+00
1.000000000000000000e+00,8.000000000000000000e+00,1.600000000000000000e+01,1.560000000000000000e+02,3.280000000000000000e+02,1.560000000000000000e+02,3.280000000000000000e+02,0.000000000000000000e+00,0.000000000000000000e+00,4.000000000000000000e+00
-1.000000000000000000e+00,1.600000000000000000e+01,1.600000000000000000e+01,1.470000000000000000e+02,3.460000000000000000e+02,1.680000000000000000e+02,3.280000000000000000e+02,-8.500000000000000000e+01,7.200000000000000000e+01,4.000000000000000000e+00
1.000000000000000000e+00,1.600000000000000000e+01,1.600000000000000000e+01,1.920000000000000000e+02,3.110000000000000000e+02,1.680000000000000000e+02,3.280000000000000000e+02,9.600000000000000000e+01,-7.100000000000000000e+01,4.000000000000000000e+00
-1.000000000000000000e+00,1.600000000000000000e+01,1.600000000000000000e+01,1.630000000000000000e+02,3.460000000000000000e+02,1.840000000000000000e+02,3.280000000000000000e+02,-8.500000000000000000e+01,7.200000000000000000e+01,4.000000000000000000e+00
1.000000000000000000e+00,1.600000000000000000e+01,1.600000000000000000e+01,2.080000000000000000e+02,3.110000000000000000e+02,1.840000000000000000e+02,3.280000000000000000e+02,9.600000000000000000e+01,-7.100000000000000000e+01,4.000000000000000000e+00
1.000000000000000000e+00,1.600000000000000000e+01,1.600000000000000000e+01,2.240000000000000000e+02,3.110000000000000000e+02,2.000000000000000000e+02,3.280000000000000000e+02,9.900000000000000000e+01,-7.100000000000000000e+01,4.000000000000000000e+00
-1.000000000000000000e+00,1.600000000000000000e+01,1.600000000000000000e+01,1.920000000000000000e+02,3.460000000000000000e+02,2.160000000000000000e+02,3.280000000000000000e+02,-9.600000000000000000e+01,7.200000000000000000e+01,4.000000000000000000e+00
-1.000000000000000000e+00,1.600000000000000000e+01,1.600000000000000000e+01,2.320000000000000000e+02,3.440000000000000000e+02,2.320000000000000000e+02,3.280000000000000000e+02,0.000000000000000000e+00,6.400000000000000000e+01,4.000000000000000000e+00
1.000000000000000000e+00,1.600000000000000000e+01,1.600000000000000000e+01,2.480000000000000000e+02,3.280000000000000000e+02,2.480000000000000000e+02,3.280000000000000000e+02,0.000000000000000000e+00,0.000000000000000000e+00,4.000000000000000000e+00
1.000000000000000000e+00,1.600000000000000000e+01,1.600000000000000000e+01,2.640000000000000000e+02,3.280000000000000000e+02,2.640000000000000000e+02,3.280000000000000000e+02,0.000000000000000000e+00,0.000000000000000000e+00,4.000000000000000000e+00
1.000000000000000000e+00,1.600000000000000000e+01,1.600000000000000000e+01,2.800000000000000000e+02,3.280000000000000000e+02,2.800000000000000000e+02,3.280000000000000000e+02,0.000000000000000000e+00,0.000000000000000000e+00,4.000000000000000000e+00
-1.000000000000000000e+00,1.600000000000000000e+01,1.600000000000000000e+01,2.740000000000000000e+02,3.440000000000000000e+02,2.960000000000000000e+02,3.280000000000000000e+02,-9.000000000000000000e+01,6.400000000000000000e+01,4.000000000000000000e+00
-1.000000000000000000e+00,1.600000000000000000e+01,1.600000000000000000e+01,2.890000000000000000e+02,3.440000000000000000e+02,3.120000000000000000e+02,3.280000000000000000e+02,-9.200000000000000000e+01,6.400000000000000000e+01,4.000000000000000000e+00
1.000000000000000000e+00,1.600000000000000000e+01,1.600000000000000000e+01,3.350000000000000000e+02,3.080000000000000000e+02,3.120000000000000000e+02,3.280000000000000000e+02,9.500000000000000000e+01,-8.100000000000000000e+01,4.000000000000000000e+00
-1.000000000000000000e+00,1.600000000000000000e+01,1.600000000000000000e+01,3.060000000000000000e+02,3.480000000000000000e+02,3.280000000000000000e+02,3.280000000000000000e+02,-8.900000000000000000e+01,8.100000000000000000e+01,4.000000000000000000e+00
1.000000000000000000e+00,1.600000000000000000e+01,1.600000000000000000e+01,3.870000000000000000e+02,3.040000000000000000e+02,3.440000000000000000e+02,3.280000000000000000e+02,1.730000000000000000e+02,-9.600000000000000000e+01,4.000000000000000000e+00
-1.000000000000000000e+00,8.000000000000000000e+00,8.000000000000000000e+00,3.560000000000000000e+02,3.240000000000000000e+02,3.560000000000000000e+02,3.240000000000000000e+02,0.000000000000000000e+00,0.000000000000000000e+00,4.000000000000000000e+00
-1.000000000000000000e+00,8.000000000000000000e+00,8.000000000000000000e+00,3.700000000000000000e+02,3.240000000000000000e+02,3.640000000000000000e+02,3.240000000000000000e+02,2.700000000000000000e+01,0.000000000000000000e+00,4.000000000000000000e+00
-1.000000000000000000e+00,8.000000000000000000e+00,8.000000000000000000e+00,3.250000000000000000e+02,3.530000000000000000e+02,3.560000000000000000e+02,3.320000000000000000e+02,-1.270000000000000000e+02,8.700000000000000000e+01,4.000000000000000000e+00
-1.000000000000000000e+00,8.000000000000000000e+00,8.000000000000000000e+00,3.330000000000000000e+02,3.530000000000000000e+02,3.640000000000000000e+02,3.320000000000000000e+02,-1.270000000000000000e+02,8.700000000000000000e+01,4.000000000000000000e+00
1.000000000000000000e+00,8.000000000000000000e+00,8.000000000000000000e+00,3.990000000000000000e+02,3.010000000000000000e+02,3.560000000000000000e+02,3.240000000000000000e+02,1.730000000000000000e+02,-9.400000000000000000e+01,4.000000000000000000e+00
1.000000000000000000e+00,8.000000000000000000e+00,8.000000000000000000e+00,3.640000000000000000e+02,3.240000000000000000e+02,3.640000000000000000e+02,3.240000000000000000e+02,0.000000000000000000e+00,0.000000000000000000e+00,4.000000000000000000e+00
1.000000000000000000e+00,8.000000000000000000e+00,8.000000000000000000e+00,3.990000000000000000e+02,3.080000000000000000e+02,3.560000000000000000e+02,3.320000000000000000e+02,1.730000000000000000e+02,-9.600000000000000000e+01,4.000000000000000000e+00
1.000000000000000000e+00,8.000000000000000000e+00,8.000000000000000000e+00,4.070000000000000000e+02,3.080000000000000000e+02,3.640000000000000000e+02,3.320000000000000000e+02,1.730000000000000000e+02,-9.600000000000000000e+01,4.000000000000000000e+00
-1.000000000000000000e+00,1.600000000000000000e+01,1.600000000000000000e+01,3.820000000000000000e+02,3.280000000000000000e+02,3.760000000000000000e+02,3.280000000000000000e+02,2.700000000000000000e+01,0.000000000000000000e+00,4.000000000000000000e+00
1.000000000000000000e+00,1.600000000000000000e+01,1.600000000000000000e+01,4.210000000000000000e+02,3.000000000000000000e+02,3.760000000000000000e+02,3.280000000000000000e+02,1.830000000000000000e+02,-1.120000000000000000e+02,4.000000000000000000e+00
1.000000000000000000e+00,1.600000000000000000e+01,1.600000000000000000e+01,4.380000000000000000e+02,3.000000000000000000e+02,3.920000000000000000e+02,3.280000000000000000e+02,1.840000000000000000e+02,-1.120000000000000000e+02,4.000000000000000000e+00
1.000000000000000000e+00,1.600000000000000000e+01,1.600000000000000000e+01,4.540000000000000000e+02,3.010000000000000000e+02,4.080000000000000000e+02,3.280000000000000000e+02,1.840000000000000000e+02,-1.080000000000000000e+02,4.000000000000000000e+00
1.000000000000000000e+00,1.600000000000000000e+01,1.600000000000000000e+01,4.700000000000000000e+02,3.010000000000000000e+02,4.240000000000000000e+02,3.280000000000000000e+02,1.840000000000000000e+02,-1.080000000000000000e+02,4.000000000000000000e+00
-1.000000000000000000e+00,1.600000000000000000e+01,1.600000000000000000e+01,4.190000000000000000e+02,3.500000000000000000e+02,4.560000000000000000e+02,3.280000000000000000e+02,-1.510000000000000000e+02,8.900000000000000000e+01,4.000000000000000000e+00
1.000000000000000000e+00,1.600000000000000000e+01,1.600000000000000000e+01,5.130000000000000000e+02,3.010000000000000000e+02,4.720000000000000000e+02,3.280000000000000000e+02,1.640000000000000000e+02,-1.090000000000000000e+02,4.000000000000000000e+00
1.000000000000000000e+00,1.600000000000000000e+01,1.600000000000000000e+01,5.290000000000000000e+02,3.010000000000000000e+02,4.880000000000000000e+02,3.280000000000000000e+02,1.640000000000000000e+02,-1.090000000000000000e+02,4.000000000000000000e+00
-1.000000000000000000e+00,1.600000000000000000e+01,1.600000000000000000e+01,4.750000000000000000e+02,3.480000000000000000e+02,5.040000000000000000e+02,3.280000000000000000e+02,-1.170000000000000000e+02,8.000000000000000000e+01,4.000000000000000000e+00
1.000000000000000000e+00,1.600000000000000000e+01,1.600000000000000000e+01,5.450000000000000000e+02,3.010000000000000000e+02,5.040000000000000000e+02,3.280000000000000000e+02,1.640000000000000000e+02,-1.090000000000000000e+02,4.000000000000000000e+00
-1.000000000000000000e+00,1.600000000000000000e+01,1.600000000000000000e+01,4.840000000000000000e+02,3.480000000000000000e+02,5.200000000000000000e+02,3.280000000000000000e+02,-1.470000000000000000e+02,8.000000000000000000e+01,4.000000000000000000e+00
-1.000000000000000000e+00,8.000000000000000000e+00,1.600000000000000000e+01,4.980000000000000000e+02,3.490000000000000000e+02,5.320000000000000000e+02,3.280000000000000000e+02,-1.370000000000000000e+02,8.700000000000000000e+01,4.000000000000000000e+00
-1.000000000000000000e+00,8.000000000000000000e+00,1.600000000000000000e+01,5.320000000000000000e+02,3.350000000000000000e+02,5.400000000000000000e+02,3.280000000000000000e+02,-3.500000000000000000e+01,2.900000000000000000e+01,4.000000000000000000e+00
-1.000000000000000000e+00,1.600000000000000000e+01,1.600000000000000000e+01,5.430000000000000000e+02,3.350000000000000000e+02,5.520000000000000000e+02,3.280000000000000000e+02,-3.700000000000000000e+01,2.900000000000000000e+01,4.000000000000000000e+00
-1.000000000000000000e+00,1.600000000000000000e+01,1.600000000000000000e+01,5.570000000000000000e+02,3.380000000000000000e+02,5.680000000000000000e+02,3.280000000000000000e+02,-4.400000000000000000e+01,4.000000000000000000e+01,4.000000000000000000e+00
-1.000000000000000000e+00,1.600000000000000000e+01,1.600000000000000000e+01,5.740000000000000000e+02,3.380000000000000000e+02,5.840000000000000000e+02,3.280000000000000000e+02,-4.300000000000000000e+01,4.000000000000000000e+01,4.000000000000000000e+00
-1.000000000000000000e+00,1.600000000000000000e+01,1.600000000000000000e+01,5.900000000000000000e+02,3.410000000000000000e+02,6.000000000000000000e+02,3.280000000000000000e+02,-4.300000000000000000e+01,5.500000000000000000e+01,4.000000000000000000e+00
-1.000000000000000000e+00,1.600000000000000000e+01,1.600000000000000000e+01,6.060000000000000000e+02,3.420000000000000000e+02,6.160000000000000000e+02,3.280000000000000000e+02,-4.000000000000000000e+01,5.600000000000000000e+01,4.000000000000000000e+00
1.000000000000000000e+00,1.600000000000000000e+01,1.600000000000000000e+01,6.380000000000000000e+02,3.170000000000000000e+02,6.320000000000000000e+02,3.280000000000000000e+02,2.500000000000000000e+01,-4.700000000000000000e+01,4.000000000000000000e+00
1.000000000000000000e+00,1.600000000000000000e+01,1.600000000000000000e+01,6.540000000000000000e+02,3.170000000000000000e+02,6.480000000000000000e+02,3.280000000000000000e+02,2.500000000000000000e+01,-4.700000000000000000e+01,4.000000000000000000e+00
-1.000000000000000000e+00,1.600000000000000000e+01,1.600000000000000000e+01,6.800000000000000000e+02,3.280000000000000000e+02,6.800000000000000000e+02,3.280000000000000000e+02,0.000000000000000000e+00,1.000000000000000000e+00,4.000000000000000000e+00
1.000000000000000000e+00,1.600000000000000000e+01,1.600000000000000000e+01,6.800000000000000000e+02,3.280000000000000000e+02,6.800000000000000000e+02,3.280000000000000000e+02,0.000000000000000000e+00,0.000000000000000000e+00,4.000000000000000000e+00
1.000000000000000000e+00,1.600000000000000000e+01,1.600000000000000000e+01,6.960000000000000000e+02,3.180000000000000000e+02,6.960000000000000000e+02,3.280000000000000000e+02,0.000000000000000000e+00,-4.000000000000000000e+01,4.000000000000000000e+00
-1.000000000000000000e+00,1.600000000000000000e+01,1.600000000000000000e+01,7.120000000000000000e+02,3.370000000000000000e+02,7.120000000000000000e+02,3.280000000000000000e+02,0.000000000000000000e+00,3.600000000000000000e+01,4.000000000000000000e+00
1.000000000000000000e+00,1.600000000000000000e+01,1.600000000000000000e+01,7.120000000000000000e+02,3.180000000000000000e+02,7.120000000000000000e+02,3.280000000000000000e+02,0.000000000000000000e+00,-4.000000000000000000e+01,4.000000000000000000e+00
1.000000000000000000e+00,1.600000000000000000e+01,1.600000000000000000e+01,7.280000000000000000e+02,3.170000000000000000e+02,7.280000000000000000e+02,3.280000000000000000e+02,0.000000000000000000e+00,-4.400000000000000000e+01,4.000000000000000000e+00
-1.000000000000000000e+00,1.600000000000000000e+01,1.600000000000000000e+01,7.440000000000000000e+02,3.330000000000000000e+02,7.440000000000000000e+02,3.280000000000000000e+02,0.000000000000000000e+00,2.200000000000000000e+01,4.000000000000000000e+00
1.000000000000000000e+00,1.600000000000000000e+01,1.600000000000000000e+01,7.600000000000000000e+02,3.180000000000000000e+02,7.600000000000000000e+02,3.280000000000000000e+02,0.000000000000000000e+00,-4.000000000000000000e+01,4.000000000000000000e+00
1.000000000000000000e+00,1.600000000000000000e+01,1.600000000000000000e+01,7.690000000000000000e+02,3.260000000000000000e+02,7.760000000000000000e+02,3.280000000000000000e+02,-3.000000000000000000e+01,-8.000000000000000000e+00,4.000000000000000000e+00
-1.000000000000000000e+00,1.600000000000000000e+01,1.600000000000000000e+01,7.920000000000000000e+02,3.280000000000000000e+02,7.920000000000000000e+02,3.280000000000000000e+02,0.000000000000000000e+00,0.000000000000000000e+00,4.000000000000000000e+00
1.000000000000000000e+00,1.600000000000000000e+01,1.600000000000000000e+01,7.920000000000000000e+02,3.280000000000000000e+02,7.920000000000000000e+02,3.280000000000000000e+02,0.000000000000000000e+00,0.000000000000000000e+00,4.000000000000000000e+00
-1.000000000000000000e+00,1.600000000000000000e+01,1.600000000000000000e+01,8.010000000000000000e+02,3.310000000000000000e+02,8.080000000000000000e+02,3.280000000000000000e+02,-2.800000000000000000e+01,1.200000000000000000e+01,4.000000000000000000e+00
1.000000000000000000e+00,1.600000000000000000e+01,1.600000000000000000e+01,8.240000000000000000e+02,3.280000000000000000e+02,8.240000000000000000e+02,3.280000000000000000e+02,0.000000000000000000e+00,0.000000000000000000e+00,4.000000000000000000e+00
1.000000000000000000e+00,1.600000000000000000e+01,1.600000000000000000e+01,8.400000000000000000e+02,3.220000000000000000e+02,8.400000000000000000e+02,3.280000000000000000e+02,0.000000000000000000e+00,-2.400000000000000000e+01,4.000000000000000000e+00
1.000000000000000000e+00,1.600000000000000000e+01,1.600000000000000000e+01,8.640000000000000000e+02,3.220000000000000000e+02,8.560000000000000000e+02,3.280000000000000000e+02,3.500000000000000000e+01,-2.400000000000000000e+01,4.000000000000000000e+00
1.000000000000000000e+00,1.600000000000000000e+01,1.600000000000000000e+01,8.820000000000000000e+02,3.200000000000000000e+02,8.720000000000000000e+02,3.280000000000000000e+02,4.300000000000000000e+01,-3.300000000000000000e+01,4.000000000000000000e+00
-1.000000000000000000e+00,1.600000000000000000e+01,1.600000000000000000e+01,8.750000000000000000e+02,3.370000000000000000e+02,8.880000000000000000e+02,3.280000000000000000e+02,-5.400000000000000000e+01,3.800000000000000000e+01,4.000000000000000000e+00
1.000000000000000000e+00,1.600000000000000000e+01,1.600000000000000000e+01,8.980000000000000000e+02,3.200000000000000000e+02,8.880000000000000000e+02,3.280000000000000000e+02,4.300000000000000000e+01,-3.200000000000000000e+01,4.000000000000000000e+00
1.000000000000000000e+00,1.600000000000000000e+01,1.600000000000000000e+01,9.200000000000000000e+02,3.190000000000000000e+02,9.040000000000000000e+02,3.280000000000000000e+02,6.400000000000000000e+01,-3.700000000000000000e+01,4.000000000000000000e+00
-1.000000000000000000e+00,1.600000000000000000e+01,1.600000000000000000e+01,9.200000000000000000e+02,3.280000000000000000e+02,9.200000000000000000e+02,3.280000000000000000e+02,0.000000000000000000e+00,0.000000000000000000e+00,4.000000000000000000e+00
-1.000000000000000000e+00,1.600000000000000000e+01,1.600000000000000000e+01,9.360000000000000000e+02,3.280000000000000000e+02,9.360000000000000000e+02,3.280000000000000000e+02,0.000000000000000000e+00,0.000000000000000000e+00,4.000000000000000000e+00
-1.000000000000000000e+00,1.600000000000000000e+01,1.600000000000000000e+01,9.520000000000000000e+02,3.360000000000000000e+02,9.520000000000000000e+02,3.280000000000000000e+02,0.000000000000000000e+00,3.200000000000000000e+01,4.000000000000000000e+00
-1.000000000000000000e+00,1.600000000000000000e+01,1.600000000000000000e+01,9.680000000000000000e+02,3.280000000000000000e+02,9.680000000000000000e+02,3.280000000000000000e+02,1.000000000000000000e+00,0.000000000000000000e+00,4.000000000000000000e+00
-1.000000000000000000e+00,1.600000000000000000e+01,1.600000000000000000e+01,9.840000000000000000e+02,3.280000000000000000e+02,9.840000000000000000e+02,3.280000000000000000e+02,0.000000000000000000e+00,0.000000000000000000e+00,4.000000000000000000e+00
-1.000000000000000000e+00,1.600000000000000000e+01,1.600000000000000000e+01,1.000000000000000000e+03,3.280000000000000000e+02,1.000000000000000000e+03,3.280000000000000000e+02,0.000000000000000000e+00,0.000000000000000000e+00,4.000000000000000000e+00
1.000000000000000000e+00,1.600000000000000000e+01,1.600000000000000000e+01,1.011000000000000000e+03,3.150000000000000000e+02,1.016000000000000000e+03,3.280000000000000000e+02,-2.000000000000000000e+01,-5.300000000000000000e+01,4.000000000000000000e+00
-1.000000000000000000e+00,1.600000000000000000e+01,8.000000000000000000e+00,1.032000000000000000e+03,3.240000000000000000e+02,1.032000000000000000e+03,3.240000000000000000e+02,0.000000000000000000e+00,0.000000000000000000e+00,4.000000000000000000e+00
-1.000000000000000000e+00,1.600000000000000000e+01,8.000000000000000000e+00,1.032000000000000000e+03,3.460000000000000000e+02,1.032000000000000000e+03,3.320000000000000000e+02,0.000000000000000000e+00,5.600000000000000000e+01,4.000000000000000000e+00
-1.000000000000000000e+00,1.600000000000000000e+01,8.000000000000000000e+00,1.048000000000000000e+03,3.240000000000000000e+02,1.048000000000000000e+03,3.240000000000000000e+02,0.000000000000000000e+00,0.000000000000000000e+00,4.000000000000000000e+00
-1.000000000000000000e+00,1.600000000000000000e+01,8.000000000000000000e+00,1.048000000000000000e+03,3.460000000000000000e+02,1.048000000000000000e+03,3.320000000000000000e+02,0.000000000000000000e+00,5.600000000000000000e+01,4.000000000000000000e+00
-1.000000000000000000e+00,1.600000000000000000e+01,1.600000000000000000e+01,1.064000000000000000e+03,3.420000000000000000e+02,1.064000000000000000e+03,3.280000000000000000e+02,0.000000000000000000e+00,5.600000000000000000e+01,4.000000000000000000e+00
-1.000000000000000000e+00,1.600000000000000000e+01,1.600000000000000000e+01,1.080000000000000000e+03,3.430000000000000000e+02,1.080000000000000000e+03,3.280000000000000000e+02,0.000000000000000000e+00,6.000000000000000000e+01,4.000000000000000000e+00
1.000000000000000000e+00,1.600000000000000000e+01,1.600000000000000000e+01,1.096000000000000000e+03,3.140000000000000000e+02,1.096000000000000000e+03,3.280000000000000000e+02,0.000000000000000000e+00,-5.600000000000000000e+01,4.000000000000000000e+00
1.000000000000000000e+00,1.600000000000000000e+01,1.600000000000000000e+01,1.112000000000000000e+03,3.150000000000000000e+02,1.112000000000000000e+03,3.280000000000000000e+02,0.000000000000000000e+00,-5.500000000000000000e+01,4.000000000000000000e+00
-1.000000000000000000e+00,1.600000000000000000e+01,1.600000000000000000e+01,1.128000000000000000e+03,3.430000000000000000e+02,1.128000000000000000e+03,3.280000000000000000e+02,0.000000000000000000e+00,6.000000000000000000e+01,4.000000000000000000e+00
-1.000000000000000000e+00,1.600000000000000000e+01,1.600000000000000000e+01,1.144000000000000000e+03,3.430000000000000000e+02,1.144000000000000000e+03,3.280000000000000000e+02,0.000000000000000000e+00,6.000000000000000000e+01,4.000000000000000000e+00
1.000000000000000000e+00,1.600000000000000000e+01,1.600000000000000000e+01,1.144000000000000000e+03,3.160000000000000000e+02,1.144000000000000000e+03,3.280000000000000000e+02,0.000000000000000000e+00,-4.800000000000000000e+01,4.000000000000000000e+00
-1.000000000000000000e+00,1.600000000000000000e+01,1.600000000000000000e+01,1.160000000000000000e+03,3.430000000000000000e+02,1.160000000000000000e+03,3.280000000000000000e+02,0.000000000000000000e+00,6.000000000000000000e+01,4.000000000000000000e+00
1.000000000000000000e+00,1.600000000000000000e+01,1.600000000000000000e+01,1.152000000000000000e+03,3.160000000000000000e+02,1.160000000000000000e+03,3.280000000000000000e+02,-3.500000000000000000e+01,-4.800000000000000000e+01,4.000000000000000000e+00
-1.000000000000000000e+00,1.600000000000000000e+01,1.600000000000000000e+01,1.176000000000000000e+03,3.430000000000000000e+02,1.176000000000000000e+03,3.280000000000000000e+02,0.000000000000000000e+00,6.000000000000000000e+01,4.000000000000000000e+00
1.000000000000000000e+00,1.600000000000000000e+01,1.600000000000000000e+01,1.168000000000000000e+03,3.160000000000000000e+02,1.176000000000000000e+03,3.280000000000000000e+02,-3.500000000000000000e+01,-4.900000000000000000e+01,4.000000000000000000e+00
-1.000000000000000000e+00,1.600000000000000000e+01,1.600000000000000000e+01,1.192000000000000000e+03,3.410000000000000000e+02,1.192000000000000000e+03,3.280000000000000000e+02,0.000000000000000000e+00,5.200000000000000000e+01,4.000000000000000000e+00
1.000000000000000000e+00,1.600000000000000000e+01,1.600000000000000000e+01,1.184000000000000000e+03,3.160000000000000000e+02,1.192000000000000000e+03,3.280000000000000000e+02,-3.500000000000000000e+01,-4.900000000000000000e+01,4.000000000000000000e+00
-1.000000000000000000e+00,1.600000000000000000e+01,1.600000000000000000e+01,1.216000000000000000e+03,3.410000000000000000e+02,1.208000000000000000e+03,3.280000000000000000e+02,3.200000000000000000e+01,5.200000000000000000e+01,4.000000000000000000e+00
1.000000000000000000e+00,1.600000000000000000e+01,1.600000000000000000e+01,1.200000000000000000e+03,3.160000000000000000e+02,1.208000000000000000e+03,3.280000000000000000e+02,-3.500000000000000000e+01,-4.800000000000000000e+01,4.000000000000000000e+00
-1.000000000000000000e+00,1.600000000000000000e+01,1.600000000000000000e+01,1.232000000000000000e+03,3.410000000000000000e+02,1.224000000000000000e+03,3.280000000000000000e+02,3.200000000000000000e+01,5.200000000000000000e+01,4.000000000000000000e+00
1.000000000000000000e+00,1.600000000000000000e+01,1.600000000000000000e+01,1.216000000000000000e+03,3.160000000000000000e+02,1.224000000000000000e+03,3.280000000000000000e+02,-3.500000000000000000e+01,-4.800000000000000000e+01,4.000000000000000000e+00
-1.000000000000000000e+00,1.600000000000000000e+01,1.600000000000000000e+01,1.272000000000000000e+03,3.400000000000000000e+02,1.272000000000000000e+03,3.280000000000000000e+02,0.000000000000000000e+00,5.100000000000000000e+01,4.000000000000000000e+00
1.000000000000000000e+00,1.600000000000000000e+01,1.600000000000000000e+01,3.300000000000000000e+01,3.230000000000000000e+02,8.000000000000000000e+00,3.440000000000000000e+02,1.000000000000000000e+02,-8.700000000000000000e+01,4.000000000000000000e+00
1.000000000000000000e+00,1.600000000000000000e+01,1.600000000000000000e+01,4.800000000000000000e+01,3.230000000000000000e+02,2.400000000000000000e+01,3.440000000000000000e+02,9.900000000000000000e+01,-8.500000000000000000e+01,4.000000000000000000e+00
1.000000000000000000e+00,1.600000000000000000e+01,1.600000000000000000e+01,6.600000000000000000e+01,3.230000000000000000e+02,4.000000000000000000e+01,3.440000000000000000e+02,1.070000000000000000e+02,-8.700000000000000000e+01,4.000000000000000000e+00
-1.000000000000000000e+00,1.600000000000000000e+01,1.600000000000000000e+01,3.300000000000000000e+01,3.640000000000000000e+02,5.600000000000000000e+01,3.440000000000000000e+02,-9.300000000000000000e+01,8.000000000000000000e+01,4.000000000000000000e+00
1.000000000000000000e+00,1.600000000000000000e+01,1.600000000000000000e+01,8.100000000000000000e+01,3.230000000000000000e+02,5.600000000000000000e+01,3.440000000000000000e+02,1.000000000000000000e+02,-8.700000000000000000e+01,4.000000000000000000e+00
-1.000000000000000000e+00,1.600000000000000000e+01,1.600000000000000000e+01,4.900000000000000000e+01,3.640000000000000000e+02,7.200000000000000000e+01,3.440000000000000000e+02,-9.300000000000000000e+01,8.000000000000000000e+01,4.000000000000000000e+00
1.000000000000000000e+00,1.600000000000000000e+01,1.600000000000000000e+01,9.700000000000000000e+01,3.230000000000000000e+02,7.200000000000000000e+01,3.440000000000000000e+02,1.000000000000000000e+02,-8.700000000000000000e+01,4.000000000000000000e+00
-1.000000000000000000e+00,1.600000000000000000e+01,1.600000000000000000e+01,6.500000000000000000e+01,3.640000000000000000e+02,8.800000000000000000e+01,3.440000000000000000e+02,-9.300000000000000000e+01,8.000000000000000000e+01,4.000000000000000000e+00
1.000000000000000000e+00,1.600000000000000000e+01,1.600000000000000000e+01,1.120000000000000000e+02,3.230000000000000000e+02,8.800000000000000000e+01,3.440000000000000000e+02,9.600000000000000000e+01,-8.700000000000000000e+01,4.000000000000000000e+00
-1.000000000000000000e+00,1.600000000000000000e+01,8.000000000000000000e+00,8.100000000000000000e+01,3.600000000000000000e+02,1.040000000000000000e+02,3.400000000000000000e+02,-9.500000000000000000e+01,8.000000000000000000e+01,4.000000000000000000e+00
-1.000000000000000000e+00,1.600000000000000000e+01,8.000000000000000000e+00,8.100000000000000000e+01,3.680000000000000000e+02,1.040000000000000000e+02,3.480000000000000000e+02,-9.200000000000000000e+01,8.000000000000000000e+01,4.000000000000000000e+00
-1.000000000000000000e+00,1.600000000000000000e+01,1.600000000000000000e+01,9.700000000000000000e+01,3.640000000000000000e+02,1.200000000000000000e+02,3.440000000000000000e+02,-9.500000000000000000e+01,8.000000000000000000e+01,4.000000000000000000e+00
1.000000000000000000e+00,1.600000000000000000e+01,1.600000000000000000e+01,1.440000000000000000e+02,3.220000000000000000e+02,1.200000000000000000e+02,3.440000000000000000e+02,9.600000000000000000e+01,-8.800000000000000000e+01,4.000000000000000000e+00
-1.000000000000000000e+00,1.600000000000000000e+01,1.600000000000000000e+01,1.130000000000000000e+02,3.640000000000000000e+02,1.360000000000000000e+02,3.440000000000000000e+02,-9.500000000000000000e+01,8.000000000000000000e+01,4.000000000000000000e+00
1.000000000000000000e+00,1.600000000000000000e+01,1.600000000000000000e+01,1.600000000000000000e+02,3.270000000000000000e+02,1.360000000000000000e+02,3.440000000000000000e+02,9.600000000000000000e+01,-7.100000000000000000e+01,4.000000000000000000e+00
-1.000000000000000000e+00,1.600000000000000000e+01,1.600000000000000000e+01,1.310000000000000000e+02,3.620000000000000000e+02,1.520000000000000000e+02,3.440000000000000000e+02,-8.500000000000000000e+01,7.200000000000000000e+01,4.000000000000000000e+00
1.000000000000000000e+00,1.600000000000000000e+01,1.600000000000000000e+01,1.760000000000000000e+02,3.270000000000000000e+02,1.520000000000000000e+02,3.440000000000000000e+02,9.600000000000000000e+01,-7.100000000000000000e+01,4.000000000000000000e+00
-1.000000000000000000e+00,1.600000000000000000e+01,1.600000000000000000e+01,1.470000000000000000e+02,3.620000000000000000e+02,1.680000000000000000e+02,3.440000000000000000e+02,-8.500000000000000000e+01,7.200000000000000000e+01,4.000000000000000000e+00
-1.000000000000000000e+00,1.600000000000000000e+01,1.600000000000000000e+01,1.620000000000000000e+02,3.620000000000000000e+02,1.840000000000000000e+02,3.440000000000000000e+02,-9.100000000000000000e+01,7.200000000000000000e+01,4.000000000000000000e+00
1.000000000000000000e+00,1.600000000000000000e+01,1.600000000000000000e+01,2.240000000000000000e+02,3.270000000000000000e+02,2.000000000000000000e+02,3.440000000000000000e+02,9.900000000000000000e+01,-7.100000000000000000e+01,4.000000000000000000e+00
-1.000000000000000000e+00,1.600000000000000000e+01,1.600000000000000000e+01,2.160000000000000000e+02,3.600000000000000000e+02,2.160000000000000000e+02,3.440000000000000000e+02,0.000000000000000000e+00,6.400000000000000000e+01,4.000000000000000000e+00
1.000000000000000000e+00,1.600000000000000000e+01,1.600000000000000000e+01,2.400000000000000000e+02,3.270000000000000000e+02,2.160000000000000000e+02,3.440000000000000000e+02,9.900000000000000000e+01,-7.100000000000000000e+01,4.000000000000000000e+00
-1.000000000000000000e+00,1.600000000000000000e+01,1.600000000000000000e+01,2.320000000000000000e+02,3.600000000000000000e+02,2.320000000000000000e+02,3.440000000000000000e+02,0.000000000000000000e+00,6.400000000000000000e+01,4.000000000000000000e+00
-1.000000000000000000e+00,1.600000000000000000e+01,1.600000000000000000e+01,2.480000000000000000e+02,3.600000000000000000e+02,2.480000000000000000e+02,3.440000000000000000e+02,0.000000000000000000e+00,6.400000000000000000e+01,4.000000000000000000e+00
1.000000000000000000e+00,1.600000000000000000e+01,1.600000000000000000e+01,2.480000000000000000e+02,3.440000000000000000e+02,2.480000000000000000e+02,3.440000000000000000e+02,0.000000000000000000e+00,0.000000000000000000e+00,4.000000000000000000e+00
-1.000000000000000000e+00,1.600000000000000000e+01,1.600000000000000000e+01,2.640000000000000000e+02,3.600000000000000000e+02,2.640000000000000000e+02,3.440000000000000000e+02,0.000000000000000000e+00,6.400000000000000000e+01,4.000000000000000000e+00
1.000000000000000000e+00,1.600000000000000000e+01,1.600000000000000000e+01,2.640000000000000000e+02,3.440000000000000000e+02,2.640000000000000000e+02,3.440000000000000000e+02,0.000000000000000000e+00,0.000000000000000000e+00,4.000000000000000000e+00
1.000000000000000000e+00,1.600000000000000000e+01,1.600000000000000000e+01,2.800000000000000000e+02,3.440000000000000000e+02,2.800000000000000000e+02,3.440000000000000000e+02,0.000000000000000000e+00,0.000000000000000000e+00,4.000000000000000000e+00
-1.000000000000000000e+00,1.600000000000000000e+01,1.600000000000000000e+01,2.740000000000000000e+02,3.600000000000000000e+02,2.960000000000000000e+02,3.440000000000000000e+02,-9.000000000000000000e+01,6.400000000000000000e+01,4.000000000000000000e+00
1.000000000000000000e+00,1.600000000000000000e+01,1.600000000000000000e+01,2.960000000000000000e+02,3.440000000000000000e+02,2.960000000000000000e+02,3.440000000000000000e+02,0.000000000000000000e+00,0.000000000000000000e+00,4.000000000000000000e+00
-1.000000000000000000e+00,1.600000000000000000e+01,1.600000000000000000e+01,2.900000000000000000e+02,3.630000000000000000e+02,3.120000000000000000e+02,3.440000000000000000e+02,-8.900000000000000000e+01,7.600000000000000000e+01,4.000000000000000000e+00
-1.000000000000000000e+00,1.600000000000000000e+01,1.600000000000000000e+01,3.060000000000000000e+02,3.630000000000000000e+02,3.280000000000000000e+02,3.440000000000000000e+02,-8.900000000000000000e+01,7.600000000000000000e+01,4.000000000000000000e+00
1.000000000000000000e+00,1.600000000000000000e+01,1.600000000000000000e+01,3.490000000000000000e+02,3.240000000000000000e+02,3.280000000000000000e+02,3.440000000000000000e+02,8.500000000000000000e+01,-8.000000000000000000e+01,4.000000000000000000e+00
-1.000000000000000000e+00,8.000000000000000000e+00,8.000000000000000000e+00,3.400000000000000000e+02,3.400000000000000000e+02,3.400000000000000000e+02,3.400000000000000000e+02,0.000000000000000000e+00,0.000000000000000000e+00,4.000000000000000000e+00
-1.000000000000000000e+00,8.000000000000000000e+00,8.000000000000000000e+00,3.480000000000000000e+02,3.400000000000000000e+02,3.480000000000000000e+02,3.400000000000000000e+02,0.000000000000000000e+00,0.000000000000000000e+00,4.000000000000000000e+00
-1.000000000000000000e+00,8.000000000000000000e+00,8.000000000000000000e+00,3.180000000000000000e+02,3.670000000000000000e+02,3.400000000000000000e+02,3.480000000000000000e+02,-8.900000000000000000e+01,7.600000000000000000e+01,4.000000000000000000e+00
-1.000000000000000000e+00,8.000000000000000000e+00,8.000000000000000000e+00,3.260000000000000000e+02,3.670000000000000000e+02,3.480000000000000000e+02,3.480000000000000000e+02,-8.900000000000000000e+01,7.600000000000000000e+01,4.000000000000000000e+00
1.000000000000000000e+00,8.000000000000000000e+00,8.000000000000000000e+00,3.830000000000000000e+02,3.160000000000000000e+02,3.400000000000000000e+02,3.400000000000000000e+02,1.730000000000000000e+02,-9.600000000000000000e+01,4.000000000000000000e+00
1.000000000000000000e+00,8.000000000000000000e+00,8.000000000000000000e+00,3.880000000000000000e+02,3.180000000000000000e+02,3.480000000000000000e+02,3.400000000000000000e+02,1.630000000000000000e+02,-8.900000000000000000e+01,4.000000000000000000e+00
1.000000000000000000e+00,8.000000000000000000e+00,8.000000000000000000e+00,3.830000000000000000e+02,3.240000000000000000e+02,3.400000000000000000e+02,3.480000000000000000e+02,1.730000000000000000e+02,-9.600000000000000000e+01,4.000000000000000000e+00
1.000000000000000000e+00,8.000000000000000000e+00,8.000000000000000000e+00,3.480000000000000000e+02,3.480000000000000000e+02,3.480000000000000000e+02,3.480000000000000000e+02,0.000000000000000000e+00,0.000000000000000000e+00,4.000000000000000000e+00
1.000000000000000000e+00,1.600000000000000000e+01,1.600000000000000000e+01,4.240000000000000000e+02,3.160000000000000000e+02,3.760000000000000000e+02,3.440000000000000000e+02,1.920000000000000000e+02,-1.120000000000000000e+02,4.000000000000000000e+00
1.000000000000000000e+00,1.600000000000000000e+01,1.600000000000000000e+01,4.720000000000000000e+02,3.170000000000000000e+02,4.240000000000000000e+02,3.440000000000000000e+02,1.920000000000000000e+02,-1.110000000000000000e+02,4.000000000000000000e+00
1.000000000000000000e+00,1.600000000000000000e+01,1.600000000000000000e+01,4.840000000000000000e+02,3.200000000000000000e+02,4.400000000000000000e+02,3.440000000000000000e+02,1.770000000000000000e+02,-9.800000000000000000e+01,4.000000000000000000e+00
-1.000000000000000000e+00,1.600000000000000000e+01,1.600000000000000000e+01,4.190000000000000000e+02,3.660000000000000000e+02,4.560000000000000000e+02,3.440000000000000000e+02,-1.510000000000000000e+02,8.900000000000000000e+01,4.000000000000000000e+00
1.000000000000000000e+00,1.600000000000000000e+01,1.600000000000000000e+01,4.970000000000000000e+02,3.200000000000000000e+02,4.560000000000000000e+02,3.440000000000000000e+02,1.640000000000000000e+02,-9.800000000000000000e+01,4.000000000000000000e+00
1.000000000000000000e+00,1.600000000000000000e+01,1.600000000000000000e+01,5.130000000000000000e+02,3.170000000000000000e+02,4.720000000000000000e+02,3.440000000000000000e+02,1.670000000000000000e+02,-1.090000000000000000e+02,4.000000000000000000e+00
1.000000000000000000e+00,1.600000000000000000e+01,1.600000000000000000e+01,5.290000000000000000e+02,3.170000000000000000e+02,4.880000000000000000e+02,3.440000000000000000e+02,1.640000000000000000e+02,-1.090000000000000000e+02,4.000000000000000000e+00
1.000000000000000000e+00,1.600000000000000000e+01,1.600000000000000000e+01,5.440000000000000000e+02,3.200000000000000000e+02,5.040000000000000000e+02,3.440000000000000000e+02,1.610000000000000000e+02,-9.700000000000000000e+01,4.000000000000000000e+00
-1.000000000000000000e+00,1.600000000000000000e+01,1.600000000000000000e+01,4.860000000000000000e+02,3.640000000000000000e+02,5.200000000000000000e+02,3.440000000000000000e+02,-1.370000000000000000e+02,8.000000000000000000e+01,4.000000000000000000e+00
1.000000000000000000e+00,1.600000000000000000e+01,1.600000000000000000e+01,5.600000000000000000e+02,3.200000000000000000e+02,5.200000000000000000e+02,3.440000000000000000e+02,1.610000000000000000e+02,-9.700000000000000000e+01,4.000000000000000000e+00
-1.000000000000000000e+00,1.600000000000000000e+01,1.600000000000000000e+01,5.050000000000000000e+02,3.640000000000000000e+02,5.360000000000000000e+02,3.440000000000000000e+02,-1.240000000000000000e+02,8.000000000000000000e+01,4.000000000000000000e+00
-1.000000000000000000e+00,1.600000000000000000e+01,1.600000000000000000e+01,5.440000000000000000e+02,3.530000000000000000e+02,5.520000000000000000e+02,3.440000000000000000e+02,-3.200000000000000000e+01,3.700000000000000000e+01,4.000000000000000000e+00
-1.000000000000000000e+00,1.600000000000000000e+01,1.600000000000000000e+01,5.600000000000000000e+02,3.540000000000000000e+02,5.680000000000000000e+02,3.440000000000000000e+02,-3.500000000000000000e+01,4.000000000000000000e+01,4.000000000000000000e+00
-1.000000000000000000e+00,1.600000000000000000e+01,1.600000000000000000e+01,5.750000000000000000e+02,3.540000000000000000e+02,5.840000000000000000e+02,3.440000000000000000e+02,-3.600000000000000000e+01,4.000000000000000000e+01,4.000000000000000000e+00
-1.000000000000000000e+00,1.600000000000000000e+01,1.600000000000000000e+01,5.900000000000000000e+02,3.570000000000000000e+02,6.000000000000000000e+02,3.440000000000000000e+02,-4.000000000000000000e+01,5.500000000000000000e+01,4.000000000000000000e+00
-1.000000000000000000e+00,1.600000000000000000e+01,1.600000000000000000e+01,6.060000000000000000e+02,3.570000000000000000e+02,6.160000000000000000e+02,3.440000000000000000e+02,-4.000000000000000000e+01,5.500000000000000000e+01,4.000000000000000000e+00
1.000000000000000000e+00,1.600000000000000000e+01,1.600000000000000000e+01,6.540000000000000000e+02,3.330000000000000000e+02,6.480000000000000000e+02,3.440000000000000000e+02,2.500000000000000000e+01,-4.700000000000000000e+01,4.000000000000000000e+00
-1.000000000000000000e+00,1.600000000000000000e+01,1.600000000000000000e+01,6.640000000000000000e+02,3.530000000000000000e+02,6.640000000000000000e+02,3.440000000000000000e+02,0.000000000000000000e+00,3.600000000000000000e+01,4.000000000000000000e+00
-1.000000000000000000e+00,1.600000000000000000e+01,1.600000000000000000e+01,6.800000000000000000e+02,3.440000000000000000e+02,6.800000000000000000e+02,3.440000000000000000e+02,0.000000000000000000e+00,1.000000000000000000e+00,4.000000000000000000e+00
1.000000000000000000e+00,1.600000000000000000e+01,1.600000000000000000e+01,6.800000000000000000e+02,3.440000000000000000e+02,6.800000000000000000e+02,3.440000000000000000e+02,0.000000000000000000e+00,0.000000000000000000e+00,4.000000000000000000e+00
-1.000000000000000000e+00,1.600000000000000000e+01,1.600000000000000000e+01,6.960000000000000000e+02,3.610000000000000000e+02,6.960000000000000000e+02,3.440000000000000000e+02,0.000000000000000000e+00,6.800000000000000000e+01,4.000000000000000000e+00
-1.000000000000000000e+00,1.600000000000000000e+01,1.600000000000000000e+01,7.120000000000000000e+02,3.530000000000000000e+02,7.120000000000000000e+02,3.440000000000000000e+02,0.000000000000000000e+00,3.600000000000000000e+01,4.000000000000000000e+00
1.000000000000000000e+00,1.600000000000000000e+01,1.600000000000000000e+01,7.120000000000000000e+02,3.340000000000000000e+02,7.120000000000000000e+02,3.440000000000000000e+02,0.000000000000000000e+00,-4.000000000000000000e+01,4.000000000000000000e+00
-1.000000000000000000e+00,1.600000000000000000e+01,1.600000000000000000e+01,7.280000000000000000e+02,3.490000000000000000e+02,7.280000000000000000e+02,3.440000000000000000e+02,0.000000000000000000e+00,2.200000000000000000e+01,4.000000000000000000e+00
1.000000000000000000e+00,1.600000000000000000e+01,1.600000000000000000e+01,7.280000000000000000e+02,3.340000000000000000e+02,7.280000000000000000e+02,3.440000000000000000e+02,0.000000000000000000e+00,-4.000000000000000000e+01,4.000000000000000000e+00
-1.000000000000000000e+00,1.600000000000000000e+01,1.600000000000000000e+01,7.440000000000000000e+02,3.490000000000000000e+02,7.440000000000000000e+02,3.440000000000000000e+02,0.000000000000000000e+00,2.200000000000000000e+01,4.000000000000000000e+00
1.000000000000000000e+00,1.600000000000000000e+01,1.600000000000000000e+01,7.440000000000000000e+02,3.340000000000000000e+02,7.440000000000000000e+02,3.440000000000000000e+02,0.000000000000000000e+00,-4.000000000000000000e+01,4.000000000000000000e+00
-1.000000000000000000e+00,1.600000000000000000e+01,1.600000000000000000e+01,7.600000000000000000e+02,3.440000000000000000e+02,7.600000000000000000e+02,3.440000000000000000e+02,0.000000000000000000e+00,0.000000000000000000e+00,4.000000000000000000e+00
1.000000000000000000e+00,1.600000000000000000e+01,1.600000000000000000e+01,7.600000000000000000e+02,3.440000000000000000e+02,7.600000000000000000e+02,3.440000000000000000e+02,0.000000000000000000e+00,0.000000000000000000e+00,4.000000000000000000e+00
-1.000000000000000000e+00,1.600000000000000000e+01,1.600000000000000000e+01,7.730000000000000000e+02,3.520000000000000000e+02,7.760000000000000000e+02,3.440000000000000000e+02,-1.200000000000000000e+01,3.200000000000000000e+01,4.000000000000000000e+00
-1.000000000000000000e+00,1.600000000000000000e+01,1.600000000000000000e+01,7.890000000000000000e+02,3.470000000000000000e+02,7.920000000000000000e+02,3.440000000000000000e+02,-1.200000000000000000e+01,1.200000000000000000e+01,4.000000000000000000e+00
-1.000000000000000000e+00,8.000000000000000000e+00,8.000000000000000000e+00,8.010000000000000000e+02,3.430000000000000000e+02,8.040000000000000000e+02,3.400000000000000000e+02,-1.200000000000000000e+01,1.200000000000000000e+01,4.000000000000000000e+00
-1.000000000000000000e+00,8.000000000000000000e+00,8.000000000000000000e+00,8.090000000000000000e+02,3.430000000000000000e+02,8.120000000000000000e+02,3.400000000000000000e+02,-1.200000000000000000e+01,1.200000000000000000e+01,4.000000000000000000e+00
-1.000000000000000000e+00,8.000000000000000000e+00,8.000000000000000000e+00,8.040000000000000000e+02,3.480000000000000000e+02,8.040000000000000000e+02,3.480000000000000000e+02,0.000000000000000000e+00,0.000000000000000000e+00,4.000000000000000000e+00
-1.000000000000000000e+00,8.000000000000000000e+00,8.000000000000000000e+00,8.120000000000000000e+02,3.480000000000000000e+02,8.120000000000000000e+02,3.480000000000000000e+02,0.000000000000000000e+00,0.000000000000000000e+00,4.000000000000000000e+00
1.000000000000000000e+00,8.000000000000000000e+00,8.000000000000000000e+00,8.040000000000000000e+02,3.400000000000000000e+02,8.040000000000000000e+02,3.400000000000000000e+02,0.000000000000000000e+00,0.000000000000000000e+00,4.000000000000000000e+00
1.000000000000000000e+00,8.000000000000000000e+00,8.000000000000000000e+00,8.120000000000000000e+02,3.400000000000000000e+02,8.120000000000000000e+02,3.400000000000000000e+02,0.000000000000000000e+00,0.000000000000000000e+00,4.000000000000000000e+00
1.000000000000000000e+00,8.000000000000000000e+00,8.000000000000000000e+00,8.040000000000000000e+02,3.480000000000000000e+02,8.040000000000000000e+02,3.480000000000000000e+02,0.000000000000000000e+00,0.000000000000000000e+00,4.000000000000000000e+00
1.000000000000000000e+00,8.000000000000000000e+00,8.000000000000000000e+00,8.120000000000000000e+02,3.480000000000000000e+02,8.120000000000000000e+02,3.480000000000000000e+02,0.000000000000000000e+00,0.000000000000000000e+00,4.000000000000000000e+00
-1.000000000000000000e+00,1.600000000000000000e+01,1.600000000000000000e+01,8.220000000000000000e+02,3.440000000000000000e+02,8.400000000000000000e+02,3.440000000000000000e+02,-7.400000000000000000e+01,0.000000000000000000e+00,4.000000000000000000e+00
1.000000000000000000e+00,1.600000000000000000e+01,8.000000000000000000e+00,8.640000000000000000e+02,3.350000000000000000e+02,8.560000000000000000e+02,3.400000000000000000e+02,3.500000000000000000e+01,-2.300000000000000000e+01,4.000000000000000000e+00
1.000000000000000000e+00,1.600000000000000000e+01,8.000000000000000000e+00,8.660000000000000000e+02,3.420000000000000000e+02,8.560000000000000000e+02,3.480000000000000000e+02,4.000000000000000000e+01,-2.400000000000000000e+01,4.000000000000000000e+00
-1.000000000000000000e+00,1.600000000000000000e+01,1.600000000000000000e+01,8.590000000000000000e+02,3.530000000000000000e+02,8.720000000000000000e+02,3.440000000000000000e+02,-5.400000000000000000e+01,3.800000000000000000e+01,4.000000000000000000e+00
1.000000000000000000e+00,1.600000000000000000e+01,1.600000000000000000e+01,8.820000000000000000e+02,3.360000000000000000e+02,8.720000000000000000e+02,3.440000000000000000e+02,4.300000000000000000e+01,-3.200000000000000000e+01,4.000000000000000000e+00
-1.000000000000000000e+00,1.600000000000000000e+01,1.600000000000000000e+01,8.770000000000000000e+02,3.540000000000000000e+02,8.880000000000000000e+02,3.440000000000000000e+02,-4.700000000000000000e+01,4.200000000000000000e+01,4.000000000000000000e+00
1.000000000000000000e+00,1.600000000000000000e+01,1.600000000000000000e+01,8.980000000000000000e+02,3.350000000000000000e+02,8.880000000000000000e+02,3.440000000000000000e+02,4.300000000000000000e+01,-3.600000000000000000e+01,4.000000000000000000e+00
-1.000000000000000000e+00,1.600000000000000000e+01,1.600000000000000000e+01,9.200000000000000000e+02,3.440000000000000000e+02,9.200000000000000000e+02,3.440000000000000000e+02,0.000000000000000000e+00,0.000000000000000000e+00,4.000000000000000000e+00
-1.000000000000000000e+00,1.600000000000000000e+01,1.600000000000000000e+01,9.360000000000000000e+02,3.440000000000000000e+02,9.360000000000000000e+02,3.440000000000000000e+02,0.000000000000000000e+00,0.000000000000000000e+00,4.000000000000000000e+00
-1.000000000000000000e+00,1.600000000000000000e+01,1.600000000000000000e+01,9.520000000000000000e+02,3.570000000000000000e+02,9.520000000000000000e+02,3.440000000000000000e+02,0.000000000000000000e+00,5.400000000000000000e+01,4.000000000000000000e+00
-1.000000000000000000e+00,1.600000000000000000e+01,8.000000000000000000e+00,9.680000000000000000e+02,3.400000000000000000e+02,9.680000000000000000e+02,3.400000000000000000e+02,1.000000000000000000e+00,0.000000000000000000e+00,4.000000000000000000e+00
-1.000000000000000000e+00,1.600000000000000000e+01,8.000000000000000000e+00,9.680000000000000000e+02,3.610000000000000000e+02,9.680000000000000000e+02,3.480000000000000000e+02,0.000000000000000000e+00,5.500000000000000000e+01,4.000000000000000000e+00
-1.000000000000000000e+00,1.600000000000000000e+01,1.600000000000000000e+01,9.840000000000000000e+02,3.580000000000000000e+02,9.840000000000000000e+02,3.440000000000000000e+02,0.000000000000000000e+00,5.900000000000000000e+01,4.000000000000000000e+00
1.000000000000000000e+00,1.600000000000000000e+01,1.600000000000000000e+01,9.950000000000000000e+02,3.320000000000000000e+02,1.000000000000000000e+03,3.440000000000000000e+02,-2.000000000000000000e+01,-5.000000000000000000e+01,4.000000000000000000e+00
-1.000000000000000000e+00,1.600000000000000000e+01,1.600000000000000000e+01,1.016000000000000000e+03,3.580000000000000000e+02,1.016000000000000000e+03,3.440000000000000000e+02,0.000000000000000000e+00,5.600000000000000000e+01,4.000000000000000000e+00
1.000000000000000000e+00,1.600000000000000000e+01,1.600000000000000000e+01,1.011000000000000000e+03,3.320000000000000000e+02,1.016000000000000000e+03,3.440000000000000000e+02,-2.000000000000000000e+01,-5.000000000000000000e+01,4.000000000000000000e+00
-1.000000000000000000e+00,1.600000000000000000e+01,1.600000000000000000e+01,1.032000000000000000e+03,3.580000000000000000e+02,1.032000000000000000e+03,3.440000000000000000e+02,0.000000000000000000e+00,5.600000000000000000e+01,4.000000000000000000e+00
1.000000000000000000e+00,1.600000000000000000e+01,1.600000000000000000e+01,1.027000000000000000e+03,3.320000000000000000e+02,1.032000000000000000e+03,3.440000000000000000e+02,-2.000000000000000000e+01,-5.000000000000000000e+01,4.000000000000000000e+00
-1.000000000000000000e+00,1.600000000000000000e+01,1.600000000000000000e+01,1.048000000000000000e+03,3.580000000000000000e+02,1.048000000000000000e+03,3.440000000000000000e+02,0.000000000000000000e+00,5.600000000000000000e+01,4.000000000000000000e+00
-1.000000000000000000e+00,1.600000000000000000e+01,1.600000000000000000e+01,1.064000000000000000e+03,3.580000000000000000e+02,1.064000000000000000e+03,3.440000000000000000e+02,0.000000000000000000e+00,5.600000000000000000e+01,4.000000000000000000e+00
-1.000000000000000000e+00,1.600000000000000000e+01,1.600000000000000000e+01,1.096000000000000000e+03,3.540000000000000000e+02,1.096000000000000000e+03,3.440000000000000000e+02,0.000000000000000000e+00,4.300000000000000000e+01,4.000000000000000000e+00
-1.000000000000000000e+00,1.600000000000000000e+01,1.600000000000000000e+01,1.112000000000000000e+03,3.610000000000000000e+02,1.112000000000000000e+03,3.440000000000000000e+02,0.000000000000000000e+00,6.800000000000000000e+01,4.000000000000000000e+00
1.000000000000000000e+00,1.600000000000000000e+01,1.600000000000000000e+01,1.128000000000000000e+03,3.320000000000000000e+02,1.128000000000000000e+03,3.440000000000000000e+02,1.000000000000000000e+00,-4.800000000000000000e+01,4.000000000000000000e+00
-1.000000000000000000e+00,8.000000000000000000e+00,1.600000000000000000e+01,1.140000000000000000e+03,3.440000000000000000e+02,1.140000000000000000e+03,3.440000000000000000e+02,0.000000000000000000e+00,0.000000000000000000e+00,4.000000000000000000e+00
-1.000000000000000000e+00,8.000000000000000000e+00,1.600000000000000000e+01,1.148000000000000000e+03,3.590000000000000000e+02,1.148000000000000000e+03,3.440000000000000000e+02,0.000000000000000000e+00,6.000000000000000000e+01,4.000000000000000000e+00
1.000000000000000000e+00,8.000000000000000000e+00,1.600000000000000000e+01,1.140000000000000000e+03,3.320000000000000000e+02,1.140000000000000000e+03,3.440000000000000000e+02,1.000000000000000000e+00,-4.800000000000000000e+01,4.000000000000000000e+00
1.000000000000000000e+00,8.000000000000000000e+00,1.600000000000000000e+01,1.148000000000000000e+03,3.440000000000000000e+02,1.148000000000000000e+03,3.440000000000000000e+02,0.000000000000000000e+00,0.000000000000000000e+00,4.000000000000000000e+00
-1.000000000000000000e+00,1.600000000000000000e+01,1.600000000000000000e+01,1.160000000000000000e+03,3.590000000000000000e+02,1.160000000000000000e+03,3.440000000000000000e+02,0.000000000000000000e+00,6.000000000000000000e+01,4.000000000000000000e+00
1.000000000000000000e+00,1.600000000000000000e+01,1.600000000000000000e+01,1.152000000000000000e+03,3.320000000000000000e+02,1.160000000000000000e+03,3.440000000000000000e+02,-3.500000000000000000e+01,-4.800000000000000000e+01,4.000000000000000000e+00
-1.000000000000000000e+00,1.600000000000000000e+01,1.600000000000000000e+01,1.176000000000000000e+03,3.440000000000000000e+02,1.176000000000000000e+03,3.440000000000000000e+02,0.000000000000000000e+00,0.000000000000000000e+00,4.000000000000000000e+00
1.000000000000000000e+00,1.600000000000000000e+01,1.600000000000000000e+01,1.176000000000000000e+03,3.440000000000000000e+02,1.176000000000000000e+03,3.440000000000000000e+02,0.000000000000000000e+00,0.000000000000000000e+00,4.000000000000000000e+00
-1.000000000000000000e+00,1.600000000000000000e+01,1.600000000000000000e+01,1.192000000000000000e+03,3.440000000000000000e+02,1.192000000000000000e+03,3.440000000000000000e+02,0.000000000000000000e+00,0.000000000000000000e+00,4.000000000000000000e+00
1.000000000000000000e+00,1.600000000000000000e+01,1.600000000000000000e+01,1.192000000000000000e+03,3.440000000000000000e+02,1.192000000000000000e+03,3.440000000000000000e+02,0.000000000000000000e+00,0.000000000000000000e+00,4.000000000000000000e+00
-1.000000000000000000e+00,1.600000000000000000e+01,1.600000000000000000e+01,1.208000000000000000e+03,3.440000000000000000e+02,1.208000000000000000e+03,3.440000000000000000e+02,0.000000000000000000e+00,0.000000000000000000e+00,4.000000000000000000e+00
1.000000000000000000e+00,1.600000000000000000e+01,1.600000000000000000e+01,1.208000000000000000e+03,3.440000000000000000e+02,1.208000000000000000e+03,3.440000000000000000e+02,0.000000000000000000e+00,0.000000000000000000e+00,4.000000000000000000e+00
-1.000000000000000000e+00,1.600000000000000000e+01,1.600000000000000000e+01,1.224000000000000000e+03,3.440000000000000000e+02,1.224000000000000000e+03,3.440000000000000000e+02,0.000000000000000000e+00,0.000000000000000000e+00,4.000000000000000000e+00
1.000000000000000000e+00,1.600000000000000000e+01,1.600000000000000000e+01,1.224000000000000000e+03,3.440000000000000000e+02,1.224000000000000000e+03,3.440000000000000000e+02,0.000000000000000000e+00,0.000000000000000000e+00,4.000000000000000000e+00
-1.000000000000000000e+00,1.600000000000000000e+01,1.600000000000000000e+01,1.240000000000000000e+03,3.440000000000000000e+02,1.240000000000000000e+03,3.440000000000000000e+02,0.000000000000000000e+00,0.000000000000000000e+00,4.000000000000000000e+00
1.000000000000000000e+00,1.600000000000000000e+01,1.600000000000000000e+01,1.240000000000000000e+03,3.440000000000000000e+02,1.240000000000000000e+03,3.440000000000000000e+02,0.000000000000000000e+00,0.000000000000000000e+00,4.000000000000000000e+00
-1.000000000000000000e+00,1.600000000000000000e+01,1.600000000000000000e+01,1.256000000000000000e+03,3.440000000000000000e+02,1.256000000000000000e+03,3.440000000000000000e+02,0.000000000000000000e+00,0.000000000000000000e+00,4.000000000000000000e+00
-1.000000000000000000e+00,1.600000000000000000e+01,1.600000000000000000e+01,1.272000000000000000e+03,3.440000000000000000e+02,1.272000000000000000e+03,3.440000000000000000e+02,0.000000000000000000e+00,0.000000000000000000e+00,4.000000000000000000e+00
1.000000000000000000e+00,1.600000000000000000e+01,1.600000000000000000e+01,3.200000000000000000e+01,3.400000000000000000e+02,8.000000000000000000e+00,3.600000000000000000e+02,9.800000000000000000e+01,-8.300000000000000000e+01,4.000000000000000000e+00
1.000000000000000000e+00,1.600000000000000000e+01,1.600000000000000000e+01,5.100000000000000000e+01,3.390000000000000000e+02,2.400000000000000000e+01,3.600000000000000000e+02,1.080000000000000000e+02,-8.400000000000000000e+01,4.000000000000000000e+00
-1.000000000000000000e+00,1.600000000000000000e+01,1.600000000000000000e+01,1.400000000000000000e+01,3.800000000000000000e+02,4.000000000000000000e+01,3.600000000000000000e+02,-1.070000000000000000e+02,8.000000000000000000e+01,4.000000000000000000e+00
-1.000000000000000000e+00,1.600000000000000000e+01,1.600000000000000000e+01,3.300000000000000000e+01,3.800000000000000000e+02,5.600000000000000000e+01,3.600000000000000000e+02,-9.300000000000000000e+01,8.000000000000000000e+01,4.000000000000000000e+00
1.000000000000000000e+00,1.600000000000000000e+01,1.600000000000000000e+01,8.100000000000000000e+01,3.390000000000000000e+02,5.600000000000000000e+01,3.600000000000000000e+02,1.000000000000000000e+02,-8.700000000000000000e+01,4.000000000000000000e+00
1.000000000000000000e+00,1.600000000000000000e+01,1.600000000000000000e+01,9.600000000000000000e+01,3.390000000000000000e+02,7.200000000000000000e+01,3.600000000000000000e+02,9.600000000000000000e+01,-8.700000000000000000e+01,4.000000000000000000e+00
-1.000000000000000000e+00,1.600000000000000000e+01,1.600000000000000000e+01,6.500000000000000000e+01,3.800000000000000000e+02,8.800000000000000000e+01,3.600000000000000000e+02,-9.200000000000000000e+01,8.000000000000000000e+01,4.000000000000000000e+00
-1.000000000000000000e+00,1.600000000000000000e+01,1.600000000000000000e+01,8.100000000000000000e+01,3.800000000000000000e+02,1.040000000000000000e+02,3.600000000000000000e+02,-9.200000000000000000e+01,8.000000000000000000e+01,4.000000000000000000e+00
1.000000000000000000e+00,1.600000000000000000e+01,1.600000000000000000e+01,1.280000000000000000e+02,3.380000000000000000e+02,1.040000000000000000e+02,3.600000000000000000e+02,9.600000000000000000e+01,-8.800000000000000000e+01,4.000000000000000000e+00
-1.000000000000000000e+00,1.600000000000000000e+01,1.600000000000000000e+01,9.700000000000000000e+01,3.800000000000000000e+02,1.200000000000000000e+02,3.600000000000000000e+02,-9.500000000000000000e+01,8.000000000000000000e+01,4.000000000000000000e+00
1.000000000000000000e+00,1.600000000000000000e+01,1.600000000000000000e+01,1.440000000000000000e+02,3.380000000000000000e+02,1.200000000000000000e+02,3.600000000000000000e+02,9.600000000000000000e+01,-8.800000000000000000e+01,4.000000000000000000e+00
-1.000000000000000000e+00,1.600000000000000000e+01,1.600000000000000000e+01,1.130000000000000000e+02,3.800000000000000000e+02,1.360000000000000000e+02,3.600000000000000000e+02,-9.500000000000000000e+01,8.000000000000000000e+01,4.000000000000000000e+00
1.000000000000000000e+00,1.600000000000000000e+01,1.600000000000000000e+01,1.600000000000000000e+02,3.430000000000000000e+02,1.360000000000000000e+02,3.600000000000000000e+02,9.600000000000000000e+01,-7.100000000000000000e+01,4.000000000000000000e+00
-1.000000000000000000e+00,1.600000000000000000e+01,1.600000000000000000e+01,1.620000000000000000e+02,3.780000000000000000e+02,1.840000000000000000e+02,3.600000000000000000e+02,-9.100000000000000000e+01,7.200000000000000000e+01,4.000000000000000000e+00
1.000000000000000000e+00,1.600000000000000000e+01,1.600000000000000000e+01,2.080000000000000000e+02,3.430000000000000000e+02,1.840000000000000000e+02,3.600000000000000000e+02,9.900000000000000000e+01,-7.100000000000000000e+01,4.000000000000000000e+00
1.000000000000000000e+00,8.000000000000000000e+00,1.600000000000000000e+01,2.210000000000000000e+02,3.430000000000000000e+02,1.960000000000000000e+02,3.600000000000000000e+02,1.000000000000000000e+02,-7.100000000000000000e+01,4.000000000000000000e+00
1.000000000000000000e+00,8.000000000000000000e+00,1.600000000000000000e+01,2.290000000000000000e+02,3.430000000000000000e+02,2.040000000000000000e+02,3.600000000000000000e+02,1.010000000000000000e+02,-7.100000000000000000e+01,4.000000000000000000e+00
-1.000000000000000000e+00,1.600000000000000000e+01,1.600000000000000000e+01,2.160000000000000000e+02,3.760000000000000000e+02,2.160000000000000000e+02,3.600000000000000000e+02,0.000000000000000000e+00,6.400000000000000000e+01,4.000000000000000000e+00
1.000000000000000000e+00,1.600000000000000000e+01,1.600000000000000000e+01,2.400000000000000000e+02,3.430000000000000000e+02,2.160000000000000000e+02,3.600000000000000000e+02,9.900000000000000000e+01,-7.100000000000000000e+01,4.000000000000000000e+00
-1.000000000000000000e+00,1.600000000000000000e+01,1.600000000000000000e+01,2.320000000000000000e+02,3.760000000000000000e+02,2.320000000000000000e+02,3.600000000000000000e+02,0.000000000000000000e+00,6.400000000000000000e+01,4.000000000000000000e+00
-1.000000000000000000e+00,1.600000000000000000e+01,1.600000000000000000e+01,2.480000000000000000e+02,3.760000000000000000e+02,2.480000000000000000e+02,3.600000000000000000e+02,0.000000000000000000e+00,6.400000000000000000e+01,4.000000000000000000e+00
1.000000000000000000e+00,1.600000000000000000e+01,1.600000000000000000e+01,2.480000000000000000e+02,3.600000000000000000e+02,2.480000000000000000e+02,3.600000000000000000e+02,0.000000000000000000e+00,0.000000000000000000e+00,4.000000000000000000e+00
-1.000000000000000000e+00,1.600000000000000000e+01,1.600000000000000000e+01,2.640000000000000000e+02,3.760000000000000000e+02,2.640000000000000000e+02,3.600000000000000000e+02,0.000000000000000000e+00,6.400000000000000000e+01,4.000000000000000000e+00
1.000000000000000000e+00,1.600000000000000000e+01,1.600000000000000000e+01,2.640000000000000000e+02,3.600000000000000000e+02,2.640000000000000000e+02,3.600000000000000000e+02,0.000000000000000000e+00,0.000000000000000000e+00,4.000000000000000000e+00
1.000000000000000000e+00,1.600000000000000000e+01,1.600000000000000000e+01,2.800000000000000000e+02,3.600000000000000000e+02,2.800000000000000000e+02,3.600000000000000000e+02,0.000000000000000000e+00,0.000000000000000000e+00,4.000000000000000000e+00
-1.000000000000000000e+00,1.600000000000000000e+01,1.600000000000000000e+01,2.740000000000000000e+02,3.760000000000000000e+02,2.960000000000000000e+02,3.600000000000000000e+02,-8.900000000000000000e+01,6.400000000000000000e+01,4.000000000000000000e+00
1.000000000000000000e+00,1.600000000000000000e+01,1.600000000000000000e+01,2.960000000000000000e+02,3.600000000000000000e+02,2.960000000000000000e+02,3.600000000000000000e+02,0.000000000000000000e+00,0.000000000000000000e+00,4.000000000000000000e+00
-1.000000000000000000e+00,1.600000000000000000e+01,8.000000000000000000e+00,2.900000000000000000e+02,3.750000000000000000e+02,3.120000000000000000e+02,3.560000000000000000e+02,-8.900000000000000000e+01,7.700000000000000000e+01,4.000000000000000000e+00
-1.000000000000000000e+00,1.600000000000000000e+01,8.000000000000000000e+00,3.120000000000000000e+02,3.640000000000000000e+02,3.120000000000000000e+02,3.640000000000000000e+02,0.000000000000000000e+00,0.000000000000000000e+00,4.000000000000000000e+00
1.000000000000000000e+00,1.600000000000000000e+01,8.000000000000000000e+00,3.120000000000000000e+02,3.560000000000000000e+02,3.120000000000000000e+02,3.560000000000000000e+02,0.000000000000000000e+00,0.000000000000000000e+00,4.000000000000000000e+00
1.000000000000000000e+00,1.600000000000000000e+01,8.000000000000000000e+00,3.120000000000000000e+02,3.640000000000000000e+02,3.120000000000000000e+02,3.640000000000000000e+02,0.000000000000000000e+00,0.000000000000000000e+00,4.000000000000000000e+00
1.000000000000000000e+00,1.600000000000000000e+01,1.600000000000000000e+01,3.490000000000000000e+02,3.410000000000000000e+02,3.280000000000000000e+02,3.600000000000000000e+02,8.500000000000000000e+01,-7.900000000000000000e+01,4.000000000000000000e+00
1.000000000000000000e+00,1.600000000000000000e+01,1.600000000000000000e+01,3.840000000000000000e+02,3.330000000000000000e+02,3.440000000000000000e+02,3.600000000000000000e+02,1.610000000000000000e+02,-1.080000000000000000e+02,4.000000000000000000e+00
1.000000000000000000e+00,1.600000000000000000e+01,1.600000000000000000e+01,4.040000000000000000e+02,3.360000000000000000e+02,3.600000000000000000e+02,3.600000000000000000e+02,1.770000000000000000e+02,-9.600000000000000000e+01,4.000000000000000000e+00
1.000000000000000000e+00,1.600000000000000000e+01,8.000000000000000000e+00,4.240000000000000000e+02,3.280000000000000000e+02,3.760000000000000000e+02,3.560000000000000000e+02,1.920000000000000000e+02,-1.120000000000000000e+02,4.000000000000000000e+00
1.000000000000000000e+00,1.600000000000000000e+01,8.000000000000000000e+00,4.210000000000000000e+02,3.400000000000000000e+02,3.760000000000000000e+02,3.640000000000000000e+02,1.800000000000000000e+02,-9.600000000000000000e+01,4.000000000000000000e+00
1.000000000000000000e+00,1.600000000000000000e+01,1.600000000000000000e+01,4.370000000000000000e+02,3.320000000000000000e+02,3.920000000000000000e+02,3.600000000000000000e+02,1.800000000000000000e+02,-1.150000000000000000e+02,4.000000000000000000e+00
1.000000000000000000e+00,1.600000000000000000e+01,1.600000000000000000e+01,4.550000000000000000e+02,3.330000000000000000e+02,4.080000000000000000e+02,3.600000000000000000e+02,1.910000000000000000e+02,-1.110000000000000000e+02,4.000000000000000000e+00
1.000000000000000000e+00,1.600000000000000000e+01,1.600000000000000000e+01,4.710000000000000000e+02,3.330000000000000000e+02,4.240000000000000000e+02,3.600000000000000000e+02,1.910000000000000000e+02,-1.110000000000000000e+02,4.000000000000000000e+00
1.000000000000000000e+00,1.600000000000000000e+01,1.600000000000000000e+01,4.840000000000000000e+02,3.360000000000000000e+02,4.400000000000000000e+02,3.600000000000000000e+02,1.770000000000000000e+02,-9.800000000000000000e+01,4.000000000000000000e+00
1.000000000000000000e+00,1.600000000000000000e+01,8.000000000000000000e+00,5.090000000000000000e+02,3.290000000000000000e+02,4.720000000000000000e+02,3.560000000000000000e+02,1.510000000000000000e+02,-1.090000000000000000e+02,4.000000000000000000e+00
1.000000000000000000e+00,1.600000000000000000e+01,8.000000000000000000e+00,5.090000000000000000e+02,3.370000000000000000e+02,4.720000000000000000e+02,3.640000000000000000e+02,1.510000000000000000e+02,-1.090000000000000000e+02,4.000000000000000000e+00
1.000000000000000000e+00,1.600000000000000000e+01,1.600000000000000000e+01,5.270000000000000000e+02,3.370000000000000000e+02,4.880000000000000000e+02,3.600000000000000000e+02,1.570000000000000000e+02,-9.300000000000000000e+01,4.000000000000000000e+00
1.000000000000000000e+00,1.600000000000000000e+01,1.600000000000000000e+01,5.430000000000000000e+02,3.370000000000000000e+02,5.040000000000000000e+02,3.600000000000000000e+02,1.570000000000000000e+02,-9.200000000000000000e+01,4.000000000000000000e+00
-1.000000000000000000e+00,1.600000000000000000e+01,1.600000000000000000e+01,4.890000000000000000e+02,3.800000000000000000e+02,5.200000000000000000e+02,3.600000000000000000e+02,-1.240000000000000000e+02,8.300000000000000000e+01,4.000000000000000000e+00
1.000000000000000000e+00,1.600000000000000000e+01,1.600000000000000000e+01,5.720000000000000000e+02,3.670000000000000000e+02,5.680000000000000000e+02,3.600000000000000000e+02,1.600000000000000000e+01,3.000000000000000000e+01,4.000000000000000000e+00
1.000000000000000000e+00,1.600000000000000000e+01,1.600000000000000000e+01,5.880000000000000000e+02,3.670000000000000000e+02,5.840000000000000000e+02,3.600000000000000000e+02,1.600000000000000000e+01,3.000000000000000000e+01,4.000000000000000000e+00
-1.000000000000000000e+00,1.600000000000000000e+01,1.600000000000000000e+01,5.900000000000000000e+02,3.730000000000000000e+02,6.000000000000000000e+02,3.600000000000000000e+02,-4.000000000000000000e+01,5.500000000000000000e+01,4.000000000000000000e+00
1.000000000000000000e+00,1.600000000000000000e+01,1.600000000000000000e+01,6.040000000000000000e+02,3.670000000000000000e+02,6.000000000000000000e+02,3.600000000000000000e+02,1.600000000000000000e+01,3.000000000000000000e+01,4.000000000000000000e+00
-1.000000000000000000e+00,1.600000000000000000e+01,1.600000000000000000e+01,6.060000000000000000e+02,3.730000000000000000e+02,6.160000000000000000e+02,3.600000000000000000e+02,-4.000000000000000000e+01,5.500000000000000000e+01,4.000000000000000000e+00
1.000000000000000000e+00,1.600000000000000000e+01,1.600000000000000000e+01,6.200000000000000000e+02,3.670000000000000000e+02,6.160000000000000000e+02,3.600000000000000000e+02,1.600000000000000000e+01,3.000000000000000000e+01,4.000000000000000000e+00
1.000000000000000000e+00,1.600000000000000000e+01,8.000000000000000000e+00,6.360000000000000000e+02,3.620000000000000000e+02,6.320000000000000000e+02,3.560000000000000000e+02,1.600000000000000000e+01,2.600000000000000000e+01,4.000000000000000000e+00
1.000000000000000000e+00,1.600000000000000000e+01,8.000000000000000000e+00,6.360000000000000000e+02,3.710000000000000000e+02,6.320000000000000000e+02,3.640000000000000000e+02,1.600000000000000000e+01,3.000000000000000000e+01,4.000000000000000000e+00
1.000000000000000000e+00,1.600000000000000000e+01,1.600000000000000000e+01,6.520000000000000000e+02,3.600000000000000000e+02,6.480000000000000000e+02,3.600000000000000000e+02,1.600000000000000000e+01,0.000000000000000000e+00,4.000000000000000000e+00
1.000000000000000000e+00,1.600000000000000000e+01,1.600000000000000000e+01,6.640000000000000000e+02,3.600000000000000000e+02,6.640000000000000000e+02,3.600000000000000000e+02,0.000000000000000000e+00,0.000000000000000000e+00,4.000000000000000000e+00
1.000000000000000000e+00,1.600000000000000000e+01,1.600000000000000000e+01,6.800000000000000000e+02,3.600000000000000000e+02,6.800000000000000000e+02,3.600000000000000000e+02,0.000000000000000000e+00,0.000000000000000000e+00,4.000000000000000000e+00
1.000000000000000000e+00,1.600000000000000000e+01,1.600000000000000000e+01,6.960000000000000000e+02,3.600000000000000000e+02,6.960000000000000000e+02,3.600000000000000000e+02,0.000000000000000000e+00,0.000000000000000000e+00,4.000000000000000000e+00
-1.000000000000000000e+00,1.600000000000000000e+01,1.600000000000000000e+01,7.120000000000000000e+02,3.650000000000000000e+02,7.120000000000000000e+02,3.600000000000000000e+02,0.000000000000000000e+00,2.200000000000000000e+01,4.000000000000000000e+00
1.000000000000000000e+00,1.600000000000000000e+01,1.600000000000000000e+01,7.120000000000000000e+02,3.500000000000000000e+02,7.120000000000000000e+02,3.600000000000000000e+02,0.000000000000000000e+00,-4.000000000000000000e+01,4.000000000000000000e+00
1.000000000000000000e+00,1.600000000000000000e+01,1.600000000000000000e+01,7.280000000000000000e+02,3.500000000000000000e+02,7.280000000000000000e+02,3.600000000000000000e+02,0.000000000000000000e+00,-4.100000000000000000e+01,4.000000000000000000e+00
1.000000000000000000e+00,1.600000000000000000e+01,1.600000000000000000e+01,7.440000000000000000e+02,3.500000000000000000e+02,7.440000000000000000e+02,3.600000000000000000e+02,-1.000000000000000000e+00,-4.000000000000000000e+01,4.000000000000000000e+00
-1.000000000000000000e+00,1.600000000000000000e+01,1.600000000000000000e+01,7.830000000000000000e+02,3.630000000000000000e+02,7.920000000000000000e+02,3.600000000000000000e+02,-3.600000000000000000e+01,1.200000000000000000e+01,4.000000000000000000e+00
-1.000000000000000000e+00,1.600000000000000000e+01,1.600000000000000000e+01,8.030000000000000000e+02,3.650000000000000000e+02,8.080000000000000000e+02,3.600000000000000000e+02,-2.100000000000000000e+01,2.100000000000000000e+01,4.000000000000000000e+00
1.000000000000000000e+00,1.600000000000000000e+01,1.600000000000000000e+01,8.500000000000000000e+02,3.540000000000000000e+02,8.400000000000000000e+02,3.600000000000000000e+02,4.000000000000000000e+01,-2.400000000000000000e+01,4.000000000000000000e+00
1.000000000000000000e+00,1.600000000000000000e+01,8.000000000000000000e+00,8.660000000000000000e+02,3.500000000000000000e+02,8.560000000000000000e+02,3.560000000000000000e+02,4.000000000000000000e+01,-2.400000000000000000e+01,4.000000000000000000e+00
1.000000000000000000e+00,1.600000000000000000e+01,8.000000000000000000e+00,8.660000000000000000e+02,3.570000000000000000e+02,8.560000000000000000e+02,3.640000000000000000e+02,4.000000000000000000e+01,-2.900000000000000000e+01,4.000000000000000000e+00
-1.000000000000000000e+00,1.600000000000000000e+01,1.600000000000000000e+01,8.610000000000000000e+02,3.690000000000000000e+02,8.720000000000000000e+02,3.600000000000000000e+02,-4.700000000000000000e+01,3.800000000000000000e+01,4.000000000000000000e+00
1.000000000000000000e+00,1.600000000000000000e+01,1.600000000000000000e+01,8.820000000000000000e+02,3.520000000000000000e+02,8.720000000000000000e+02,3.600000000000000000e+02,4.300000000000000000e+01,-3.200000000000000000e+01,4.000000000000000000e+00
1.000000000000000000e+00,1.600000000000000000e+01,1.600000000000000000e+01,8.990000000000000000e+02,3.520000000000000000e+02,8.880000000000000000e+02,3.600000000000000000e+02,4.700000000000000000e+01,-3.200000000000000000e+01,4.000000000000000000e+00
-1.000000000000000000e+00,1.600000000000000000e+01,1.600000000000000000e+01,8.880000000000000000e+02,3.790000000000000000e+02,9.040000000000000000e+02,3.600000000000000000e+02,-6.600000000000000000e+01,7.600000000000000000e+01,4.000000000000000000e+00
1.000000000000000000e+00,1.600000000000000000e+01,1.600000000000000000e+01,9.820000000000000000e+02,3.420000000000000000e+02,9.680000000000000000e+02,3.600000000000000000e+02,5.800000000000000000e+01,-7.200000000000000000e+01,4.000000000000000000e+00
-1.000000000000000000e+00,1.600000000000000000e+01,1.600000000000000000e+01,1.016000000000000000e+03,3.740000000000000000e+02,1.016000000000000000e+03,3.600000000000000000e+02,0.000000000000000000e+00,5.600000000000000000e+01,4.000000000000000000e+00
1.000000000000000000e+00,1.600000000000000000e+01,1.600000000000000000e+01,1.011000000000000000e+03,3.480000000000000000e+02,1.016000000000000000e+03,3.600000000000000000e+02,-2.000000000000000000e+01,-5.000000000000000000e+01,4.000000000000000000e+00
-1.000000000000000000e+00,1.600000000000000000e+01,1.600000000000000000e+01,1.032000000000000000e+03,3.740000000000000000e+02,1.032000000000000000e+03,3.600000000000000000e+02,0.000000000000000000e+00,5.600000000000000000e+01,4.000000000000000000e+00
-1.000000000000000000e+00,1.600000000000000000e+01,1.600000000000000000e+01,1.048000000000000000e+03,3.740000000000000000e+02,1.048000000000000000e+03,3.600000000000000000e+02,0.000000000000000000e+00,5.600000000000000000e+01,4.000000000000000000e+00
-1.000000000000000000e+00,1.600000000000000000e+01,1.600000000000000000e+01,1.064000000000000000e+03,3.740000000000000000e+02,1.064000000000000000e+03,3.600000000000000000e+02,0.000000000000000000e+00,5.600000000000000000e+01,4.000000000000000000e+00
-1.000000000000000000e+00,1.600000000000000000e+01,1.600000000000000000e+01,1.096000000000000000e+03,3.700000000000000000e+02,1.096000000000000000e+03,3.600000000000000000e+02,0.000000000000000000e+00,4.300000000000000000e+01,4.000000000000000000e+00
-1.000000000000000000e+00,1.600000000000000000e+01,1.600000000000000000e+01,1.112000000000000000e+03,3.700000000000000000e+02,1.112000000000000000e+03,3.600000000000000000e+02,0.000000000000000000e+00,4.300000000000000000e+01,4.000000000000000000e+00
1.000000000000000000e+00,1.600000000000000000e+01,1.600000000000000000e+01,1.112000000000000000e+03,3.480000000000000000e+02,1.112000000000000000e+03,3.600000000000000000e+02,1.000000000000000000e+00,-4.800000000000000000e+01,4.000000000000000000e+00
-1.000000000000000000e+00,1.600000000000000000e+01,1.600000000000000000e+01,1.128000000000000000e+03,3.700000000000000000e+02,1.128000000000000000e+03,3.600000000000000000e+02,0.000000000000000000e+00,4.300000000000000000e+01,4.000000000000000000e+00
1.000000000000000000e+00,1.600000000000000000e+01,1.600000000000000000e+01,1.128000000000000000e+03,3.480000000000000000e+02,1.128000000000000000e+03,3.600000000000000000e+02,1.000000000000000000e+00,-4.800000000000000000e+01,4.000000000000000000e+00
1.000000000000000000e+00,1.600000000000000000e+01,1.600000000000000000e+01,1.144000000000000000e+03,3.480000000000000000e+02,1.144000000000000000e+03,3.600000000000000000e+02,1.000000000000000000e+00,-4.800000000000000000e+01,4.000000000000000000e+00
-1.000000000000000000e+00,1.600000000000000000e+01,1.600000000000000000e+01,1.160000000000000000e+03,3.600000000000000000e+02,1.160000000000000000e+03,3.600000000000000000e+02,0.000000000000000000e+00,0.000000000000000000e+00,4.000000000000000000e+00
1.000000000000000000e+00,1.600000000000000000e+01,1.600000000000000000e+01,1.160000000000000000e+03,3.480000000000000000e+02,1.160000000000000000e+03,3.600000000000000000e+02,0.000000000000000000e+00,-4.800000000000000000e+01,4.000000000000000000e+00
-1.000000000000000000e+00,1.600000000000000000e+01,1.600000000000000000e+01,1.176000000000000000e+03,3.600000000000000000e+02,1.176000000000000000e+03,3.600000000000000000e+02,0.000000000000000000e+00,0.000000000000000000e+00,4.000000000000000000e+00
-1.000000000000000000e+00,1.600000000000000000e+01,1.600000000000000000e+01,1.192000000000000000e+03,3.600000000000000000e+02,1.192000000000000000e+03,3.600000000000000000e+02,0.000000000000000000e+00,0.000000000000000000e+00,4.000000000000000000e+00
-1.000000000000000000e+00,1.600000000000000000e+01,1.600000000000000000e+01,1.208000000000000000e+03,3.600000000000000000e+02,1.208000000000000000e+03,3.600000000000000000e+02,0.000000000000000000e+00,0.000000000000000000e+00,4.000000000000000000e+00
1.000000000000000000e+00,1.600000000000000000e+01,1.600000000000000000e+01,1.208000000000000000e+03,3.600000000000000000e+02,1.208000000000000000e+03,3.600000000000000000e+02,0.000000000000000000e+00,0.000000000000000000e+00,4.000000000000000000e+00
-1.000000000000000000e+00,1.600000000000000000e+01,1.600000000000000000e+01,1.224000000000000000e+03,3.600000000000000000e+02,1.224000000000000000e+03,3.600000000000000000e+02,0.000000000000000000e+00,0.000000000000000000e+00,4.000000000000000000e+00
1.000000000000000000e+00,1.600000000000000000e+01,1.600000000000000000e+01,1.224000000000000000e+03,3.600000000000000000e+02,1.224000000000000000e+03,3.600000000000000000e+02,0.000000000000000000e+00,0.000000000000000000e+00,4.000000000000000000e+00
-1.000000000000000000e+00,1.600000000000000000e+01,1.600000000000000000e+01,1.240000000000000000e+03,3.600000000000000000e+02,1.240000000000000000e+03,3.600000000000000000e+02,0.000000000000000000e+00,0.000000000000000000e+00,4.000000000000000000e+00
1.000000000000000000e+00,1.600000000000000000e+01,1.600000000000000000e+01,1.240000000000000000e+03,3.600000000000000000e+02,1.240000000000000000e+03,3.600000000000000000e+02,0.000000000000000000e+00,0.000000000000000000e+00,4.000000000000000000e+00
-1.000000000000000000e+00,1.600000000000000000e+01,1.600000000000000000e+01,1.256000000000000000e+03,3.600000000000000000e+02,1.256000000000000000e+03,3.600000000000000000e+02,0.000000000000000000e+00,0.000000000000000000e+00,4.000000000000000000e+00
1.000000000000000000e+00,1.600000000000000000e+01,1.600000000000000000e+01,1.256000000000000000e+03,3.600000000000000000e+02,1.256000000000000000e+03,3.600000000000000000e+02,0.000000000000000000e+00,0.000000000000000000e+00,4.000000000000000000e+00
-1.000000000000000000e+00,1.600000000000000000e+01,1.600000000000000000e+01,1.272000000000000000e+03,3.600000000000000000e+02,1.272000000000000000e+03,3.600000000000000000e+02,0.000000000000000000e+00,0.000000000000000000e+00,4.000000000000000000e+00
1.000000000000000000e+00,1.600000000000000000e+01,1.600000000000000000e+01,1.272000000000000000e+03,3.600000000000000000e+02,1.272000000000000000e+03,3.600000000000000000e+02,0.000000000000000000e+00,0.000000000000000000e+00,4.000000000000000000e+00
1.000000000000000000e+00,1.600000000000000000e+01,1.600000000000000000e+01,5.100000000000000000e+01,3.550000000000000000e+02,2.400000000000000000e+01,3.760000000000000000e+02,1.080000000000000000e+02,-8.400000000000000000e+01,4.000000000000000000e+00
-1.000000000000000000e+00,1.600000000000000000e+01,1.600000000000000000e+01,3.300000000000000000e+01,3.960000000000000000e+02,5.600000000000000000e+01,3.760000000000000000e+02,-9.300000000000000000e+01,8.000000000000000000e+01,4.000000000000000000e+00
1.000000000000000000e+00,1.600000000000000000e+01,1.600000000000000000e+01,8.000000000000000000e+01,3.550000000000000000e+02,5.600000000000000000e+01,3.760000000000000000e+02,9.600000000000000000e+01,-8.700000000000000000e+01,4.000000000000000000e+00
-1.000000000000000000e+00,1.600000000000000000e+01,1.600000000000000000e+01,4.900000000000000000e+01,3.960000000000000000e+02,7.200000000000000000e+01,3.760000000000000000e+02,-9.200000000000000000e+01,8.000000000000000000e+01,4.000000000000000000e+00
1.000000000000000000e+00,1.600000000000000000e+01,1.600000000000000000e+01,9.600000000000000000e+01,3.550000000000000000e+02,7.200000000000000000e+01,3.760000000000000000e+02,9.600000000000000000e+01,-8.700000000000000000e+01,4.000000000000000000e+00
-1.000000000000000000e+00,1.600000000000000000e+01,1.600000000000000000e+01,6.500000000000000000e+01,3.960000000000000000e+02,8.800000000000000000e+01,3.760000000000000000e+02,-9.200000000000000000e+01,8.000000000000000000e+01,4.000000000000000000e+00
1.000000000000000000e+00,1.600000000000000000e+01,1.600000000000000000e+01,1.120000000000000000e+02,3.550000000000000000e+02,8.800000000000000000e+01,3.760000000000000000e+02,9.600000000000000000e+01,-8.700000000000000000e+01,4.000000000000000000e+00
-1.000000000000000000e+00,1.600000000000000000e+01,1.600000000000000000e+01,9.700000000000000000e+01,3.960000000000000000e+02,1.200000000000000000e+02,3.760000000000000000e+02,-9.500000000000000000e+01,8.000000000000000000e+01,4.000000000000000000e+00
1.000000000000000000e+00,1.600000000000000000e+01,1.600000000000000000e+01,1.440000000000000000e+02,3.590000000000000000e+02,1.200000000000000000e+02,3.760000000000000000e+02,9.600000000000000000e+01,-7.100000000000000000e+01,4.000000000000000000e+00
1.000000000000000000e+00,1.600000000000000000e+01,1.600000000000000000e+01,1.600000000000000000e+02,3.540000000000000000e+02,1.360000000000000000e+02,3.760000000000000000e+02,9.600000000000000000e+01,-8.800000000000000000e+01,4.000000000000000000e+00
1.000000000000000000e+00,1.600000000000000000e+01,1.600000000000000000e+01,1.760000000000000000e+02,3.540000000000000000e+02,1.520000000000000000e+02,3.760000000000000000e+02,9.600000000000000000e+01,-8.800000000000000000e+01,4.000000000000000000e+00
-1.000000000000000000e+00,8.000000000000000000e+00,1.600000000000000000e+01,1.640000000000000000e+02,3.760000000000000000e+02,1.640000000000000000e+02,3.760000000000000000e+02,0.000000000000000000e+00,0.000000000000000000e+00,4.000000000000000000e+00
-1.000000000000000000e+00,8.000000000000000000e+00,1.600000000000000000e+01,1.500000000000000000e+02,3.930000000000000000e+02,1.720000000000000000e+02,3.760000000000000000e+02,-9.100000000000000000e+01,7.100000000000000000e+01,4.000000000000000000e+00
1.000000000000000000e+00,8.000000000000000000e+00,1.600000000000000000e+01,1.880000000000000000e+02,3.540000000000000000e+02,1.640000000000000000e+02,3.760000000000000000e+02,9.600000000000000000e+01,-8.900000000000000000e+01,4.000000000000000000e+00
1.000000000000000000e+00,8.000000000000000000e+00,1.600000000000000000e+01,1.720000000000000000e+02,3.760000000000000000e+02,1.720000000000000000e+02,3.760000000000000000e+02,0.000000000000000000e+00,0.000000000000000000e+00,4.000000000000000000e+00
-1.000000000000000000e+00,1.600000000000000000e+01,1.600000000000000000e+01,1.620000000000000000e+02,3.930000000000000000e+02,1.840000000000000000e+02,3.760000000000000000e+02,-9.100000000000000000e+01,7.100000000000000000e+01,4.000000000000000000e+00
1.000000000000000000e+00,1.600000000000000000e+01,1.600000000000000000e+01,2.080000000000000000e+02,3.590000000000000000e+02,1.840000000000000000e+02,3.760000000000000000e+02,9.900000000000000000e+01,-7.100000000000000000e+01,4.000000000000000000e+00
1.000000000000000000e+00,1.600000000000000000e+01,1.600000000000000000e+01,2.250000000000000000e+02,3.590000000000000000e+02,2.000000000000000000e+02,3.760000000000000000e+02,1.000000000000000000e+02,-7.100000000000000000e+01,4.000000000000000000e+00
-1.000000000000000000e+00,1.600000000000000000e+01,1.600000000000000000e+01,2.160000000000000000e+02,3.920000000000000000e+02,2.160000000000000000e+02,3.760000000000000000e+02,0.000000000000000000e+00,6.400000000000000000e+01,4.000000000000000000e+00
1.000000000000000000e+00,1.600000000000000000e+01,1.600000000000000000e+01,2.400000000000000000e+02,3.590000000000000000e+02,2.160000000000000000e+02,3.760000000000000000e+02,9.900000000000000000e+01,-7.100000000000000000e+01,4.000000000000000000e+00
-1.000000000000000000e+00,1.600000000000000000e+01,1.600000000000000000e+01,2.320000000000000000e+02,3.920000000000000000e+02,2.320000000000000000e+02,3.760000000000000000e+02,0.000000000000000000e+00,6.400000000000000000e+01,4.000000000000000000e+00
-1.000000000000000000e+00,1.600000000000000000e+01,1.600000000000000000e+01,2.480000000000000000e+02,3.920000000000000000e+02,2.480000000000000000e+02,3.760000000000000000e+02,0.000000000000000000e+00,6.400000000000000000e+01,4.000000000000000000e+00
1.000000000000000000e+00,1.600000000000000000e+01,1.600000000000000000e+01,2.480000000000000000e+02,3.760000000000000000e+02,2.480000000000000000e+02,3.760000000000000000e+02,0.000000000000000000e+00,0.000000000000000000e+00,4.000000000000000000e+00
-1.000000000000000000e+00,1.600000000000000000e+01,1.600000000000000000e+01,2.640000000000000000e+02,3.760000000000000000e+02,2.640000000000000000e+02,3.760000000000000000e+02,0.000000000000000000e+00,0.000000000000000000e+00,4.000000000000000000e+00
1.000000000000000000e+00,1.600000000000000000e+01,1.600000000000000000e+01,2.640000000000000000e+02,3.760000000000000000e+02,2.640000000000000000e+02,3.760000000000000000e+02,0.000000000000000000e+00,0.000000000000000000e+00,4.000000000000000000e+00
1.000000000000000000e+00,1.600000000000000000e+01,1.600000000000000000e+01,2.800000000000000000e+02,3.760000000000000000e+02,2.800000000000000000e+02,3.760000000000000000e+02,0.000000000000000000e+00,0.000000000000000000e+00,4.000000000000000000e+00
-1.000000000000000000e+00,1.600000000000000000e+01,1.600000000000000000e+01,2.740000000000000000e+02,3.920000000000000000e+02,2.960000000000000000e+02,3.760000000000000000e+02,-8.900000000000000000e+01,6.400000000000000000e+01,4.000000000000000000e+00
1.000000000000000000e+00,1.600000000000000000e+01,1.600000000000000000e+01,2.960000000000000000e+02,3.760000000000000000e+02,2.960000000000000000e+02,3.760000000000000000e+02,0.000000000000000000e+00,0.000000000000000000e+00,4.000000000000000000e+00
1.000000000000000000e+00,1.600000000000000000e+01,1.600000000000000000e+01,3.120000000000000000e+02,3.760000000000000000e+02,3.120000000000000000e+02,3.760000000000000000e+02,0.000000000000000000e+00,0.000000000000000000e+00,4.000000000000000000e+00
1.000000000000000000e+00,1.600000000000000000e+01,1.600000000000000000e+01,3.490000000000000000e+02,3.570000000000000000e+02,3.280000000000000000e+02,3.760000000000000000e+02,8.500000000000000000e+01,-7.900000000000000000e+01,4.000000000000000000e+00
1.000000000000000000e+00,1.600000000000000000e+01,1.600000000000000000e+01,3.830000000000000000e+02,3.480000000000000000e+02,3.440000000000000000e+02,3.760000000000000000e+02,1.570000000000000000e+02,-1.150000000000000000e+02,4.000000000000000000e+00
1.000000000000000000e+00,1.600000000000000000e+01,1.600000000000000000e+01,4.050000000000000000e+02,3.460000000000000000e+02,3.600000000000000000e+02,3.760000000000000000e+02,1.800000000000000000e+02,-1.200000000000000000e+02,4.000000000000000000e+00
1.000000000000000000e+00,1.600000000000000000e+01,1.600000000000000000e+01,4.210000000000000000e+02,3.480000000000000000e+02,3.760000000000000000e+02,3.760000000000000000e+02,1.800000000000000000e+02,-1.150000000000000000e+02,4.000000000000000000e+00
1.000000000000000000e+00,1.600000000000000000e+01,1.600000000000000000e+01,4.370000000000000000e+02,3.480000000000000000e+02,3.920000000000000000e+02,3.760000000000000000e+02,1.800000000000000000e+02,-1.150000000000000000e+02,4.000000000000000000e+00
1.000000000000000000e+00,1.600000000000000000e+01,1.600000000000000000e+01,4.550000000000000000e+02,3.490000000000000000e+02,4.080000000000000000e+02,3.760000000000000000e+02,1.910000000000000000e+02,-1.110000000000000000e+02,4.000000000000000000e+00
1.000000000000000000e+00,1.600000000000000000e+01,8.000000000000000000e+00,4.710000000000000000e+02,3.460000000000000000e+02,4.240000000000000000e+02,3.720000000000000000e+02,1.910000000000000000e+02,-1.060000000000000000e+02,4.000000000000000000e+00
1.000000000000000000e+00,1.600000000000000000e+01,8.000000000000000000e+00,4.710000000000000000e+02,3.530000000000000000e+02,4.240000000000000000e+02,3.800000000000000000e+02,1.910000000000000000e+02,-1.110000000000000000e+02,4.000000000000000000e+00
1.000000000000000000e+00,1.600000000000000000e+01,1.600000000000000000e+01,4.780000000000000000e+02,3.520000000000000000e+02,4.400000000000000000e+02,3.760000000000000000e+02,1.540000000000000000e+02,-9.800000000000000000e+01,4.000000000000000000e+00
1.000000000000000000e+00,1.600000000000000000e+01,1.600000000000000000e+01,5.100000000000000000e+02,3.530000000000000000e+02,4.720000000000000000e+02,3.760000000000000000e+02,1.550000000000000000e+02,-9.300000000000000000e+01,4.000000000000000000e+00
1.000000000000000000e+00,1.600000000000000000e+01,1.600000000000000000e+01,5.270000000000000000e+02,3.530000000000000000e+02,4.880000000000000000e+02,3.760000000000000000e+02,1.570000000000000000e+02,-9.300000000000000000e+01,4.000000000000000000e+00
1.000000000000000000e+00,1.600000000000000000e+01,1.600000000000000000e+01,5.430000000000000000e+02,3.530000000000000000e+02,5.040000000000000000e+02,3.760000000000000000e+02,1.570000000000000000e+02,-9.200000000000000000e+01,4.000000000000000000e+00
-1.000000000000000000e+00,1.600000000000000000e+01,1.600000000000000000e+01,4.900000000000000000e+02,3.970000000000000000e+02,5.200000000000000000e+02,3.760000000000000000e+02,-1.200000000000000000e+02,8.700000000000000000e+01,4.000000000000000000e+00
-1.000000000000000000e+00,8.000000000000000000e+00,1.600000000000000000e+01,5.580000000000000000e+02,3.760000000000000000e+02,5.640000000000000000e+02,3.760000000000000000e+02,-2.400000000000000000e+01,0.000000000000000000e+00,4.000000000000000000e+00
-1.000000000000000000e+00,8.000000000000000000e+00,1.600000000000000000e+01,5.660000000000000000e+02,3.760000000000000000e+02,5.720000000000000000e+02,3.760000000000000000e+02,-2.400000000000000000e+01,0.000000000000000000e+00,4.000000000000000000e+00
-1.000000000000000000e+00,1.600000000000000000e+01,1.600000000000000000e+01,5.900000000000000000e+02,3.890000000000000000e+02,6.000000000000000000e+02,3.760000000000000000e+02,-4.000000000000000000e+01,5.500000000000000000e+01,4.000000000000000000e+00
-1.000000000000000000e+00,1.600000000000000000e+01,1.600000000000000000e+01,6.060000000000000000e+02,3.890000000000000000e+02,6.160000000000000000e+02,3.760000000000000000e+02,-4.100000000000000000e+01,5.500000000000000000e+01,4.000000000000000000e+00
-1.000000000000000000e+00,1.600000000000000000e+01,1.600000000000000000e+01,6.220000000000000000e+02,3.890000000000000000e+02,6.320000000000000000e+02,3.760000000000000000e+02,-4.100000000000000000e+01,5.500000000000000000e+01,4.000000000000000000e+00
1.000000000000000000e+00,1.600000000000000000e+01,1.600000000000000000e+01,6.360000000000000000e+02,3.760000000000000000e+02,6.320000000000000000e+02,3.760000000000000000e+02,1.600000000000000000e+01,0.000000000000000000e+00,4.000000000000000000e+00
-1.000000000000000000e+00,1.600000000000000000e+01,1.600000000000000000e+01,6.380000000000000000e+02,3.890000000000000000e+02,6.480000000000000000e+02,3.760000000000000000e+02,-4.100000000000000000e+01,5.500000000000000000e+01,4.000000000000000000e+00
1.000000000000000000e+00,1.600000000000000000e+01,1.600000000000000000e+01,6.520000000000000000e+02,3.760000000000000000e+02,6.480000000000000000e+02,3.760000000000000000e+02,1.600000000000000000e+01,0.000000000000000000e+00,4.000000000000000000e+00
-1.000000000000000000e+00,1.600000000000000000e+01,1.600000000000000000e+01,6.540000000000000000e+02,3.890000000000000000e+02,6.640000000000000000e+02,3.760000000000000000e+02,-4.100000000000000000e+01,5.500000000000000000e+01,4.000000000000000000e+00
1.000000000000000000e+00,1.600000000000000000e+01,1.600000000000000000e+01,6.640000000000000000e+02,3.760000000000000000e+02,6.640000000000000000e+02,3.760000000000000000e+02,0.000000000000000000e+00,0.000000000000000000e+00,4.000000000000000000e+00
-1.000000000000000000e+00,1.600000000000000000e+01,1.600000000000000000e+01,6.700000000000000000e+02,3.890000000000000000e+02,6.800000000000000000e+02,3.760000000000000000e+02,-4.100000000000000000e+01,5.500000000000000000e+01,4.000000000000000000e+00
1.000000000000000000e+00,1.600000000000000000e+01,1.600000000000000000e+01,6.800000000000000000e+02,3.760000000000000000e+02,6.800000000000000000e+02,3.760000000000000000e+02,0.000000000000000000e+00,0.000000000000000000e+00,4.000000000000000000e+00
1.000000000000000000e+00,1.600000000000000000e+01,1.600000000000000000e+01,7.120000000000000000e+02,3.760000000000000000e+02,7.120000000000000000e+02,3.760000000000000000e+02,0.000000000000000000e+00,0.000000000000000000e+00,4.000000000000000000e+00
-1.000000000000000000e+00,1.600000000000000000e+01,8.000000000000000000e+00,7.280000000000000000e+02,3.720000000000000000e+02,7.280000000000000000e+02,3.720000000000000000e+02,0.000000000000000000e+00,0.000000000000000000e+00,4.000000000000000000e+00
-1.000000000000000000e+00,1.600000000000000000e+01,8.000000000000000000e+00,7.280000000000000000e+02,3.800000000000000000e+02,7.280000000000000000e+02,3.800000000000000000e+02,0.000000000000000000e+00,0.000000000000000000e+00,4.000000000000000000e+00
1.000000000000000000e+00,1.600000000000000000e+01,8.000000000000000000e+00,7.280000000000000000e+02,3.720000000000000000e+02,7.280000000000000000e+02,3.720000000000000000e+02,0.000000000000000000e+00,0.000000000000000000e+00,4.000000000000000000e+00
1.000000000000000000e+00,1.600000000000000000e+01,8.000000000000000000e+00,7.280000000000000000e+02,3.800000000000000000e+02,7.280000000000000000e+02,3.800000000000000000e+02,0.000000000000000000e+00,0.000000000000000000e+00,4.000000000000000000e+00
1.000000000000000000e+00,1.600000000000000000e+01,1.600000000000000000e+01,7.440000000000000000e+02,3.660000000000000000e+02,7.440000000000000000e+02,3.760000000000000000e+02,-1.000000000000000000e+00,-4.000000000000000000e+01,4.000000000000000000e+00
-1.000000000000000000e+00,1.600000000000000000e+01,1.600000000000000000e+01,7.600000000000000000e+02,3.840000000000000000e+02,7.600000000000000000e+02,3.760000000000000000e+02,0.000000000000000000e+00,3.200000000000000000e+01,4.000000000000000000e+00
1.000000000000000000e+00,1.600000000000000000e+01,1.600000000000000000e+01,7.600000000000000000e+02,3.660000000000000000e+02,7.600000000000000000e+02,3.760000000000000000e+02,1.000000000000000000e+00,-4.000000000000000000e+01,4.000000000000000000e+00
-1.000000000000000000e+00,1.600000000000000000e+01,1.600000000000000000e+01,7.760000000000000000e+02,3.790000000000000000e+02,7.760000000000000000e+02,3.760000000000000000e+02,0.000000000000000000e+00,1.200000000000000000e+01,4.000000000000000000e+00
1.000000000000000000e+00,1.600000000000000000e+01,1.600000000000000000e+01,7.760000000000000000e+02,3.660000000000000000e+02,7.760000000000000000e+02,3.760000000000000000e+02,1.000000000000000000e+00,-4.000000000000000000e+01,4.000000000000000000e+00
1.000000000000000000e+00,1.600000000000000000e+01,8.000000000000000000e+00,8.120000000000000000e+02,3.620000000000000000e+02,7.920000000000000000e+02,3.720000000000000000e+02,8.200000000000000000e+01,-4.000000000000000000e+01,4.000000000000000000e+00
1.000000000000000000e+00,1.600000000000000000e+01,8.000000000000000000e+00,7.920000000000000000e+02,3.700000000000000000e+02,7.920000000000000000e+02,3.800000000000000000e+02,1.000000000000000000e+00,-4.000000000000000000e+01,4.000000000000000000e+00
-1.000000000000000000e+00,1.600000000000000000e+01,1.600000000000000000e+01,7.940000000000000000e+02,3.860000000000000000e+02,8.080000000000000000e+02,3.760000000000000000e+02,-5.900000000000000000e+01,4.000000000000000000e+01,4.000000000000000000e+00
-1.000000000000000000e+00,1.600000000000000000e+01,1.600000000000000000e+01,8.080000000000000000e+02,3.900000000000000000e+02,8.240000000000000000e+02,3.760000000000000000e+02,-6.400000000000000000e+01,5.600000000000000000e+01,4.000000000000000000e+00
1.000000000000000000e+00,1.600000000000000000e+01,1.600000000000000000e+01,8.500000000000000000e+02,3.680000000000000000e+02,8.400000000000000000e+02,3.760000000000000000e+02,4.000000000000000000e+01,-3.300000000000000000e+01,4.000000000000000000e+00
-1.000000000000000000e+00,1.600000000000000000e+01,1.600000000000000000e+01,8.450000000000000000e+02,3.850000000000000000e+02,8.560000000000000000e+02,3.760000000000000000e+02,-4.700000000000000000e+01,3.800000000000000000e+01,4.000000000000000000e+00
1.000000000000000000e+00,1.600000000000000000e+01,1.600000000000000000e+01,8.660000000000000000e+02,3.680000000000000000e+02,8.560000000000000000e+02,3.760000000000000000e+02,4.000000000000000000e+01,-3.200000000000000000e+01,4.000000000000000000e+00
1.000000000000000000e+00,1.600000000000000000e+01,1.600000000000000000e+01,8.820000000000000000e+02,3.680000000000000000e+02,8.720000000000000000e+02,3.760000000000000000e+02,4.300000000000000000e+01,-3.200000000000000000e+01,4.000000000000000000e+00
1.000000000000000000e+00,1.600000000000000000e+01,1.600000000000000000e+01,9.000000000000000000e+02,3.680000000000000000e+02,8.880000000000000000e+02,3.760000000000000000e+02,4.800000000000000000e+01,-3.200000000000000000e+01,4.000000000000000000e+00
1.000000000000000000e+00,1.600000000000000000e+01,1.600000000000000000e+01,9.220000000000000000e+02,3.630000000000000000e+02,9.040000000000000000e+02,3.760000000000000000e+02,7.500000000000000000e+01,-5.500000000000000000e+01,4.000000000000000000e+00
1.000000000000000000e+00,1.600000000000000000e+01,1.600000000000000000e+01,9.380000000000000000e+02,3.630000000000000000e+02,9.200000000000000000e+02,3.760000000000000000e+02,7.500000000000000000e+01,-5.500000000000000000e+01,4.000000000000000000e+00
1.000000000000000000e+00,1.600000000000000000e+01,1.600000000000000000e+01,9.660000000000000000e+02,3.580000000000000000e+02,9.520000000000000000e+02,3.760000000000000000e+02,5.800000000000000000e+01,-7.200000000000000000e+01,4.000000000000000000e+00
1.000000000000000000e+00,1.600000000000000000e+01,1.600000000000000000e+01,9.820000000000000000e+02,3.580000000000000000e+02,9.680000000000000000e+02,3.760000000000000000e+02,5.800000000000000000e+01,-7.200000000000000000e+01,4.000000000000000000e+00
-1.000000000000000000e+00,1.600000000000000000e+01,1.600000000000000000e+01,9.950000000000000000e+02,3.950000000000000000e+02,1.016000000000000000e+03,3.760000000000000000e+02,-8.400000000000000000e+01,7.600000000000000000e+01,4.000000000000000000e+00
1.000000000000000000e+00,1.600000000000000000e+01,1.600000000000000000e+01,1.122000000000000000e+03,3.640000000000000000e+02,1.096000000000000000e+03,3.760000000000000000e+02,1.040000000000000000e+02,-4.900000000000000000e+01,4.000000000000000000e+00
-1.000000000000000000e+00,1.600000000000000000e+01,1.600000000000000000e+01,1.128000000000000000e+03,3.860000000000000000e+02,1.128000000000000000e+03,3.760000000000000000e+02,0.000000000000000000e+00,4.300000000000000000e+01,4.000000000000000000e+00
1.000000000000000000e+00,1.600000000000000000e+01,1.600000000000000000e+01,1.128000000000000000e+03,3.640000000000000000e+02,1.128000000000000000e+03,3.760000000000000000e+02,1.000000000000000000e+00,-4.800000000000000000e+01,4.000000000000000000e+00
1.000000000000000000e+00,1.600000000000000000e+01,1.600000000000000000e+01,1.144000000000000000e+03,3.610000000000000000e+02,1.144000000000000000e+03,3.760000000000000000e+02,2.000000000000000000e+00,-6.200000000000000000e+01,4.000000000000000000e+00
-1.000000000000000000e+00,1.600000000000000000e+01,1.600000000000000000e+01,1.176000000000000000e+03,3.970000000000000000e+02,1.176000000000000000e+03,3.760000000000000000e+02,0.000000000000000000e+00,8.400000000000000000e+01,4.000000000000000000e+00
-1.000000000000000000e+00,1.600000000000000000e+01,1.600000000000000000e+01,1.192000000000000000e+03,3.960000000000000000e+02,1.192000000000000000e+03,3.760000000000000000e+02,0.000000000000000000e+00,8.300000000000000000e+01,4.000000000000000000e+00
-1.000000000000000000e+00,1.600000000000000000e+01,1.600000000000000000e+01,1.208000000000000000e+03,3.960000000000000000e+02,1.208000000000000000e+03,3.760000000000000000e+02,0.000000000000000000e+00,8.300000000000000000e+01,4.000000000000000000e+00
-1.000000000000000000e+00,1.600000000000000000e+01,1.600000000000000000e+01,1.224000000000000000e+03,3.780000000000000000e+02,1.224000000000000000e+03,3.760000000000000000e+02,0.000000000000000000e+00,8.000000000000000000e+00,4.000000000000000000e+00
-1.000000000000000000e+00,1.600000000000000000e+01,1.600000000000000000e+01,1.256000000000000000e+03,3.760000000000000000e+02,1.256000000000000000e+03,3.760000000000000000e+02,0.000000000000000000e+00,0.000000000000000000e+00,4.000000000000000000e+00
1.000000000000000000e+00,1.600000000000000000e+01,1.600000000000000000e+01,1.256000000000000000e+03,3.760000000000000000e+02,1.256000000000000000e+03,3.760000000000000000e+02,0.000000000000000000e+00,0.000000000000000000e+00,4.000000000000000000e+00
-1.000000000000000000e+00,1.600000000000000000e+01,1.600000000000000000e+01,1.272000000000000000e+03,3.760000000000000000e+02,1.272000000000000000e+03,3.760000000000000000e+02,0.000000000000000000e+00,0.000000000000000000e+00,4.000000000000000000e+00
1.000000000000000000e+00,1.600000000000000000e+01,1.600000000000000000e+01,1.272000000000000000e+03,3.760000000000000000e+02,1.272000000000000000e+03,3.760000000000000000e+02,0.000000000000000000e+00,0.000000000000000000e+00,4.000000000000000000e+00
1.000000000000000000e+00,1.600000000000000000e+01,1.600000000000000000e+01,3.500000000000000000e+01,3.710000000000000000e+02,8.000000000000000000e+00,3.920000000000000000e+02,1.080000000000000000e+02,-8.400000000000000000e+01,4.000000000000000000e+00
1.000000000000000000e+00,1.600000000000000000e+01,1.600000000000000000e+01,5.100000000000000000e+01,3.710000000000000000e+02,2.400000000000000000e+01,3.920000000000000000e+02,1.080000000000000000e+02,-8.400000000000000000e+01,4.000000000000000000e+00
-1.000000000000000000e+00,1.600000000000000000e+01,1.600000000000000000e+01,1.700000000000000000e+01,4.120000000000000000e+02,4.000000000000000000e+01,3.920000000000000000e+02,-9.300000000000000000e+01,8.000000000000000000e+01,4.000000000000000000e+00
1.000000000000000000e+00,1.600000000000000000e+01,1.600000000000000000e+01,6.400000000000000000e+01,3.710000000000000000e+02,4.000000000000000000e+01,3.920000000000000000e+02,9.600000000000000000e+01,-8.400000000000000000e+01,4.000000000000000000e+00
-1.000000000000000000e+00,1.600000000000000000e+01,1.600000000000000000e+01,3.300000000000000000e+01,4.120000000000000000e+02,5.600000000000000000e+01,3.920000000000000000e+02,-9.300000000000000000e+01,8.000000000000000000e+01,4.000000000000000000e+00
1.000000000000000000e+00,1.600000000000000000e+01,1.600000000000000000e+01,8.000000000000000000e+01,3.710000000000000000e+02,5.600000000000000000e+01,3.920000000000000000e+02,9.600000000000000000e+01,-8.700000000000000000e+01,4.000000000000000000e+00
-1.000000000000000000e+00,1.600000000000000000e+01,1.600000000000000000e+01,4.900000000000000000e+01,4.120000000000000000e+02,7.200000000000000000e+01,3.920000000000000000e+02,-9.200000000000000000e+01,8.000000000000000000e+01,4.000000000000000000e+00
-1.000000000000000000e+00,1.600000000000000000e+01,1.600000000000000000e+01,6.500000000000000000e+01,4.120000000000000000e+02,8.800000000000000000e+01,3.920000000000000000e+02,-9.200000000000000000e+01,8.000000000000000000e+01,4.000000000000000000e+00
1.000000000000000000e+00,1.600000000000000000e+01,1.600000000000000000e+01,1.120000000000000000e+02,3.710000000000000000e+02,8.800000000000000000e+01,3.920000000000000000e+02,9.600000000000000000e+01,-8.700000000000000000e+01,4.000000000000000000e+00
-1.000000000000000000e+00,1.600000000000000000e+01,1.600000000000000000e+01,8.100000000000000000e+01,4.120000000000000000e+02,1.040000000000000000e+02,3.920000000000000000e+02,-9.200000000000000000e+01,8.000000000000000000e+01,4.000000000000000000e+00
1.000000000000000000e+00,1.600000000000000000e+01,1.600000000000000000e+01,1.280000000000000000e+02,3.750000000000000000e+02,1.040000000000000000e+02,3.920000000000000000e+02,9.600000000000000000e+01,-7.100000000000000000e+01,4.000000000000000000e+00
-1.000000000000000000e+00,1.600000000000000000e+01,1.600000000000000000e+01,9.900000000000000000e+01,4.120000000000000000e+02,1.200000000000000000e+02,3.920000000000000000e+02,-8.600000000000000000e+01,8.000000000000000000e+01,4.000000000000000000e+00
1.000000000000000000e+00,1.600000000000000000e+01,1.600000000000000000e+01,1.600000000000000000e+02,3.740000000000000000e+02,1.360000000000000000e+02,3.920000000000000000e+02,9.600000000000000000e+01,-7.500000000000000000e+01,4.000000000000000000e+00
1.000000000000000000e+00,1.600000000000000000e+01,1.600000000000000000e+01,1.760000000000000000e+02,3.700000000000000000e+02,1.520000000000000000e+02,3.920000000000000000e+02,9.600000000000000000e+01,-8.800000000000000000e+01,4.000000000000000000e+00
-1.000000000000000000e+00,1.600000000000000000e+01,1.600000000000000000e+01,1.460000000000000000e+02,4.090000000000000000e+02,1.680000000000000000e+02,3.920000000000000000e+02,-9.100000000000000000e+01,7.100000000000000000e+01,4.000000000000000000e+00
1.000000000000000000e+00,1.600000000000000000e+01,1.600000000000000000e+01,1.920000000000000000e+02,3.700000000000000000e+02,1.680000000000000000e+02,3.920000000000000000e+02,9.600000000000000000e+01,-8.800000000000000000e+01,4.000000000000000000e+00
-1.000000000000000000e+00,1.600000000000000000e+01,1.600000000000000000e+01,1.620000000000000000e+02,4.090000000000000000e+02,1.840000000000000000e+02,3.920000000000000000e+02,-9.100000000000000000e+01,7.100000000000000000e+01,4.000000000000000000e+00
1.000000000000000000e+00,1.600000000000000000e+01,1.600000000000000000e+01,2.080000000000000000e+02,3.750000000000000000e+02,1.840000000000000000e+02,3.920000000000000000e+02,9.900000000000000000e+01,-7.100000000000000000e+01,4.000000000000000000e+00
-1.000000000000000000e+00,1.600000000000000000e+01,1.600000000000000000e+01,1.770000000000000000e+02,4.090000000000000000e+02,2.000000000000000000e+02,3.920000000000000000e+02,-9.400000000000000000e+01,7.000000000000000000e+01,4.000000000000000000e+00
-1.000000000000000000e+00,1.600000000000000000e+01,1.600000000000000000e+01,2.160000000000000000e+02,4.080000000000000000e+02,2.160000000000000000e+02,3.920000000000000000e+02,0.000000000000000000e+00,6.400000000000000000e+01,4.000000000000000000e+00
1.000000000000000000e+00,1.600000000000000000e+01,1.600000000000000000e+01,2.400000000000000000e+02,3.750000000000000000e+02,2.160000000000000000e+02,3.920000000000000000e+02,9.900000000000000000e+01,-7.100000000000000000e+01,4.000000000000000000e+00
-1.000000000000000000e+00,1.600000000000000000e+01,1.600000000000000000e+01,2.480000000000000000e+02,3.920000000000000000e+02,2.480000000000000000e+02,3.920000000000000000e+02,0.000000000000000000e+00,0.000000000000000000e+00,4.000000000000000000e+00
-1.000000000000000000e+00,1.600000000000000000e+01,1.600000000000000000e+01,2.640000000000000000e+02,3.920000000000000000e+02,2.640000000000000000e+02,3.920000000000000000e+02,0.000000000000000000e+00,0.000000000000000000e+00,4.000000000000000000e+00
1.000000000000000000e+00,1.600000000000000000e+01,1.600000000000000000e+01,2.640000000000000000e+02,3.920000000000000000e+02,2.640000000000000000e+02,3.920000000000000000e+02,0.000000000000000000e+00,0.000000000000000000e+00,4.000000000000000000e+00
1.000000000000000000e+00,1.600000000000000000e+01,1.600000000000000000e+01,2.960000000000000000e+02,3.920000000000000000e+02,2.960000000000000000e+02,3.920000000000000000e+02,1.000000000000000000e+00,0.000000000000000000e+00,4.000000000000000000e+00
1.000000000000000000e+00,1.600000000000000000e+01,1.600000000000000000e+01,3.120000000000000000e+02,3.920000000000000000e+02,3.120000000000000000e+02,3.920000000000000000e+02,1.000000000000000000e+00,0.000000000000000000e+00,4.000000000000000000e+00
1.000000000000000000e+00,1.600000000000000000e+01,1.600000000000000000e+01,3.490000000000000000e+02,3.730000000000000000e+02,3.280000000000000000e+02,3.920000000000000000e+02,8.500000000000000000e+01,-7.900000000000000000e+01,4.000000000000000000e+00
1.000000000000000000e+00,1.600000000000000000e+01,1.600000000000000000e+01,3.830000000000000000e+02,3.630000000000000000e+02,3.440000000000000000e+02,3.920000000000000000e+02,1.570000000000000000e+02,-1.190000000000000000e+02,4.000000000000000000e+00
1.000000000000000000e+00,1.600000000000000000e+01,1.600000000000000000e+01,4.050000000000000000e+02,3.630000000000000000e+02,3.600000000000000000e+02,3.920000000000000000e+02,1.800000000000000000e+02,-1.190000000000000000e+02,4.000000000000000000e+00
1.000000000000000000e+00,1.600000000000000000e+01,1.600000000000000000e+01,4.210000000000000000e+02,3.630000000000000000e+02,3.760000000000000000e+02,3.920000000000000000e+02,1.800000000000000000e+02,-1.170000000000000000e+02,4.000000000000000000e+00
1.000000000000000000e+00,1.600000000000000000e+01,1.600000000000000000e+01,4.620000000000000000e+02,3.680000000000000000e+02,4.240000000000000000e+02,3.920000000000000000e+02,1.540000000000000000e+02,-9.800000000000000000e+01,4.000000000000000000e+00
1.000000000000000000e+00,1.600000000000000000e+01,1.600000000000000000e+01,4.780000000000000000e+02,3.680000000000000000e+02,4.400000000000000000e+02,3.920000000000000000e+02,1.540000000000000000e+02,-9.800000000000000000e+01,4.000000000000000000e+00
1.000000000000000000e+00,1.600000000000000000e+01,1.600000000000000000e+01,5.090000000000000000e+02,3.690000000000000000e+02,4.720000000000000000e+02,3.920000000000000000e+02,1.510000000000000000e+02,-9.300000000000000000e+01,4.000000000000000000e+00
-1.000000000000000000e+00,1.600000000000000000e+01,1.600000000000000000e+01,4.740000000000000000e+02,4.130000000000000000e+02,5.040000000000000000e+02,3.920000000000000000e+02,-1.200000000000000000e+02,8.700000000000000000e+01,4.000000000000000000e+00
-1.000000000000000000e+00,1.600000000000000000e+01,1.600000000000000000e+01,4.900000000000000000e+02,4.130000000000000000e+02,5.200000000000000000e+02,3.920000000000000000e+02,-1.200000000000000000e+02,8.700000000000000000e+01,4.000000000000000000e+00
-1.000000000000000000e+00,1.600000000000000000e+01,8.000000000000000000e+00,5.420000000000000000e+02,3.880000000000000000e+02,5.520000000000000000e+02,3.880000000000000000e+02,-4.300000000000000000e+01,0.000000000000000000e+00,4.000000000000000000e+00
-1.000000000000000000e+00,1.600000000000000000e+01,8.000000000000000000e+00,5.420000000000000000e+02,3.960000000000000000e+02,5.520000000000000000e+02,3.960000000000000000e+02,-4.300000000000000000e+01,0.000000000000000000e+00,4.000000000000000000e+00
-1.000000000000000000e+00,1.600000000000000000e+01,1.600000000000000000e+01,5.670000000000000000e+02,4.100000000000000000e+02,5.680000000000000000e+02,3.920000000000000000e+02,-5.000000000000000000e+00,7.200000000000000000e+01,4.000000000000000000e+00
-1.000000000000000000e+00,1.600000000000000000e+01,1.600000000000000000e+01,5.850000000000000000e+02,4.080000000000000000e+02,5.840000000000000000e+02,3.920000000000000000e+02,4.000000000000000000e+00,6.400000000000000000e+01,4.000000000000000000e+00
1.000000000000000000e+00,1.600000000000000000e+01,1.600000000000000000e+01,6.000000000000000000e+02,3.920000000000000000e+02,6.000000000000000000e+02,3.920000000000000000e+02,0.000000000000000000e+00,0.000000000000000000e+00,4.000000000000000000e+00
-1.000000000000000000e+00,1.600000000000000000e+01,1.600000000000000000e+01,6.060000000000000000e+02,4.050000000000000000e+02,6.160000000000000000e+02,3.920000000000000000e+02,-4.100000000000000000e+01,5.500000000000000000e+01,4.000000000000000000e+00
1.000000000000000000e+00,1.600000000000000000e+01,1.600000000000000000e+01,6.160000000000000000e+02,3.920000000000000000e+02,6.160000000000000000e+02,3.920000000000000000e+02,0.000000000000000000e+00,0.000000000000000000e+00,4.000000000000000000e+00
-1.000000000000000000e+00,1.600000000000000000e+01,1.600000000000000000e+01,6.220000000000000000e+02,4.050000000000000000e+02,6.320000000000000000e+02,3.920000000000000000e+02,-4.100000000000000000e+01,5.500000000000000000e+01,4.000000000000000000e+00
1.000000000000000000e+00,1.600000000000000000e+01,1.600000000000000000e+01,6.360000000000000000e+02,3.920000000000000000e+02,6.320000000000000000e+02,3.920000000000000000e+02,1.600000000000000000e+01,0.000000000000000000e+00,4.000000000000000000e+00
-1.000000000000000000e+00,1.600000000000000000e+01,1.600000000000000000e+01,6.380000000000000000e+02,4.050000000000000000e+02,6.480000000000000000e+02,3.920000000000000000e+02,-4.100000000000000000e+01,5.500000000000000000e+01,4.000000000000000000e+00
1.000000000000000000e+00,1.600000000000000000e+01,1.600000000000000000e+01,6.520000000000000000e+02,3.920000000000000000e+02,6.480000000000000000e+02,3.920000000000000000e+02,1.600000000000000000e+01,0.000000000000000000e+00,4.000000000000000000e+00
-1.000000000000000000e+00,1.600000000000000000e+01,1.600000000000000000e+01,6.540000000000000000e+02,4.050000000000000000e+02,6.640000000000000000e+02,3.920000000000000000e+02,-4.100000000000000000e+01,5.500000000000000000e+01,4.000000000000000000e+00
1.000000000000000000e+00,1.600000000000000000e+01,1.600000000000000000e+01,6.640000000000000000e+02,3.920000000000000000e+02,6.640000000000000000e+02,3.920000000000000000e+02,0.000000000000000000e+00,0.000000000000000000e+00,4.000000000000000000e+00
-1.000000000000000000e+00,1.600000000000000000e+01,1.600000000000000000e+01,6.700000000000000000e+02,4.050000000000000000e+02,6.800000000000000000e+02,3.920000000000000000e+02,-4.100000000000000000e+01,5.500000000000000000e+01,4.000000000000000000e+00
1.000000000000000000e+00,1.600000000000000000e+01,1.600000000000000000e+01,6.800000000000000000e+02,3.920000000000000000e+02,6.800000000000000000e+02,3.920000000000000000e+02,0.000000000000000000e+00,0.000000000000000000e+00,4.000000000000000000e+00
1.000000000000000000e+00,1.600000000000000000e+01,1.600000000000000000e+01,6.960000000000000000e+02,3.920000000000000000e+02,6.960000000000000000e+02,3.920000000000000000e+02,0.000000000000000000e+00,0.000000000000000000e+00,4.000000000000000000e+00
1.000000000000000000e+00,1.600000000000000000e+01,1.600000000000000000e+01,7.120000000000000000e+02,3.850000000000000000e+02,7.120000000000000000e+02,3.920000000000000000e+02,0.000000000000000000e+00,-3.000000000000000000e+01,4.000000000000000000e+00
1.000000000000000000e+00,1.600000000000000000e+01,1.600000000000000000e+01,7.280000000000000000e+02,3.850000000000000000e+02,7.280000000000000000e+02,3.920000000000000000e+02,0.000000000000000000e+00,-3.000000000000000000e+01,4.000000000000000000e+00
-1.000000000000000000e+00,1.600000000000000000e+01,1.600000000000000000e+01,7.280000000000000000e+02,3.990000000000000000e+02,7.440000000000000000e+02,3.920000000000000000e+02,-6.400000000000000000e+01,3.100000000000000000e+01,4.000000000000000000e+00
-1.000000000000000000e+00,1.600000000000000000e+01,1.600000000000000000e+01,7.580000000000000000e+02,3.990000000000000000e+02,7.600000000000000000e+02,3.920000000000000000e+02,-8.000000000000000000e+00,3.100000000000000000e+01,4.000000000000000000e+00
-1.000000000000000000e+00,8.000000000000000000e+00,1.600000000000000000e+01,7.700000000000000000e+02,3.990000000000000000e+02,7.720000000000000000e+02,3.920000000000000000e+02,-8.000000000000000000e+00,3.100000000000000000e+01,4.000000000000000000e+00
-1.000000000000000000e+00,8.000000000000000000e+00,1.600000000000000000e+01,7.800000000000000000e+02,3.920000000000000000e+02,7.800000000000000000e+02,3.920000000000000000e+02,0.000000000000000000e+00,0.000000000000000000e+00,4.000000000000000000e+00
1.000000000000000000e+00,8.000000000000000000e+00,1.600000000000000000e+01,7.720000000000000000e+02,3.920000000000000000e+02,7.720000000000000000e+02,3.920000000000000000e+02,0.000000000000000000e+00,0.000000000000000000e+00,4.000000000000000000e+00
1.000000000000000000e+00,8.000000000000000000e+00,1.600000000000000000e+01,7.800000000000000000e+02,3.820000000000000000e+02,7.800000000000000000e+02,3.920000000000000000e+02,1.000000000000000000e+00,-4.000000000000000000e+01,4.000000000000000000e+00
-1.000000000000000000e+00,1.600000000000000000e+01,1.600000000000000000e+01,7.850000000000000000e+02,3.930000000000000000e+02,7.920000000000000000e+02,3.920000000000000000e+02,-3.100000000000000000e+01,5.000000000000000000e+00,4.000000000000000000e+00
1.000000000000000000e+00,1.600000000000000000e+01,1.600000000000000000e+01,8.080000000000000000e+02,3.920000000000000000e+02,8.080000000000000000e+02,3.920000000000000000e+02,0.000000000000000000e+00,1.000000000000000000e+00,4.000000000000000000e+00
1.000000000000000000e+00,1.600000000000000000e+01,1.600000000000000000e+01,8.340000000000000000e+02,3.850000000000000000e+02,8.240000000000000000e+02,3.920000000000000000e+02,4.000000000000000000e+01,-3.000000000000000000e+01,4.000000000000000000e+00
-1.000000000000000000e+00,1.600000000000000000e+01,1.600000000000000000e+01,8.290000000000000000e+02,4.010000000000000000e+02,8.400000000000000000e+02,3.920000000000000000e+02,-4.700000000000000000e+01,3.800000000000000000e+01,4.000000000000000000e+00
1.000000000000000000e+00,1.600000000000000000e+01,1.600000000000000000e+01,8.500000000000000000e+02,3.840000000000000000e+02,8.400000000000000000e+02,3.920000000000000000e+02,4.000000000000000000e+01,-3.200000000000000000e+01,4.000000000000000000e+00
-1.000000000000000000e+00,1.600000000000000000e+01,1.600000000000000000e+01,8.450000000000000000e+02,4.010000000000000000e+02,8.560000000000000000e+02,3.920000000000000000e+02,-4.700000000000000000e+01,3.800000000000000000e+01,4.000000000000000000e+00
1.000000000000000000e+00,1.600000000000000000e+01,1.600000000000000000e+01,8.660000000000000000e+02,3.840000000000000000e+02,8.560000000000000000e+02,3.920000000000000000e+02,4.000000000000000000e+01,-3.200000000000000000e+01,4.000000000000000000e+00
1.000000000000000000e+00,8.000000000000000000e+00,1.600000000000000000e+01,8.780000000000000000e+02,3.840000000000000000e+02,8.680000000000000000e+02,3.920000000000000000e+02,4.000000000000000000e+01,-3.200000000000000000e+01,4.000000000000000000e+00
1.000000000000000000e+00,8.000000000000000000e+00,1.600000000000000000e+01,8.880000000000000000e+02,3.840000000000000000e+02,8.760000000000000000e+02,3.920000000000000000e+02,4.800000000000000000e+01,-3.200000000000000000e+01,4.000000000000000000e+00
-1.000000000000000000e+00,1.600000000000000000e+01,1.600000000000000000e+01,8.700000000000000000e+02,4.100000000000000000e+02,8.880000000000000000e+02,3.920000000000000000e+02,-7.500000000000000000e+01,7.300000000000000000e+01,4.000000000000000000e+00
1.000000000000000000e+00,8.000000000000000000e+00,1.600000000000000000e+01,9.180000000000000000e+02,3.760000000000000000e+02,9.000000000000000000e+02,3.920000000000000000e+02,7.300000000000000000e+01,-6.400000000000000000e+01,4.000000000000000000e+00
1.000000000000000000e+00,8.000000000000000000e+00,1.600000000000000000e+01,9.260000000000000000e+02,3.790000000000000000e+02,9.080000000000000000e+02,3.920000000000000000e+02,7.500000000000000000e+01,-5.500000000000000000e+01,4.000000000000000000e+00
1.000000000000000000e+00,1.600000000000000000e+01,8.000000000000000000e+00,9.380000000000000000e+02,3.680000000000000000e+02,9.200000000000000000e+02,3.880000000000000000e+02,7.500000000000000000e+01,-8.300000000000000000e+01,4.000000000000000000e+00
1.000000000000000000e+00,1.600000000000000000e+01,8.000000000000000000e+00,9.380000000000000000e+02,3.830000000000000000e+02,9.200000000000000000e+02,3.960000000000000000e+02,7.500000000000000000e+01,-5.500000000000000000e+01,4.000000000000000000e+00
-1.000000000000000000e+00,1.600000000000000000e+01,1.600000000000000000e+01,9.840000000000000000e+02,3.920000000000000000e+02,9.840000000000000000e+02,3.920000000000000000e+02,0.000000000000000000e+00,0.000000000000000000e+00,4.000000000000000000e+00
1.000000000000000000e+00,1.600000000000000000e+01,1.600000000000000000e+01,9.840000000000000000e+02,3.920000000000000000e+02,9.840000000000000000e+02,3.920000000000000000e+02,0.000000000000000000e+00,0.000000000000000000e+00,4.000000000000000000e+00
-1.000000000000000000e+00,1.600000000000000000e+01,1.600000000000000000e+01,9.950000000000000000e+02,4.110000000000000000e+02,1.016000000000000000e+03,3.920000000000000000e+02,-8.400000000000000000e+01,7.600000000000000000e+01,4.000000000000000000e+00
-1.000000000000000000e+00,1.600000000000000000e+01,1.600000000000000000e+01,1.011000000000000000e+03,4.110000000000000000e+02,1.032000000000000000e+03,3.920000000000000000e+02,-8.400000000000000000e+01,7.600000000000000000e+01,4.000000000000000000e+00
-1.000000000000000000e+00,1.600000000000000000e+01,1.600000000000000000e+01,1.027000000000000000e+03,4.110000000000000000e+02,1.048000000000000000e+03,3.920000000000000000e+02,-8.400000000000000000e+01,7.600000000000000000e+01,4.000000000000000000e+00
1.000000000000000000e+00,1.600000000000000000e+01,1.600000000000000000e+01,1.064000000000000000e+03,3.720000000000000000e+02,1.064000000000000000e+03,3.920000000000000000e+02,0.000000000000000000e+00,-8.200000000000000000e+01,4.000000000000000000e+00
-1.000000000000000000e+00,1.600000000000000000e+01,1.600000000000000000e+01,1.112000000000000000e+03,4.020000000000000000e+02,1.112000000000000000e+03,3.920000000000000000e+02,0.000000000000000000e+00,4.300000000000000000e+01,4.000000000000000000e+00
1.000000000000000000e+00,1.600000000000000000e+01,1.600000000000000000e+01,1.112000000000000000e+03,3.800000000000000000e+02,1.112000000000000000e+03,3.920000000000000000e+02,1.000000000000000000e+00,-4.800000000000000000e+01,4.000000000000000000e+00
1.000000000000000000e+00,1.600000000000000000e+01,1.600000000000000000e+01,1.128000000000000000e+03,3.770000000000000000e+02,1.128000000000000000e+03,3.920000000000000000e+02,1.000000000000000000e+00,-6.200000000000000000e+01,4.000000000000000000e+00
-1.000000000000000000e+00,1.600000000000000000e+01,1.600000000000000000e+01,1.144000000000000000e+03,3.920000000000000000e+02,1.144000000000000000e+03,3.920000000000000000e+02,0.000000000000000000e+00,0.000000000000000000e+00,4.000000000000000000e+00
-1.000000000000000000e+00,1.600000000000000000e+01,1.600000000000000000e+01,1.192000000000000000e+03,4.130000000000000000e+02,1.192000000000000000e+03,3.920000000000000000e+02,0.000000000000000000e+00,8.400000000000000000e+01,4.000000000000000000e+00
-1.000000000000000000e+00,1.600000000000000000e+01,1.600000000000000000e+01,1.208000000000000000e+03,4.120000000000000000e+02,1.208000000000000000e+03,3.920000000000000000e+02,0.000000000000000000e+00,8.200000000000000000e+01,4.000000000000000000e+00
-1.000000000000000000e+00,1.600000000000000000e+01,1.600000000000000000e+01,1.224000000000000000e+03,3.940000000000000000e+02,1.224000000000000000e+03,3.920000000000000000e+02,0.000000000000000000e+00,8.000000000000000000e+00,4.000000000000000000e+00
-1.000000000000000000e+00,1.600000000000000000e+01,1.600000000000000000e+01,1.240000000000000000e+03,3.920000000000000000e+02,1.240000000000000000e+03,3.920000000000000000e+02,0.000000000000000000e+00,0.000000000000000000e+00,4.000000000000000000e+00
1.000000000000000000e+00,1.600000000000000000e+01,1.600000000000000000e+01,1.240000000000000000e+03,3.920000000000000000e+02,1.240000000000000000e+03,3.920000000000000000e+02,0.000000000000000000e+00,0.000000000000000000e+00,4.000000000000000000e+00
-1.000000000000000000e+00,1.600000000000000000e+01,1.600000000000000000e+01,1.256000000000000000e+03,3.920000000000000000e+02,1.256000000000000000e+03,3.920000000000000000e+02,0.000000000000000000e+00,0.000000000000000000e+00,4.000000000000000000e+00
1.000000000000000000e+00,1.600000000000000000e+01,1.600000000000000000e+01,1.256000000000000000e+03,3.920000000000000000e+02,1.256000000000000000e+03,3.920000000000000000e+02,0.000000000000000000e+00,0.000000000000000000e+00,4.000000000000000000e+00
-1.000000000000000000e+00,1.600000000000000000e+01,1.600000000000000000e+01,1.272000000000000000e+03,3.920000000000000000e+02,1.272000000000000000e+03,3.920000000000000000e+02,0.000000000000000000e+00,0.000000000000000000e+00,4.000000000000000000e+00
1.000000000000000000e+00,1.600000000000000000e+01,1.600000000000000000e+01,1.272000000000000000e+03,3.920000000000000000e+02,1.272000000000000000e+03,3.920000000000000000e+02,0.000000000000000000e+00,0.000000000000000000e+00,4.000000000000000000e+00
1.000000000000000000e+00,1.600000000000000000e+01,1.600000000000000000e+01,3.900000000000000000e+01,3.910000000000000000e+02,8.000000000000000000e+00,4.080000000000000000e+02,1.270000000000000000e+02,-6.800000000000000000e+01,4.000000000000000000e+00
1.000000000000000000e+00,1.600000000000000000e+01,1.600000000000000000e+01,5.100000000000000000e+01,3.870000000000000000e+02,2.400000000000000000e+01,4.080000000000000000e+02,1.080000000000000000e+02,-8.400000000000000000e+01,4.000000000000000000e+00
-1.000000000000000000e+00,8.000000000000000000e+00,1.600000000000000000e+01,3.600000000000000000e+01,4.080000000000000000e+02,3.600000000000000000e+01,4.080000000000000000e+02,0.000000000000000000e+00,0.000000000000000000e+00,4.000000000000000000e+00
-1.000000000000000000e+00,8.000000000000000000e+00,1.600000000000000000e+01,1.900000000000000000e+01,4.280000000000000000e+02,4.400000000000000000e+01,4.080000000000000000e+02,-1.000000000000000000e+02,8.000000000000000000e+01,4.000000000000000000e+00
1.000000000000000000e+00,8.000000000000000000e+00,1.600000000000000000e+01,6.300000000000000000e+01,3.870000000000000000e+02,3.600000000000000000e+01,4.080000000000000000e+02,1.080000000000000000e+02,-8.400000000000000000e+01,4.000000000000000000e+00
1.000000000000000000e+00,8.000000000000000000e+00,1.600000000000000000e+01,4.400000000000000000e+01,4.080000000000000000e+02,4.400000000000000000e+01,4.080000000000000000e+02,0.000000000000000000e+00,0.000000000000000000e+00,4.000000000000000000e+00
-1.000000000000000000e+00,1.600000000000000000e+01,1.600000000000000000e+01,3.300000000000000000e+01,4.280000000000000000e+02,5.600000000000000000e+01,4.080000000000000000e+02,-9.300000000000000000e+01,8.000000000000000000e+01,4.000000000000000000e+00
1.000000000000000000e+00,1.600000000000000000e+01,1.600000000000000000e+01,8.000000000000000000e+01,3.870000000000000000e+02,5.600000000000000000e+01,4.080000000000000000e+02,9.600000000000000000e+01,-8.700000000000000000e+01,4.000000000000000000e+00
-1.000000000000000000e+00,1.600000000000000000e+01,1.600000000000000000e+01,4.900000000000000000e+01,4.280000000000000000e+02,7.200000000000000000e+01,4.080000000000000000e+02,-9.200000000000000000e+01,8.000000000000000000e+01,4.000000000000000000e+00
1.000000000000000000e+00,1.600000000000000000e+01,1.600000000000000000e+01,9.600000000000000000e+01,3.870000000000000000e+02,7.200000000000000000e+01,4.080000000000000000e+02,9.600000000000000000e+01,-8.700000000000000000e+01,4.000000000000000000e+00
-1.000000000000000000e+00,1.600000000000000000e+01,1.600000000000000000e+01,6.500000000000000000e+01,4.280000000000000000e+02,8.800000000000000000e+01,4.080000000000000000e+02,-9.200000000000000000e+01,8.000000000000000000e+01,4.000000000000000000e+00
1.000000000000000000e+00,1.600000000000000000e+01,1.600000000000000000e+01,1.120000000000000000e+02,3.870000000000000000e+02,8.800000000000000000e+01,4.080000000000000000e+02,9.600000000000000000e+01,-8.700000000000000000e+01,4.000000000000000000e+00
1.000000000000000000e+00,1.600000000000000000e+01,1.600000000000000000e+01,1.280000000000000000e+02,3.860000000000000000e+02,1.040000000000000000e+02,4.080000000000000000e+02,9.600000000000000000e+01,-9.100000000000000000e+01,4.000000000000000000e+00
-1.000000000000000000e+00,1.600000000000000000e+01,1.600000000000000000e+01,9.900000000000000000e+01,4.280000000000000000e+02,1.200000000000000000e+02,4.080000000000000000e+02,-8.600000000000000000e+01,8.000000000000000000e+01,4.000000000000000000e+00
1.000000000000000000e+00,1.600000000000000000e+01,1.600000000000000000e+01,1.440000000000000000e+02,3.900000000000000000e+02,1.200000000000000000e+02,4.080000000000000000e+02,9.600000000000000000e+01,-7.500000000000000000e+01,4.000000000000000000e+00
-1.000000000000000000e+00,1.600000000000000000e+01,1.600000000000000000e+01,1.150000000000000000e+02,4.280000000000000000e+02,1.360000000000000000e+02,4.080000000000000000e+02,-8.600000000000000000e+01,8.000000000000000000e+01,4.000000000000000000e+00
1.000000000000000000e+00,1.600000000000000000e+01,1.600000000000000000e+01,1.600000000000000000e+02,3.900000000000000000e+02,1.360000000000000000e+02,4.080000000000000000e+02,9.600000000000000000e+01,-7.500000000000000000e+01,4.000000000000000000e+00
-1.000000000000000000e+00,1.600000000000000000e+01,1.600000000000000000e+01,1.310000000000000000e+02,4.250000000000000000e+02,1.520000000000000000e+02,4.080000000000000000e+02,-8.600000000000000000e+01,7.100000000000000000e+01,4.000000000000000000e+00
1.000000000000000000e+00,1.600000000000000000e+01,1.600000000000000000e+01,1.760000000000000000e+02,3.860000000000000000e+02,1.520000000000000000e+02,4.080000000000000000e+02,9.600000000000000000e+01,-8.800000000000000000e+01,4.000000000000000000e+00
1.000000000000000000e+00,1.600000000000000000e+01,1.600000000000000000e+01,1.940000000000000000e+02,3.860000000000000000e+02,1.680000000000000000e+02,4.080000000000000000e+02,1.040000000000000000e+02,-8.800000000000000000e+01,4.000000000000000000e+00
-1.000000000000000000e+00,1.600000000000000000e+01,1.600000000000000000e+01,1.620000000000000000e+02,4.250000000000000000e+02,1.840000000000000000e+02,4.080000000000000000e+02,-9.100000000000000000e+01,7.000000000000000000e+01,4.000000000000000000e+00
1.000000000000000000e+00,1.600000000000000000e+01,1.600000000000000000e+01,2.080000000000000000e+02,3.910000000000000000e+02,1.840000000000000000e+02,4.080000000000000000e+02,9.900000000000000000e+01,-7.100000000000000000e+01,4.000000000000000000e+00
-1.000000000000000000e+00,1.600000000000000000e+01,1.600000000000000000e+01,1.780000000000000000e+02,4.250000000000000000e+02,2.000000000000000000e+02,4.080000000000000000e+02,-9.100000000000000000e+01,7.000000000000000000e+01,4.000000000000000000e+00
1.000000000000000000e+00,1.600000000000000000e+01,1.600000000000000000e+01,2.240000000000000000e+02,3.910000000000000000e+02,2.000000000000000000e+02,4.080000000000000000e+02,9.900000000000000000e+01,-7.100000000000000000e+01,4.000000000000000000e+00
-1.000000000000000000e+00,8.000000000000000000e+00,1.600000000000000000e+01,2.120000000000000000e+02,4.080000000000000000e+02,2.120000000000000000e+02,4.080000000000000000e+02,0.000000000000000000e+00,0.000000000000000000e+00,4.000000000000000000e+00
-1.000000000000000000e+00,8.000000000000000000e+00,1.600000000000000000e+01,2.200000000000000000e+02,4.240000000000000000e+02,2.200000000000000000e+02,4.080000000000000000e+02,0.000000000000000000e+00,6.400000000000000000e+01,4.000000000000000000e+00
1.000000000000000000e+00,8.000000000000000000e+00,1.600000000000000000e+01,2.360000000000000000e+02,3.860000000000000000e+02,2.120000000000000000e+02,4.080000000000000000e+02,9.900000000000000000e+01,-9.000000000000000000e+01,4.000000000000000000e+00
1.000000000000000000e+00,8.000000000000000000e+00,1.600000000000000000e+01,2.200000000000000000e+02,4.080000000000000000e+02,2.200000000000000000e+02,4.080000000000000000e+02,0.000000000000000000e+00,0.000000000000000000e+00,4.000000000000000000e+00
-1.000000000000000000e+00,1.600000000000000000e+01,1.600000000000000000e+01,2.320000000000000000e+02,4.080000000000000000e+02,2.320000000000000000e+02,4.080000000000000000e+02,0.000000000000000000e+00,0.000000000000000000e+00,4.000000000000000000e+00
-1.000000000000000000e+00,1.600000000000000000e+01,1.600000000000000000e+01,2.480000000000000000e+02,4.080000000000000000e+02,2.480000000000000000e+02,4.080000000000000000e+02,-1.000000000000000000e+00,-1.000000000000000000e+00,4.000000000000000000e+00
-1.000000000000000000e+00,1.600000000000000000e+01,1.600000000000000000e+01,2.640000000000000000e+02,4.080000000000000000e+02,2.640000000000000000e+02,4.080000000000000000e+02,0.000000000000000000e+00,0.000000000000000000e+00,4.000000000000000000e+00
1.000000000000000000e+00,1.600000000000000000e+01,1.600000000000000000e+01,2.640000000000000000e+02,4.080000000000000000e+02,2.640000000000000000e+02,4.080000000000000000e+02,0.000000000000000000e+00,0.000000000000000000e+00,4.000000000000000000e+00
-1.000000000000000000e+00,1.600000000000000000e+01,1.600000000000000000e+01,2.800000000000000000e+02,4.080000000000000000e+02,2.800000000000000000e+02,4.080000000000000000e+02,0.000000000000000000e+00,0.000000000000000000e+00,4.000000000000000000e+00
1.000000000000000000e+00,1.600000000000000000e+01,1.600000000000000000e+01,2.800000000000000000e+02,4.080000000000000000e+02,2.800000000000000000e+02,4.080000000000000000e+02,0.000000000000000000e+00,0.000000000000000000e+00,4.000000000000000000e+00
1.000000000000000000e+00,1.600000000000000000e+01,1.600000000000000000e+01,3.120000000000000000e+02,4.080000000000000000e+02,3.120000000000000000e+02,4.080000000000000000e+02,1.000000000000000000e+00,0.000000000000000000e+00,4.000000000000000000e+00
1.000000000000000000e+00,1.600000000000000000e+01,1.600000000000000000e+01,3.830000000000000000e+02,3.790000000000000000e+02,3.440000000000000000e+02,4.080000000000000000e+02,1.570000000000000000e+02,-1.190000000000000000e+02,4.000000000000000000e+00
1.000000000000000000e+00,1.600000000000000000e+01,1.600000000000000000e+01,3.920000000000000000e+02,4.080000000000000000e+02,3.920000000000000000e+02,4.080000000000000000e+02,0.000000000000000000e+00,0.000000000000000000e+00,4.000000000000000000e+00
1.000000000000000000e+00,1.600000000000000000e+01,1.600000000000000000e+01,4.620000000000000000e+02,3.840000000000000000e+02,4.240000000000000000e+02,4.080000000000000000e+02,1.540000000000000000e+02,-9.800000000000000000e+01,4.000000000000000000e+00
1.000000000000000000e+00,1.600000000000000000e+01,1.600000000000000000e+01,4.930000000000000000e+02,3.850000000000000000e+02,4.560000000000000000e+02,4.080000000000000000e+02,1.510000000000000000e+02,-9.300000000000000000e+01,4.000000000000000000e+00
1.000000000000000000e+00,1.600000000000000000e+01,1.600000000000000000e+01,5.090000000000000000e+02,3.850000000000000000e+02,4.720000000000000000e+02,4.080000000000000000e+02,1.510000000000000000e+02,-9.300000000000000000e+01,4.000000000000000000e+00
-1.000000000000000000e+00,1.600000000000000000e+01,1.600000000000000000e+01,4.740000000000000000e+02,4.290000000000000000e+02,5.040000000000000000e+02,4.080000000000000000e+02,-1.200000000000000000e+02,8.700000000000000000e+01,4.000000000000000000e+00
-1.000000000000000000e+00,1.600000000000000000e+01,1.600000000000000000e+01,4.900000000000000000e+02,4.290000000000000000e+02,5.200000000000000000e+02,4.080000000000000000e+02,-1.200000000000000000e+02,8.700000000000000000e+01,4.000000000000000000e+00
-1.000000000000000000e+00,1.600000000000000000e+01,1.600000000000000000e+01,5.420000000000000000e+02,4.080000000000000000e+02,5.520000000000000000e+02,4.080000000000000000e+02,-4.300000000000000000e+01,0.000000000000000000e+00,4.000000000000000000e+00
-1.000000000000000000e+00,1.600000000000000000e+01,1.600000000000000000e+01,5.670000000000000000e+02,4.240000000000000000e+02,5.680000000000000000e+02,4.080000000000000000e+02,-5.000000000000000000e+00,6.400000000000000000e+01,4.000000000000000000e+00
-1.000000000000000000e+00,1.600000000000000000e+01,1.600000000000000000e+01,5.840000000000000000e+02,4.240000000000000000e+02,5.840000000000000000e+02,4.080000000000000000e+02,0.000000000000000000e+00,6.400000000000000000e+01,4.000000000000000000e+00
1.000000000000000000e+00,1.600000000000000000e+01,1.600000000000000000e+01,5.840000000000000000e+02,4.080000000000000000e+02,5.840000000000000000e+02,4.080000000000000000e+02,0.000000000000000000e+00,0.000000000000000000e+00,4.000000000000000000e+00
-1.000000000000000000e+00,1.600000000000000000e+01,1.600000000000000000e+01,6.000000000000000000e+02,4.210000000000000000e+02,6.000000000000000000e+02,4.080000000000000000e+02,0.000000000000000000e+00,5.500000000000000000e+01,4.000000000000000000e+00
1.000000000000000000e+00,1.600000000000000000e+01,1.600000000000000000e+01,6.000000000000000000e+02,4.080000000000000000e+02,6.000000000000000000e+02,4.080000000000000000e+02,0.000000000000000000e+00,0.000000000000000000e+00,4.000000000000000000e+00
-1.000000000000000000e+00,1.600000000000000000e+01,1.600000000000000000e+01,6.060000000000000000e+02,4.210000000000000000e+02,6.160000000000000000e+02,4.080000000000000000e+02,-4.100000000000000000e+01,5.500000000000000000e+01,4.000000000000000000e+00
1.000000000000000000e+00,1.600000000000000000e+01,1.600000000000000000e+01,6.160000000000000000e+02,4.080000000000000000e+02,6.160000000000000000e+02,4.080000000000000000e+02,0.000000000000000000e+00,0.000000000000000000e+00,4.000000000000000000e+00
-1.000000000000000000e+00,1.600000000000000000e+01,1.600000000000000000e+01,6.220000000000000000e+02,4.210000000000000000e+02,6.320000000000000000e+02,4.080000000000000000e+02,-4.100000000000000000e+01,5.500000000000000000e+01,4.000000000000000000e+00
1.000000000000000000e+00,1.600000000000000000e+01,1.600000000000000000e+01,6.360000000000000000e+02,4.080000000000000000e+02,6.320000000000000000e+02,4.080000000000000000e+02,1.600000000000000000e+01,0.000000000000000000e+00,4.000000000000000000e+00
-1.000000000000000000e+00,1.600000000000000000e+01,1.600000000000000000e+01,6.380000000000000000e+02,4.210000000000000000e+02,6.480000000000000000e+02,4.080000000000000000e+02,-4.100000000000000000e+01,5.500000000000000000e+01,4.000000000000000000e+00
1.000000000000000000e+00,1.600000000000000000e+01,1.600000000000000000e+01,6.520000000000000000e+02,4.080000000000000000e+02,6.480000000000000000e+02,4.080000000000000000e+02,1.600000000000000000e+01,0.000000000000000000e+00,4.000000000000000000e+00
-1.000000000000000000e+00,1.600000000000000000e+01,1.600000000000000000e+01,6.540000000000000000e+02,4.210000000000000000e+02,6.640000000000000000e+02,4.080000000000000000e+02,-4.100000000000000000e+01,5.500000000000000000e+01,4.000000000000000000e+00
1.000000000000000000e+00,1.600000000000000000e+01,1.600000000000000000e+01,6.640000000000000000e+02,4.080000000000000000e+02,6.640000000000000000e+02,4.080000000000000000e+02,0.000000000000000000e+00,0.000000000000000000e+00,4.000000000000000000e+00
1.000000000000000000e+00,1.600000000000000000e+01,1.600000000000000000e+01,6.800000000000000000e+02,4.080000000000000000e+02,6.800000000000000000e+02,4.080000000000000000e+02,0.000000000000000000e+00,0.000000000000000000e+00,4.000000000000000000e+00
1.000000000000000000e+00,1.600000000000000000e+01,1.600000000000000000e+01,6.960000000000000000e+02,4.080000000000000000e+02,6.960000000000000000e+02,4.080000000000000000e+02,0.000000000000000000e+00,0.000000000000000000e+00,4.000000000000000000e+00
1.000000000000000000e+00,1.600000000000000000e+01,1.600000000000000000e+01,7.120000000000000000e+02,4.010000000000000000e+02,7.120000000000000000e+02,4.080000000000000000e+02,0.000000000000000000e+00,-3.000000000000000000e+01,4.000000000000000000e+00
-1.000000000000000000e+00,1.600000000000000000e+01,1.600000000000000000e+01,7.120000000000000000e+02,4.150000000000000000e+02,7.280000000000000000e+02,4.080000000000000000e+02,-6.400000000000000000e+01,3.100000000000000000e+01,4.000000000000000000e+00
1.000000000000000000e+00,1.600000000000000000e+01,1.600000000000000000e+01,7.280000000000000000e+02,4.010000000000000000e+02,7.280000000000000000e+02,4.080000000000000000e+02,0.000000000000000000e+00,-3.000000000000000000e+01,4.000000000000000000e+00
-1.000000000000000000e+00,1.600000000000000000e+01,1.600000000000000000e+01,7.280000000000000000e+02,4.150000000000000000e+02,7.440000000000000000e+02,4.080000000000000000e+02,-6.400000000000000000e+01,3.100000000000000000e+01,4.000000000000000000e+00
1.000000000000000000e+00,1.600000000000000000e+01,1.600000000000000000e+01,7.440000000000000000e+02,4.010000000000000000e+02,7.440000000000000000e+02,4.080000000000000000e+02,0.000000000000000000e+00,-3.000000000000000000e+01,4.000000000000000000e+00
-1.000000000000000000e+00,1.600000000000000000e+01,1.600000000000000000e+01,7.580000000000000000e+02,4.150000000000000000e+02,7.600000000000000000e+02,4.080000000000000000e+02,-8.000000000000000000e+00,3.100000000000000000e+01,4.000000000000000000e+00
1.000000000000000000e+00,1.600000000000000000e+01,1.600000000000000000e+01,7.600000000000000000e+02,4.010000000000000000e+02,7.600000000000000000e+02,4.080000000000000000e+02,0.000000000000000000e+00,-3.000000000000000000e+01,4.000000000000000000e+00
-1.000000000000000000e+00,1.600000000000000000e+01,1.600000000000000000e+01,7.740000000000000000e+02,4.150000000000000000e+02,7.760000000000000000e+02,4.080000000000000000e+02,-8.000000000000000000e+00,3.100000000000000000e+01,4.000000000000000000e+00
1.000000000000000000e+00,1.600000000000000000e+01,1.600000000000000000e+01,7.760000000000000000e+02,4.010000000000000000e+02,7.760000000000000000e+02,4.080000000000000000e+02,0.000000000000000000e+00,-3.000000000000000000e+01,4.000000000000000000e+00
-1.000000000000000000e+00,1.600000000000000000e+01,1.600000000000000000e+01,7.900000000000000000e+02,4.090000000000000000e+02,7.920000000000000000e+02,4.080000000000000000e+02,-8.000000000000000000e+00,5.000000000000000000e+00,4.000000000000000000e+00
1.000000000000000000e+00,1.600000000000000000e+01,1.600000000000000000e+01,7.920000000000000000e+02,4.080000000000000000e+02,7.920000000000000000e+02,4.080000000000000000e+02,0.000000000000000000e+00,0.000000000000000000e+00,4.000000000000000000e+00
-1.000000000000000000e+00,1.600000000000000000e+01,1.600000000000000000e+01,8.010000000000000000e+02,4.170000000000000000e+02,8.080000000000000000e+02,4.080000000000000000e+02,-2.800000000000000000e+01,3.700000000000000000e+01,4.000000000000000000e+00
-1.000000000000000000e+00,1.600000000000000000e+01,1.600000000000000000e+01,8.160000000000000000e+02,4.170000000000000000e+02,8.240000000000000000e+02,4.080000000000000000e+02,-3.400000000000000000e+01,3.900000000000000000e+01,4.000000000000000000e+00
1.000000000000000000e+00,1.600000000000000000e+01,1.600000000000000000e+01,8.340000000000000000e+02,4.010000000000000000e+02,8.240000000000000000e+02,4.080000000000000000e+02,4.100000000000000000e+01,-3.000000000000000000e+01,4.000000000000000000e+00
1.000000000000000000e+00,1.600000000000000000e+01,1.600000000000000000e+01,8.520000000000000000e+02,4.000000000000000000e+02,8.400000000000000000e+02,4.080000000000000000e+02,4.800000000000000000e+01,-3.200000000000000000e+01,4.000000000000000000e+00
-1.000000000000000000e+00,1.600000000000000000e+01,1.600000000000000000e+01,8.450000000000000000e+02,4.170000000000000000e+02,8.560000000000000000e+02,4.080000000000000000e+02,-4.700000000000000000e+01,3.800000000000000000e+01,4.000000000000000000e+00
1.000000000000000000e+00,1.600000000000000000e+01,1.600000000000000000e+01,8.660000000000000000e+02,4.000000000000000000e+02,8.560000000000000000e+02,4.080000000000000000e+02,4.000000000000000000e+01,-3.200000000000000000e+01,4.000000000000000000e+00
-1.000000000000000000e+00,1.600000000000000000e+01,1.600000000000000000e+01,8.570000000000000000e+02,4.190000000000000000e+02,8.720000000000000000e+02,4.080000000000000000e+02,-6.300000000000000000e+01,4.400000000000000000e+01,4.000000000000000000e+00
-1.000000000000000000e+00,1.600000000000000000e+01,1.600000000000000000e+01,8.700000000000000000e+02,4.250000000000000000e+02,8.880000000000000000e+02,4.080000000000000000e+02,-7.500000000000000000e+01,6.800000000000000000e+01,4.000000000000000000e+00
-1.000000000000000000e+00,1.600000000000000000e+01,1.600000000000000000e+01,8.860000000000000000e+02,4.250000000000000000e+02,9.040000000000000000e+02,4.080000000000000000e+02,-7.300000000000000000e+01,6.800000000000000000e+01,4.000000000000000000e+00
1.000000000000000000e+00,1.600000000000000000e+01,1.600000000000000000e+01,9.330000000000000000e+02,3.870000000000000000e+02,9.200000000000000000e+02,4.080000000000000000e+02,5.200000000000000000e+01,-8.600000000000000000e+01,4.000000000000000000e+00
-1.000000000000000000e+00,1.600000000000000000e+01,1.600000000000000000e+01,9.520000000000000000e+02,4.080000000000000000e+02,9.520000000000000000e+02,4.080000000000000000e+02,0.000000000000000000e+00,0.000000000000000000e+00,4.000000000000000000e+00
1.000000000000000000e+00,1.600000000000000000e+01,1.600000000000000000e+01,9.520000000000000000e+02,4.080000000000000000e+02,9.520000000000000000e+02,4.080000000000000000e+02,0.000000000000000000e+00,0.000000000000000000e+00,4.000000000000000000e+00
-1.000000000000000000e+00,1.600000000000000000e+01,1.600000000000000000e+01,9.680000000000000000e+02,4.080000000000000000e+02,9.680000000000000000e+02,4.080000000000000000e+02,0.000000000000000000e+00,0.000000000000000000e+00,4.000000000000000000e+00
1.000000000000000000e+00,1.600000000000000000e+01,1.600000000000000000e+01,9.680000000000000000e+02,4.080000000000000000e+02,9.680000000000000000e+02,4.080000000000000000e+02,0.000000000000000000e+00,0.000000000000000000e+00,4.000000000000000000e+00
-1.000000000000000000e+00,1.600000000000000000e+01,1.600000000000000000e+01,9.790000000000000000e+02,4.270000000000000000e+02,1.000000000000000000e+03,4.080000000000000000e+02,-8.400000000000000000e+01,7.600000000000000000e+01,4.000000000000000000e+00
-1.000000000000000000e+00,1.600000000000000000e+01,1.600000000000000000e+01,1.011000000000000000e+03,4.270000000000000000e+02,1.032000000000000000e+03,4.080000000000000000e+02,-8.400000000000000000e+01,7.600000000000000000e+01,4.000000000000000000e+00
-1.000000000000000000e+00,1.600000000000000000e+01,1.600000000000000000e+01,1.027000000000000000e+03,4.270000000000000000e+02,1.048000000000000000e+03,4.080000000000000000e+02,-8.400000000000000000e+01,7.600000000000000000e+01,4.000000000000000000e+00
1.000000000000000000e+00,1.600000000000000000e+01,1.600000000000000000e+01,1.048000000000000000e+03,3.880000000000000000e+02,1.048000000000000000e+03,4.080000000000000000e+02,0.000000000000000000e+00,-8.200000000000000000e+01,4.000000000000000000e+00
-1.000000000000000000e+00,1.600000000000000000e+01,1.600000000000000000e+01,1.043000000000000000e+03,4.270000000000000000e+02,1.064000000000000000e+03,4.080000000000000000e+02,-8.400000000000000000e+01,7.600000000000000000e+01,4.000000000000000000e+00
1.000000000000000000e+00,1.600000000000000000e+01,1.600000000000000000e+01,1.064000000000000000e+03,3.880000000000000000e+02,1.064000000000000000e+03,4.080000000000000000e+02,0.000000000000000000e+00,-8.200000000000000000e+01,4.000000000000000000e+00
-1.000000000000000000e+00,1.600000000000000000e+01,1.600000000000000000e+01,1.059000000000000000e+03,4.270000000000000000e+02,1.080000000000000000e+03,4.080000000000000000e+02,-8.400000000000000000e+01,7.600000000000000000e+01,4.000000000000000000e+00
1.000000000000000000e+00,1.600000000000000000e+01,1.600000000000000000e+01,1.080000000000000000e+03,3.880000000000000000e+02,1.080000000000000000e+03,4.080000000000000000e+02,0.000000000000000000e+00,-8.200000000000000000e+01,4.000000000000000000e+00
1.000000000000000000e+00,1.600000000000000000e+01,1.600000000000000000e+01,1.096000000000000000e+03,3.870000000000000000e+02,1.096000000000000000e+03,4.080000000000000000e+02,0.000000000000000000e+00,-8.400000000000000000e+01,4.000000000000000000e+00
-1.000000000000000000e+00,1.600000000000000000e+01,1.600000000000000000e+01,1.112000000000000000e+03,4.180000000000000000e+02,1.112000000000000000e+03,4.080000000000000000e+02,0.000000000000000000e+00,4.300000000000000000e+01,4.000000000000000000e+00
1.000000000000000000e+00,1.600000000000000000e+01,1.600000000000000000e+01,1.112000000000000000e+03,3.930000000000000000e+02,1.112000000000000000e+03,4.080000000000000000e+02,1.000000000000000000e+00,-6.200000000000000000e+01,4.000000000000000000e+00
1.000000000000000000e+00,1.600000000000000000e+01,1.600000000000000000e+01,1.144000000000000000e+03,4.080000000000000000e+02,1.144000000000000000e+03,4.080000000000000000e+02,0.000000000000000000e+00,0.000000000000000000e+00,4.000000000000000000e+00
-1.000000000000000000e+00,1.600000000000000000e+01,1.600000000000000000e+01,1.160000000000000000e+03,4.200000000000000000e+02,1.160000000000000000e+03,4.080000000000000000e+02,0.000000000000000000e+00,4.800000000000000000e+01,4.000000000000000000e+00
-1.000000000000000000e+00,1.600000000000000000e+01,1.600000000000000000e+01,1.176000000000000000e+03,4.240000000000000000e+02,1.176000000000000000e+03,4.080000000000000000e+02,0.000000000000000000e+00,6.600000000000000000e+01,4.000000000000000000e+00
1.000000000000000000e+00,1.600000000000000000e+01,1.600000000000000000e+01,1.192000000000000000e+03,4.080000000000000000e+02,1.192000000000000000e+03,4.080000000000000000e+02,0.000000000000000000e+00,0.000000000000000000e+00,4.000000000000000000e+00
-1.000000000000000000e+00,1.600000000000000000e+01,1.600000000000000000e+01,1.224000000000000000e+03,4.080000000000000000e+02,1.224000000000000000e+03,4.080000000000000000e+02,0.000000000000000000e+00,0.000000000000000000e+00,4.000000000000000000e+00
1.000000000000000000e+00,1.600000000000000000e+01,1.600000000000000000e+01,1.224000000000000000e+03,4.080000000000000000e+02,1.224000000000000000e+03,4.080000000000000000e+02,0.000000000000000000e+00,0.000000000000000000e+00,4.000000000000000000e+00
-1.000000000000000000e+00,8.000000000000000000e+00,8.000000000000000000e+00,1.236000000000000000e+03,4.040000000000000000e+02,1.236000000000000000e+03,4.040000000000000000e+02,0.000000000000000000e+00,0.000000000000000000e+00,4.000000000000000000e+00
-1.000000000000000000e+00,8.000000000000000000e+00,8.000000000000000000e+00,1.244000000000000000e+03,4.040000000000000000e+02,1.244000000000000000e+03,4.040000000000000000e+02,0.000000000000000000e+00,0.000000000000000000e+00,4.000000000000000000e+00
-1.000000000000000000e+00,8.000000000000000000e+00,8.000000000000000000e+00,1.236000000000000000e+03,4.120000000000000000e+02,1.236000000000000000e+03,4.120000000000000000e+02,0.000000000000000000e+00,0.000000000000000000e+00,4.000000000000000000e+00
-1.000000000000000000e+00,8.000000000000000000e+00,8.000000000000000000e+00,1.244000000000000000e+03,4.120000000000000000e+02,1.244000000000000000e+03,4.120000000000000000e+02,0.000000000000000000e+00,0.000000000000000000e+00,4.000000000000000000e+00
1.000000000000000000e+00,8.000000000000000000e+00,8.000000000000000000e+00,1.236000000000000000e+03,4.040000000000000000e+02,1.236000000000000000e+03,4.040000000000000000e+02,0.000000000000000000e+00,0.000000000000000000e+00,4.000000000000000000e+00
1.000000000000000000e+00,8.000000000000000000e+00,8.000000000000000000e+00,1.244000000000000000e+03,4.040000000000000000e+02,1.244000000000000000e+03,4.040000000000000000e+02,0.000000000000000000e+00,0.000000000000000000e+00,4.000000000000000000e+00
1.000000000000000000e+00,8.000000000000000000e+00,8.000000000000000000e+00,1.236000000000000000e+03,4.120000000000000000e+02,1.236000000000000000e+03,4.120000000000000000e+02,0.000000000000000000e+00,0.000000000000000000e+00,4.000000000000000000e+00
1.000000000000000000e+00,8.000000000000000000e+00,8.000000000000000000e+00,1.244000000000000000e+03,4.120000000000000000e+02,1.244000000000000000e+03,4.120000000000000000e+02,0.000000000000000000e+00,-1.000000000000000000e+00,4.000000000000000000e+00
1.000000000000000000e+00,1.600000000000000000e+01,1.600000000000000000e+01,3.500000000000000000e+01,4.070000000000000000e+02,8.000000000000000000e+00,4.240000000000000000e+02,1.090000000000000000e+02,-6.800000000000000000e+01,4.000000000000000000e+00
1.000000000000000000e+00,1.600000000000000000e+01,1.600000000000000000e+01,5.100000000000000000e+01,4.030000000000000000e+02,2.400000000000000000e+01,4.240000000000000000e+02,1.080000000000000000e+02,-8.400000000000000000e+01,4.000000000000000000e+00
-1.000000000000000000e+00,1.600000000000000000e+01,1.600000000000000000e+01,1.400000000000000000e+01,4.440000000000000000e+02,4.000000000000000000e+01,4.240000000000000000e+02,-1.050000000000000000e+02,8.000000000000000000e+01,4.000000000000000000e+00
-1.000000000000000000e+00,1.600000000000000000e+01,1.600000000000000000e+01,3.300000000000000000e+01,4.440000000000000000e+02,5.600000000000000000e+01,4.240000000000000000e+02,-9.300000000000000000e+01,8.000000000000000000e+01,4.000000000000000000e+00
1.000000000000000000e+00,1.600000000000000000e+01,1.600000000000000000e+01,8.000000000000000000e+01,4.030000000000000000e+02,5.600000000000000000e+01,4.240000000000000000e+02,9.600000000000000000e+01,-8.700000000000000000e+01,4.000000000000000000e+00
-1.000000000000000000e+00,1.600000000000000000e+01,1.600000000000000000e+01,4.900000000000000000e+01,4.440000000000000000e+02,7.200000000000000000e+01,4.240000000000000000e+02,-9.200000000000000000e+01,8.000000000000000000e+01,4.000000000000000000e+00
1.000000000000000000e+00,1.600000000000000000e+01,1.600000000000000000e+01,9.600000000000000000e+01,4.030000000000000000e+02,7.200000000000000000e+01,4.240000000000000000e+02,9.600000000000000000e+01,-8.700000000000000000e+01,4.000000000000000000e+00
-1.000000000000000000e+00,1.600000000000000000e+01,1.600000000000000000e+01,6.500000000000000000e+01,4.440000000000000000e+02,8.800000000000000000e+01,4.240000000000000000e+02,-9.200000000000000000e+01,8.000000000000000000e+01,4.000000000000000000e+00
1.000000000000000000e+00,1.600000000000000000e+01,1.600000000000000000e+01,1.120000000000000000e+02,4.030000000000000000e+02,8.800000000000000000e+01,4.240000000000000000e+02,9.600000000000000000e+01,-8.700000000000000000e+01,4.000000000000000000e+00
-1.000000000000000000e+00,1.600000000000000000e+01,1.600000000000000000e+01,8.300000000000000000e+01,4.440000000000000000e+02,1.040000000000000000e+02,4.240000000000000000e+02,-8.600000000000000000e+01,8.000000000000000000e+01,4.000000000000000000e+00
1.000000000000000000e+00,1.600000000000000000e+01,1.600000000000000000e+01,1.280000000000000000e+02,4.030000000000000000e+02,1.040000000000000000e+02,4.240000000000000000e+02,9.600000000000000000e+01,-8.700000000000000000e+01,4.000000000000000000e+00
-1.000000000000000000e+00,1.600000000000000000e+01,1.600000000000000000e+01,9.900000000000000000e+01,4.440000000000000000e+02,1.200000000000000000e+02,4.240000000000000000e+02,-8.600000000000000000e+01,8.000000000000000000e+01,4.000000000000000000e+00
1.000000000000000000e+00,1.600000000000000000e+01,1.600000000000000000e+01,1.440000000000000000e+02,4.060000000000000000e+02,1.200000000000000000e+02,4.240000000000000000e+02,9.600000000000000000e+01,-7.500000000000000000e+01,4.000000000000000000e+00
-1.000000000000000000e+00,1.600000000000000000e+01,1.600000000000000000e+01,1.150000000000000000e+02,4.440000000000000000e+02,1.360000000000000000e+02,4.240000000000000000e+02,-8.600000000000000000e+01,8.000000000000000000e+01,4.000000000000000000e+00
1.000000000000000000e+00,1.600000000000000000e+01,1.600000000000000000e+01,1.600000000000000000e+02,4.060000000000000000e+02,1.360000000000000000e+02,4.240000000000000000e+02,9.600000000000000000e+01,-7.500000000000000000e+01,4.000000000000000000e+00
-1.000000000000000000e+00,1.600000000000000000e+01,1.600000000000000000e+01,1.310000000000000000e+02,4.410000000000000000e+02,1.520000000000000000e+02,4.240000000000000000e+02,-8.600000000000000000e+01,7.100000000000000000e+01,4.000000000000000000e+00
1.000000000000000000e+00,1.600000000000000000e+01,1.600000000000000000e+01,1.760000000000000000e+02,4.020000000000000000e+02,1.520000000000000000e+02,4.240000000000000000e+02,9.600000000000000000e+01,-8.800000000000000000e+01,4.000000000000000000e+00
-1.000000000000000000e+00,1.600000000000000000e+01,1.600000000000000000e+01,1.470000000000000000e+02,4.410000000000000000e+02,1.680000000000000000e+02,4.240000000000000000e+02,-8.600000000000000000e+01,7.000000000000000000e+01,4.000000000000000000e+00
1.000000000000000000e+00,1.600000000000000000e+01,1.600000000000000000e+01,1.920000000000000000e+02,4.020000000000000000e+02,1.680000000000000000e+02,4.240000000000000000e+02,9.900000000000000000e+01,-8.800000000000000000e+01,4.000000000000000000e+00
-1.000000000000000000e+00,1.600000000000000000e+01,1.600000000000000000e+01,1.620000000000000000e+02,4.410000000000000000e+02,1.840000000000000000e+02,4.240000000000000000e+02,-8.800000000000000000e+01,7.000000000000000000e+01,4.000000000000000000e+00
-1.000000000000000000e+00,1.600000000000000000e+01,1.600000000000000000e+01,1.780000000000000000e+02,4.430000000000000000e+02,2.000000000000000000e+02,4.240000000000000000e+02,-8.800000000000000000e+01,7.600000000000000000e+01,4.000000000000000000e+00
1.000000000000000000e+00,1.600000000000000000e+01,1.600000000000000000e+01,2.410000000000000000e+02,4.020000000000000000e+02,2.160000000000000000e+02,4.240000000000000000e+02,1.010000000000000000e+02,-9.000000000000000000e+01,4.000000000000000000e+00
-1.000000000000000000e+00,1.600000000000000000e+01,1.600000000000000000e+01,2.320000000000000000e+02,4.240000000000000000e+02,2.320000000000000000e+02,4.240000000000000000e+02,0.000000000000000000e+00,0.000000000000000000e+00,4.000000000000000000e+00
-1.000000000000000000e+00,1.600000000000000000e+01,1.600000000000000000e+01,2.480000000000000000e+02,4.240000000000000000e+02,2.480000000000000000e+02,4.240000000000000000e+02,0.000000000000000000e+00,0.000000000000000000e+00,4.000000000000000000e+00
-1.000000000000000000e+00,1.600000000000000000e+01,1.600000000000000000e+01,2.640000000000000000e+02,4.240000000000000000e+02,2.640000000000000000e+02,4.240000000000000000e+02,0.000000000000000000e+00,0.000000000000000000e+00,4.000000000000000000e+00
1.000000000000000000e+00,1.600000000000000000e+01,1.600000000000000000e+01,2.640000000000000000e+02,4.240000000000000000e+02,2.640000000000000000e+02,4.240000000000000000e+02,0.000000000000000000e+00,0.000000000000000000e+00,4.000000000000000000e+00
-1.000000000000000000e+00,1.600000000000000000e+01,1.600000000000000000e+01,2.800000000000000000e+02,4.240000000000000000e+02,2.800000000000000000e+02,4.240000000000000000e+02,0.000000000000000000e+00,0.000000000000000000e+00,4.000000000000000000e+00
1.000000000000000000e+00,1.600000000000000000e+01,1.600000000000000000e+01,2.800000000000000000e+02,4.240000000000000000e+02,2.800000000000000000e+02,4.240000000000000000e+02,0.000000000000000000e+00,0.000000000000000000e+00,4.000000000000000000e+00
-1.000000000000000000e+00,1.600000000000000000e+01,1.600000000000000000e+01,2.960000000000000000e+02,4.240000000000000000e+02,2.960000000000000000e+02,4.240000000000000000e+02,0.000000000000000000e+00,0.000000000000000000e+00,4.000000000000000000e+00
1.000000000000000000e+00,1.600000000000000000e+01,1.600000000000000000e+01,2.960000000000000000e+02,4.240000000000000000e+02,2.960000000000000000e+02,4.240000000000000000e+02,0.000000000000000000e+00,0.000000000000000000e+00,4.000000000000000000e+00
1.000000000000000000e+00,1.600000000000000000e+01,1.600000000000000000e+01,3.120000000000000000e+02,4.240000000000000000e+02,3.120000000000000000e+02,4.240000000000000000e+02,0.000000000000000000e+00,0.000000000000000000e+00,4.000000000000000000e+00
1.000000000000000000e+00,8.000000000000000000e+00,1.600000000000000000e+01,3.710000000000000000e+02,4.240000000000000000e+02,3.240000000000000000e+02,4.240000000000000000e+02,1.880000000000000000e+02,0.000000000000000000e+00,4.000000000000000000e+00
1.000000000000000000e+00,8.000000000000000000e+00,1.600000000000000000e+01,3.710000000000000000e+02,3.950000000000000000e+02,3.320000000000000000e+02,4.240000000000000000e+02,1.570000000000000000e+02,-1.190000000000000000e+02,4.000000000000000000e+00
1.000000000000000000e+00,1.600000000000000000e+01,1.600000000000000000e+01,3.830000000000000000e+02,3.950000000000000000e+02,3.440000000000000000e+02,4.240000000000000000e+02,1.570000000000000000e+02,-1.190000000000000000e+02,4.000000000000000000e+00
1.000000000000000000e+00,1.600000000000000000e+01,1.600000000000000000e+01,3.990000000000000000e+02,3.950000000000000000e+02,3.600000000000000000e+02,4.240000000000000000e+02,1.570000000000000000e+02,-1.190000000000000000e+02,4.000000000000000000e+00
1.000000000000000000e+00,1.600000000000000000e+01,1.600000000000000000e+01,3.760000000000000000e+02,4.240000000000000000e+02,3.760000000000000000e+02,4.240000000000000000e+02,0.000000000000000000e+00,0.000000000000000000e+00,4.000000000000000000e+00
-1.000000000000000000e+00,1.600000000000000000e+01,1.600000000000000000e+01,3.920000000000000000e+02,4.240000000000000000e+02,3.920000000000000000e+02,4.240000000000000000e+02,0.000000000000000000e+00,0.000000000000000000e+00,4.000000000000000000e+00
1.000000000000000000e+00,1.600000000000000000e+01,1.600000000000000000e+01,3.920000000000000000e+02,4.240000000000000000e+02,3.920000000000000000e+02,4.240000000000000000e+02,0.000000000000000000e+00,0.000000000000000000e+00,4.000000000000000000e+00
1.000000000000000000e+00,1.600000000000000000e+01,1.600000000000000000e+01,4.620000000000000000e+02,4.000000000000000000e+02,4.240000000000000000e+02,4.240000000000000000e+02,1.540000000000000000e+02,-9.800000000000000000e+01,4.000000000000000000e+00
1.000000000000000000e+00,1.600000000000000000e+01,1.600000000000000000e+01,4.740000000000000000e+02,4.010000000000000000e+02,4.400000000000000000e+02,4.240000000000000000e+02,1.360000000000000000e+02,-9.300000000000000000e+01,4.000000000000000000e+00
-1.000000000000000000e+00,1.600000000000000000e+01,1.600000000000000000e+01,4.230000000000000000e+02,4.440000000000000000e+02,4.560000000000000000e+02,4.240000000000000000e+02,-1.320000000000000000e+02,8.300000000000000000e+01,4.000000000000000000e+00
-1.000000000000000000e+00,1.600000000000000000e+01,1.600000000000000000e+01,4.390000000000000000e+02,4.440000000000000000e+02,4.720000000000000000e+02,4.240000000000000000e+02,-1.320000000000000000e+02,8.300000000000000000e+01,4.000000000000000000e+00
1.000000000000000000e+00,1.600000000000000000e+01,1.600000000000000000e+01,5.090000000000000000e+02,4.010000000000000000e+02,4.720000000000000000e+02,4.240000000000000000e+02,1.510000000000000000e+02,-9.300000000000000000e+01,4.000000000000000000e+00
-1.000000000000000000e+00,1.600000000000000000e+01,1.600000000000000000e+01,4.620000000000000000e+02,4.440000000000000000e+02,4.880000000000000000e+02,4.240000000000000000e+02,-1.070000000000000000e+02,8.300000000000000000e+01,4.000000000000000000e+00
-1.000000000000000000e+00,1.600000000000000000e+01,1.600000000000000000e+01,4.740000000000000000e+02,4.450000000000000000e+02,5.040000000000000000e+02,4.240000000000000000e+02,-1.200000000000000000e+02,8.700000000000000000e+01,4.000000000000000000e+00
-1.000000000000000000e+00,8.000000000000000000e+00,8.000000000000000000e+00,4.860000000000000000e+02,4.410000000000000000e+02,5.160000000000000000e+02,4.200000000000000000e+02,-1.200000000000000000e+02,8.700000000000000000e+01,4.000000000000000000e+00
-1.000000000000000000e+00,8.000000000000000000e+00,8.000000000000000000e+00,5.240000000000000000e+02,4.200000000000000000e+02,5.240000000000000000e+02,4.200000000000000000e+02,0.000000000000000000e+00,0.000000000000000000e+00,4.000000000000000000e+00
-1.000000000000000000e+00,8.000000000000000000e+00,8.000000000000000000e+00,4.840000000000000000e+02,4.370000000000000000e+02,5.160000000000000000e+02,4.280000000000000000e+02,-1.300000000000000000e+02,3.800000000000000000e+01,4.000000000000000000e+00
-1.000000000000000000e+00,8.000000000000000000e+00,8.000000000000000000e+00,4.960000000000000000e+02,4.380000000000000000e+02,5.240000000000000000e+02,4.280000000000000000e+02,-1.120000000000000000e+02,4.000000000000000000e+01,4.000000000000000000e+00
1.000000000000000000e+00,8.000000000000000000e+00,8.000000000000000000e+00,5.160000000000000000e+02,4.200000000000000000e+02,5.160000000000000000e+02,4.200000000000000000e+02,0.000000000000000000e+00,0.000000000000000000e+00,4.000000000000000000e+00
1.000000000000000000e+00,8.000000000000000000e+00,8.000000000000000000e+00,5.280000000000000000e+02,4.120000000000000000e+02,5.240000000000000000e+02,4.200000000000000000e+02,1.600000000000000000e+01,-3.400000000000000000e+01,4.000000000000000000e+00
1.000000000000000000e+00,8.000000000000000000e+00,8.000000000000000000e+00,5.160000000000000000e+02,4.280000000000000000e+02,5.160000000000000000e+02,4.280000000000000000e+02,0.000000000000000000e+00,0.000000000000000000e+00,4.000000000000000000e+00
1.000000000000000000e+00,8.000000000000000000e+00,8.000000000000000000e+00,5.240000000000000000e+02,4.280000000000000000e+02,5.240000000000000000e+02,4.280000000000000000e+02,0.000000000000000000e+00,0.000000000000000000e+00,4.000000000000000000e+00
1.000000000000000000e+00,1.600000000000000000e+01,1.600000000000000000e+01,5.370000000000000000e+02,4.180000000000000000e+02,5.360000000000000000e+02,4.240000000000000000e+02,4.000000000000000000e+00,-2.700000000000000000e+01,4.000000000000000000e+00
-1.000000000000000000e+00,1.600000000000000000e+01,1.600000000000000000e+01,5.680000000000000000e+02,4.400000000000000000e+02,5.680000000000000000e+02,4.240000000000000000e+02,0.000000000000000000e+00,6.400000000000000000e+01,4.000000000000000000e+00
1.000000000000000000e+00,1.600000000000000000e+01,1.600000000000000000e+01,5.680000000000000000e+02,4.240000000000000000e+02,5.680000000000000000e+02,4.240000000000000000e+02,0.000000000000000000e+00,0.000000000000000000e+00,4.000000000000000000e+00
-1.000000000000000000e+00,1.600000000000000000e+01,1.600000000000000000e+01,5.840000000000000000e+02,4.400000000000000000e+02,5.840000000000000000e+02,4.240000000000000000e+02,0.000000000000000000e+00,6.400000000000000000e+01,4.000000000000000000e+00
1.000000000000000000e+00,1.600000000000000000e+01,1.600000000000000000e+01,5.840000000000000000e+02,4.240000000000000000e+02,5.840000000000000000e+02,4.240000000000000000e+02,0.000000000000000000e+00,0.000000000000000000e+00,4.000000000000000000e+00
-1.000000000000000000e+00,1.600000000000000000e+01,1.600000000000000000e+01,6.000000000000000000e+02,4.370000000000000000e+02,6.000000000000000000e+02,4.240000000000000000e+02,0.000000000000000000e+00,5.500000000000000000e+01,4.000000000000000000e+00
1.000000000000000000e+00,1.600000000000000000e+01,1.600000000000000000e+01,6.000000000000000000e+02,4.240000000000000000e+02,6.000000000000000000e+02,4.240000000000000000e+02,0.000000000000000000e+00,0.000000000000000000e+00,4.000000000000000000e+00
-1.000000000000000000e+00,1.600000000000000000e+01,1.600000000000000000e+01,6.060000000000000000e+02,4.370000000000000000e+02,6.160000000000000000e+02,4.240000000000000000e+02,-4.100000000000000000e+01,5.500000000000000000e+01,4.000000000000000000e+00
1.000000000000000000e+00,1.600000000000000000e+01,1.600000000000000000e+01,6.160000000000000000e+02,4.240000000000000000e+02,6.160000000000000000e+02,4.240000000000000000e+02,0.000000000000000000e+00,0.000000000000000000e+00,4.000000000000000000e+00
-1.000000000000000000e+00,1.600000000000000000e+01,1.600000000000000000e+01,6.220000000000000000e+02,4.370000000000000000e+02,6.320000000000000000e+02,4.240000000000000000e+02,-4.100000000000000000e+01,5.500000000000000000e+01,4.000000000000000000e+00
1.000000000000000000e+00,1.600000000000000000e+01,1.600000000000000000e+01,6.360000000000000000e+02,4.240000000000000000e+02,6.320000000000000000e+02,4.240000000000000000e+02,1.600000000000000000e+01,0.000000000000000000e+00,4.000000000000000000e+00
-1.000000000000000000e+00,1.600000000000000000e+01,1.600000000000000000e+01,6.380000000000000000e+02,4.370000000000000000e+02,6.480000000000000000e+02,4.240000000000000000e+02,-4.100000000000000000e+01,5.500000000000000000e+01,4.000000000000000000e+00
1.000000000000000000e+00,1.600000000000000000e+01,1.600000000000000000e+01,6.520000000000000000e+02,4.240000000000000000e+02,6.480000000000000000e+02,4.240000000000000000e+02,1.600000000000000000e+01,0.000000000000000000e+00,4.000000000000000000e+00
-1.000000000000000000e+00,1.600000000000000000e+01,1.600000000000000000e+01,6.540000000000000000e+02,4.370000000000000000e+02,6.640000000000000000e+02,4.240000000000000000e+02,-4.100000000000000000e+01,5.500000000000000000e+01,4.000000000000000000e+00
1.000000000000000000e+00,1.600000000000000000e+01,1.600000000000000000e+01,6.640000000000000000e+02,4.240000000000000000e+02,6.640000000000000000e+02,4.240000000000000000e+02,0.000000000000000000e+00,0.000000000000000000e+00,4.000000000000000000e+00
-1.000000000000000000e+00,1.600000000000000000e+01,1.600000000000000000e+01,6.700000000000000000e+02,4.370000000000000000e+02,6.800000000000000000e+02,4.240000000000000000e+02,-4.100000000000000000e+01,5.500000000000000000e+01,4.000000000000000000e+00
1.000000000000000000e+00,1.600000000000000000e+01,1.600000000000000000e+01,6.800000000000000000e+02,4.240000000000000000e+02,6.800000000000000000e+02,4.240000000000000000e+02,0.000000000000000000e+00,0.000000000000000000e+00,4.000000000000000000e+00
1.000000000000000000e+00,1.600000000000000000e+01,1.600000000000000000e+01,6.960000000000000000e+02,4.240000000000000000e+02,6.960000000000000000e+02,4.240000000000000000e+02,0.000000000000000000e+00,0.000000000000000000e+00,4.000000000000000000e+00
1.000000000000000000e+00,1.600000000000000000e+01,1.600000000000000000e+01,7.120000000000000000e+02,4.170000000000000000e+02,7.120000000000000000e+02,4.240000000000000000e+02,0.000000000000000000e+00,-3.000000000000000000e+01,4.000000000000000000e+00
-1.000000000000000000e+00,1.600000000000000000e+01,1.600000000000000000e+01,7.280000000000000000e+02,4.240000000000000000e+02,7.280000000000000000e+02,4.240000000000000000e+02,0.000000000000000000e+00,0.000000000000000000e+00,4.000000000000000000e+00
1.000000000000000000e+00,1.600000000000000000e+01,1.600000000000000000e+01,7.280000000000000000e+02,4.240000000000000000e+02,7.280000000000000000e+02,4.240000000000000000e+02,0.000000000000000000e+00,0.000000000000000000e+00,4.000000000000000000e+00
-1.000000000000000000e+00,1.600000000000000000e+01,1.600000000000000000e+01,7.420000000000000000e+02,4.310000000000000000e+02,7.440000000000000000e+02,4.240000000000000000e+02,-8.000000000000000000e+00,3.100000000000000000e+01,4.000000000000000000e+00
1.000000000000000000e+00,1.600000000000000000e+01,1.600000000000000000e+01,7.440000000000000000e+02,4.170000000000000000e+02,7.440000000000000000e+02,4.240000000000000000e+02,0.000000000000000000e+00,-3.000000000000000000e+01,4.000000000000000000e+00
-1.000000000000000000e+00,1.600000000000000000e+01,1.600000000000000000e+01,7.580000000000000000e+02,4.310000000000000000e+02,7.600000000000000000e+02,4.240000000000000000e+02,-8.000000000000000000e+00,3.100000000000000000e+01,4.000000000000000000e+00
1.000000000000000000e+00,1.600000000000000000e+01,1.600000000000000000e+01,7.600000000000000000e+02,4.170000000000000000e+02,7.600000000000000000e+02,4.240000000000000000e+02,0.000000000000000000e+00,-3.000000000000000000e+01,4.000000000000000000e+00
-1.000000000000000000e+00,1.600000000000000000e+01,1.600000000000000000e+01,7.740000000000000000e+02,4.310000000000000000e+02,7.760000000000000000e+02,4.240000000000000000e+02,-8.000000000000000000e+00,3.100000000000000000e+01,4.000000000000000000e+00
1.000000000000000000e+00,1.600000000000000000e+01,1.600000000000000000e+01,7.760000000000000000e+02,4.170000000000000000e+02,7.760000000000000000e+02,4.240000000000000000e+02,0.000000000000000000e+00,-3.000000000000000000e+01,4.000000000000000000e+00
-1.000000000000000000e+00,1.600000000000000000e+01,1.600000000000000000e+01,7.900000000000000000e+02,4.310000000000000000e+02,7.920000000000000000e+02,4.240000000000000000e+02,-8.000000000000000000e+00,3.100000000000000000e+01,4.000000000000000000e+00
1.000000000000000000e+00,1.600000000000000000e+01,1.600000000000000000e+01,7.920000000000000000e+02,4.240000000000000000e+02,7.920000000000000000e+02,4.240000000000000000e+02,0.000000000000000000e+00,0.000000000000000000e+00,4.000000000000000000e+00
-1.000000000000000000e+00,1.600000000000000000e+01,1.600000000000000000e+01,8.010000000000000000e+02,4.310000000000000000e+02,8.080000000000000000e+02,4.240000000000000000e+02,-2.800000000000000000e+01,3.100000000000000000e+01,4.000000000000000000e+00
-1.000000000000000000e+00,1.600000000000000000e+01,1.600000000000000000e+01,8.170000000000000000e+02,4.330000000000000000e+02,8.240000000000000000e+02,4.240000000000000000e+02,-2.800000000000000000e+01,3.600000000000000000e+01,4.000000000000000000e+00
-1.000000000000000000e+00,1.600000000000000000e+01,1.600000000000000000e+01,8.310000000000000000e+02,4.320000000000000000e+02,8.400000000000000000e+02,4.240000000000000000e+02,-3.800000000000000000e+01,3.300000000000000000e+01,4.000000000000000000e+00
1.000000000000000000e+00,1.600000000000000000e+01,1.600000000000000000e+01,8.480000000000000000e+02,4.170000000000000000e+02,8.400000000000000000e+02,4.240000000000000000e+02,3.200000000000000000e+01,-3.100000000000000000e+01,4.000000000000000000e+00
-1.000000000000000000e+00,1.600000000000000000e+01,1.600000000000000000e+01,8.450000000000000000e+02,4.320000000000000000e+02,8.560000000000000000e+02,4.240000000000000000e+02,-4.700000000000000000e+01,3.500000000000000000e+01,4.000000000000000000e+00
-1.000000000000000000e+00,8.000000000000000000e+00,1.600000000000000000e+01,8.540000000000000000e+02,4.320000000000000000e+02,8.680000000000000000e+02,4.240000000000000000e+02,-5.900000000000000000e+01,3.500000000000000000e+01,4.000000000000000000e+00
-1.000000000000000000e+00,8.000000000000000000e+00,1.600000000000000000e+01,8.580000000000000000e+02,4.410000000000000000e+02,8.760000000000000000e+02,4.240000000000000000e+02,-7.500000000000000000e+01,6.800000000000000000e+01,4.000000000000000000e+00
-1.000000000000000000e+00,1.600000000000000000e+01,1.600000000000000000e+01,8.700000000000000000e+02,4.410000000000000000e+02,8.880000000000000000e+02,4.240000000000000000e+02,-7.200000000000000000e+01,6.800000000000000000e+01,4.000000000000000000e+00
-1.000000000000000000e+00,1.600000000000000000e+01,8.000000000000000000e+00,8.870000000000000000e+02,4.320000000000000000e+02,9.040000000000000000e+02,4.200000000000000000e+02,-7.000000000000000000e+01,5.100000000000000000e+01,4.000000000000000000e+00
-1.000000000000000000e+00,1.600000000000000000e+01,8.000000000000000000e+00,8.880000000000000000e+02,4.400000000000000000e+02,9.040000000000000000e+02,4.280000000000000000e+02,-6.600000000000000000e+01,5.100000000000000000e+01,4.000000000000000000e+00
1.000000000000000000e+00,1.600000000000000000e+01,1.600000000000000000e+01,9.330000000000000000e+02,4.030000000000000000e+02,9.200000000000000000e+02,4.240000000000000000e+02,5.200000000000000000e+01,-8.600000000000000000e+01,4.000000000000000000e+00
1.000000000000000000e+00,1.600000000000000000e+01,1.600000000000000000e+01,9.860000000000000000e+02,4.120000000000000000e+02,9.680000000000000000e+02,4.240000000000000000e+02,7.500000000000000000e+01,-5.000000000000000000e+01,4.000000000000000000e+00
-1.000000000000000000e+00,1.600000000000000000e+01,1.600000000000000000e+01,9.630000000000000000e+02,4.430000000000000000e+02,9.840000000000000000e+02,4.240000000000000000e+02,-8.400000000000000000e+01,7.600000000000000000e+01,4.000000000000000000e+00
1.000000000000000000e+00,1.600000000000000000e+01,1.600000000000000000e+01,1.002000000000000000e+03,4.120000000000000000e+02,9.840000000000000000e+02,4.240000000000000000e+02,7.500000000000000000e+01,-5.000000000000000000e+01,4.000000000000000000e+00
-1.000000000000000000e+00,1.600000000000000000e+01,1.600000000000000000e+01,9.950000000000000000e+02,4.430000000000000000e+02,1.016000000000000000e+03,4.240000000000000000e+02,-8.400000000000000000e+01,7.600000000000000000e+01,4.000000000000000000e+00
-1.000000000000000000e+00,1.600000000000000000e+01,1.600000000000000000e+01,1.011000000000000000e+03,4.430000000000000000e+02,1.032000000000000000e+03,4.240000000000000000e+02,-8.400000000000000000e+01,7.600000000000000000e+01,4.000000000000000000e+00
1.000000000000000000e+00,1.600000000000000000e+01,1.600000000000000000e+01,1.032000000000000000e+03,4.040000000000000000e+02,1.032000000000000000e+03,4.240000000000000000e+02,0.000000000000000000e+00,-8.200000000000000000e+01,4.000000000000000000e+00
-1.000000000000000000e+00,1.600000000000000000e+01,1.600000000000000000e+01,1.027000000000000000e+03,4.430000000000000000e+02,1.048000000000000000e+03,4.240000000000000000e+02,-8.400000000000000000e+01,7.600000000000000000e+01,4.000000000000000000e+00
1.000000000000000000e+00,1.600000000000000000e+01,1.600000000000000000e+01,1.048000000000000000e+03,4.040000000000000000e+02,1.048000000000000000e+03,4.240000000000000000e+02,0.000000000000000000e+00,-8.200000000000000000e+01,4.000000000000000000e+00
-1.000000000000000000e+00,1.600000000000000000e+01,1.600000000000000000e+01,1.043000000000000000e+03,4.430000000000000000e+02,1.064000000000000000e+03,4.240000000000000000e+02,-8.400000000000000000e+01,7.600000000000000000e+01,4.000000000000000000e+00
1.000000000000000000e+00,1.600000000000000000e+01,1.600000000000000000e+01,1.064000000000000000e+03,4.040000000000000000e+02,1.064000000000000000e+03,4.240000000000000000e+02,0.000000000000000000e+00,-8.200000000000000000e+01,4.000000000000000000e+00
-1.000000000000000000e+00,1.600000000000000000e+01,1.600000000000000000e+01,1.059000000000000000e+03,4.430000000000000000e+02,1.080000000000000000e+03,4.240000000000000000e+02,-8.400000000000000000e+01,7.600000000000000000e+01,4.000000000000000000e+00
1.000000000000000000e+00,1.600000000000000000e+01,1.600000000000000000e+01,1.080000000000000000e+03,4.040000000000000000e+02,1.080000000000000000e+03,4.240000000000000000e+02,0.000000000000000000e+00,-8.200000000000000000e+01,4.000000000000000000e+00
1.000000000000000000e+00,1.600000000000000000e+01,1.600000000000000000e+01,1.096000000000000000e+03,4.040000000000000000e+02,1.096000000000000000e+03,4.240000000000000000e+02,0.000000000000000000e+00,-8.200000000000000000e+01,4.000000000000000000e+00
-1.000000000000000000e+00,1.600000000000000000e+01,1.600000000000000000e+01,1.112000000000000000e+03,4.340000000000000000e+02,1.112000000000000000e+03,4.240000000000000000e+02,0.000000000000000000e+00,4.300000000000000000e+01,4.000000000000000000e+00
1.000000000000000000e+00,1.600000000000000000e+01,1.600000000000000000e+01,1.112000000000000000e+03,4.090000000000000000e+02,1.112000000000000000e+03,4.240000000000000000e+02,0.000000000000000000e+00,-6.200000000000000000e+01,4.000000000000000000e+00
-1.000000000000000000e+00,1.600000000000000000e+01,1.600000000000000000e+01,1.128000000000000000e+03,4.340000000000000000e+02,1.128000000000000000e+03,4.240000000000000000e+02,0.000000000000000000e+00,4.300000000000000000e+01,4.000000000000000000e+00
1.000000000000000000e+00,1.600000000000000000e+01,1.600000000000000000e+01,1.128000000000000000e+03,4.240000000000000000e+02,1.128000000000000000e+03,4.240000000000000000e+02,0.000000000000000000e+00,0.000000000000000000e+00,4.000000000000000000e+00
-1.000000000000000000e+00,1.600000000000000000e+01,1.600000000000000000e+01,1.144000000000000000e+03,4.340000000000000000e+02,1.144000000000000000e+03,4.240000000000000000e+02,0.000000000000000000e+00,4.300000000000000000e+01,4.000000000000000000e+00
1.000000000000000000e+00,1.600000000000000000e+01,1.600000000000000000e+01,1.144000000000000000e+03,4.240000000000000000e+02,1.144000000000000000e+03,4.240000000000000000e+02,0.000000000000000000e+00,0.000000000000000000e+00,4.000000000000000000e+00
-1.000000000000000000e+00,1.600000000000000000e+01,1.600000000000000000e+01,1.160000000000000000e+03,4.360000000000000000e+02,1.160000000000000000e+03,4.240000000000000000e+02,0.000000000000000000e+00,4.800000000000000000e+01,4.000000000000000000e+00
1.000000000000000000e+00,1.600000000000000000e+01,1.600000000000000000e+01,1.160000000000000000e+03,4.240000000000000000e+02,1.160000000000000000e+03,4.240000000000000000e+02,0.000000000000000000e+00,0.000000000000000000e+00,4.000000000000000000e+00
1.000000000000000000e+00,1.600000000000000000e+01,1.600000000000000000e+01,1.176000000000000000e+03,4.240000000000000000e+02,1.176000000000000000e+03,4.240000000000000000e+02,0.000000000000000000e+00,0.000000000000000000e+00,4.000000000000000000e+00
1.000000000000000000e+00,1.600000000000000000e+01,1.600000000000000000e+01,1.192000000000000000e+03,4.240000000000000000e+02,1.192000000000000000e+03,4.240000000000000000e+02,0.000000000000000000e+00,0.000000000000000000e+00,4.000000000000000000e+00
1.000000000000000000e+00,1.600000000000000000e+01,1.600000000000000000e+01,1.208000000000000000e+03,4.240000000000000000e+02,1.208000000000000000e+03,4.240000000000000000e+02,0.000000000000000000e+00,0.000000000000000000e+00,4.000000000000000000e+00
-1.000000000000000000e+00,1.600000000000000000e+01,1.600000000000000000e+01,1.224000000000000000e+03,4.420000000000000000e+02,1.224000000000000000e+03,4.240000000000000000e+02,0.000000000000000000e+00,7.200000000000000000e+01,4.000000000000000000e+00
1.000000000000000000e+00,1.600000000000000000e+01,1.600000000000000000e+01,1.256000000000000000e+03,4.240000000000000000e+02,1.256000000000000000e+03,4.240000000000000000e+02,0.000000000000000000e+00,0.000000000000000000e+00,4.000000000000000000e+00
-1.000000000000000000e+00,1.600000000000000000e+01,1.600000000000000000e+01,1.272000000000000000e+03,4.240000000000000000e+02,1.272000000000000000e+03,4.240000000000000000e+02,0.000000000000000000e+00,0.000000000000000000e+00,4.000000000000000000e+00
1.000000000000000000e+00,1.600000000000000000e+01,1.600000000000000000e+01,3.500000000000000000e+01,4.230000000000000000e+02,8.000000000000000000e+00,4.400000000000000000e+02,1.090000000000000000e+02,-6.800000000000000000e+01,4.000000000000000000e+00
1.000000000000000000e+00,1.600000000000000000e+01,1.600000000000000000e+01,5.100000000000000000e+01,4.230000000000000000e+02,2.400000000000000000e+01,4.400000000000000000e+02,1.080000000000000000e+02,-6.800000000000000000e+01,4.000000000000000000e+00
-1.000000000000000000e+00,1.600000000000000000e+01,1.600000000000000000e+01,1.400000000000000000e+01,4.600000000000000000e+02,4.000000000000000000e+01,4.400000000000000000e+02,-1.040000000000000000e+02,8.000000000000000000e+01,4.000000000000000000e+00
-1.000000000000000000e+00,1.600000000000000000e+01,1.600000000000000000e+01,3.000000000000000000e+01,4.600000000000000000e+02,5.600000000000000000e+01,4.400000000000000000e+02,-1.040000000000000000e+02,8.000000000000000000e+01,4.000000000000000000e+00
-1.000000000000000000e+00,1.600000000000000000e+01,1.600000000000000000e+01,4.900000000000000000e+01,4.600000000000000000e+02,7.200000000000000000e+01,4.400000000000000000e+02,-9.200000000000000000e+01,8.000000000000000000e+01,4.000000000000000000e+00
1.000000000000000000e+00,1.600000000000000000e+01,1.600000000000000000e+01,9.600000000000000000e+01,4.190000000000000000e+02,7.200000000000000000e+01,4.400000000000000000e+02,9.600000000000000000e+01,-8.700000000000000000e+01,4.000000000000000000e+00
-1.000000000000000000e+00,1.600000000000000000e+01,1.600000000000000000e+01,6.500000000000000000e+01,4.600000000000000000e+02,8.800000000000000000e+01,4.400000000000000000e+02,-9.200000000000000000e+01,8.000000000000000000e+01,4.000000000000000000e+00
1.000000000000000000e+00,1.600000000000000000e+01,1.600000000000000000e+01,1.120000000000000000e+02,4.190000000000000000e+02,8.800000000000000000e+01,4.400000000000000000e+02,9.600000000000000000e+01,-8.700000000000000000e+01,4.000000000000000000e+00
-1.000000000000000000e+00,1.600000000000000000e+01,1.600000000000000000e+01,8.300000000000000000e+01,4.600000000000000000e+02,1.040000000000000000e+02,4.400000000000000000e+02,-8.600000000000000000e+01,8.000000000000000000e+01,4.000000000000000000e+00
1.000000000000000000e+00,1.600000000000000000e+01,1.600000000000000000e+01,1.280000000000000000e+02,4.190000000000000000e+02,1.040000000000000000e+02,4.400000000000000000e+02,9.600000000000000000e+01,-8.700000000000000000e+01,4.000000000000000000e+00
-1.000000000000000000e+00,1.600000000000000000e+01,1.600000000000000000e+01,9.900000000000000000e+01,4.600000000000000000e+02,1.200000000000000000e+02,4.400000000000000000e+02,-8.600000000000000000e+01,8.000000000000000000e+01,4.000000000000000000e+00
1.000000000000000000e+00,1.600000000000000000e+01,1.600000000000000000e+01,1.440000000000000000e+02,4.220000000000000000e+02,1.200000000000000000e+02,4.400000000000000000e+02,9.600000000000000000e+01,-7.500000000000000000e+01,4.000000000000000000e+00
1.000000000000000000e+00,1.600000000000000000e+01,1.600000000000000000e+01,1.600000000000000000e+02,4.190000000000000000e+02,1.360000000000000000e+02,4.400000000000000000e+02,9.600000000000000000e+01,-8.400000000000000000e+01,4.000000000000000000e+00
1.000000000000000000e+00,1.600000000000000000e+01,1.600000000000000000e+01,1.820000000000000000e+02,4.170000000000000000e+02,1.520000000000000000e+02,4.400000000000000000e+02,1.220000000000000000e+02,-9.300000000000000000e+01,4.000000000000000000e+00
-1.000000000000000000e+00,1.600000000000000000e+01,1.600000000000000000e+01,1.470000000000000000e+02,4.570000000000000000e+02,1.680000000000000000e+02,4.400000000000000000e+02,-8.600000000000000000e+01,7.000000000000000000e+01,4.000000000000000000e+00
1.000000000000000000e+00,1.600000000000000000e+01,1.600000000000000000e+01,1.920000000000000000e+02,4.180000000000000000e+02,1.680000000000000000e+02,4.400000000000000000e+02,9.900000000000000000e+01,-8.800000000000000000e+01,4.000000000000000000e+00
-1.000000000000000000e+00,1.600000000000000000e+01,1.600000000000000000e+01,1.620000000000000000e+02,4.600000000000000000e+02,1.840000000000000000e+02,4.400000000000000000e+02,-8.800000000000000000e+01,8.300000000000000000e+01,4.000000000000000000e+00
1.000000000000000000e+00,1.600000000000000000e+01,1.600000000000000000e+01,2.250000000000000000e+02,4.180000000000000000e+02,2.000000000000000000e+02,4.400000000000000000e+02,1.010000000000000000e+02,-9.000000000000000000e+01,4.000000000000000000e+00
1.000000000000000000e+00,1.600000000000000000e+01,1.600000000000000000e+01,2.410000000000000000e+02,4.180000000000000000e+02,2.160000000000000000e+02,4.400000000000000000e+02,1.010000000000000000e+02,-8.900000000000000000e+01,4.000000000000000000e+00
-1.000000000000000000e+00,1.600000000000000000e+01,1.600000000000000000e+01,2.320000000000000000e+02,4.400000000000000000e+02,2.320000000000000000e+02,4.400000000000000000e+02,0.000000000000000000e+00,0.000000000000000000e+00,4.000000000000000000e+00
1.000000000000000000e+00,1.600000000000000000e+01,1.600000000000000000e+01,2.570000000000000000e+02,4.180000000000000000e+02,2.320000000000000000e+02,4.400000000000000000e+02,1.010000000000000000e+02,-8.900000000000000000e+01,4.000000000000000000e+00
-1.000000000000000000e+00,1.600000000000000000e+01,1.600000000000000000e+01,2.480000000000000000e+02,4.400000000000000000e+02,2.480000000000000000e+02,4.400000000000000000e+02,0.000000000000000000e+00,0.000000000000000000e+00,4.000000000000000000e+00
-1.000000000000000000e+00,1.600000000000000000e+01,1.600000000000000000e+01,2.640000000000000000e+02,4.400000000000000000e+02,2.640000000000000000e+02,4.400000000000000000e+02,0.000000000000000000e+00,0.000000000000000000e+00,4.000000000000000000e+00
1.000000000000000000e+00,1.600000000000000000e+01,1.600000000000000000e+01,2.640000000000000000e+02,4.400000000000000000e+02,2.640000000000000000e+02,4.400000000000000000e+02,0.000000000000000000e+00,0.000000000000000000e+00,4.000000000000000000e+00
-1.000000000000000000e+00,1.600000000000000000e+01,1.600000000000000000e+01,2.800000000000000000e+02,4.400000000000000000e+02,2.800000000000000000e+02,4.400000000000000000e+02,0.000000000000000000e+00,0.000000000000000000e+00,4.000000000000000000e+00
1.000000000000000000e+00,1.600000000000000000e+01,1.600000000000000000e+01,2.800000000000000000e+02,4.400000000000000000e+02,2.800000000000000000e+02,4.400000000000000000e+02,0.000000000000000000e+00,0.000000000000000000e+00,4.000000000000000000e+00
-1.000000000000000000e+00,1.600000000000000000e+01,1.600000000000000000e+01,2.960000000000000000e+02,4.400000000000000000e+02,2.960000000000000000e+02,4.400000000000000000e+02,0.000000000000000000e+00,0.000000000000000000e+00,4.000000000000000000e+00
1.000000000000000000e+00,1.600000000000000000e+01,1.600000000000000000e+01,2.960000000000000000e+02,4.400000000000000000e+02,2.960000000000000000e+02,4.400000000000000000e+02,0.000000000000000000e+00,0.000000000000000000e+00,4.000000000000000000e+00
-1.000000000000000000e+00,1.600000000000000000e+01,1.600000000000000000e+01,3.120000000000000000e+02,4.400000000000000000e+02,3.120000000000000000e+02,4.400000000000000000e+02,0.000000000000000000e+00,0.000000000000000000e+00,4.000000000000000000e+00
1.000000000000000000e+00,1.600000000000000000e+01,1.600000000000000000e+01,3.120000000000000000e+02,4.400000000000000000e+02,3.120000000000000000e+02,4.400000000000000000e+02,0.000000000000000000e+00,0.000000000000000000e+00,4.000000000000000000e+00
-1.000000000000000000e+00,1.600000000000000000e+01,1.600000000000000000e+01,3.280000000000000000e+02,4.400000000000000000e+02,3.280000000000000000e+02,4.400000000000000000e+02,0.000000000000000000e+00,0.000000000000000000e+00,4.000000000000000000e+00
1.000000000000000000e+00,1.600000000000000000e+01,1.600000000000000000e+01,3.280000000000000000e+02,4.400000000000000000e+02,3.280000000000000000e+02,4.400000000000000000e+02,0.000000000000000000e+00,0.000000000000000000e+00,4.000000000000000000e+00
-1.000000000000000000e+00,1.600000000000000000e+01,1.600000000000000000e+01,3.440000000000000000e+02,4.400000000000000000e+02,3.440000000000000000e+02,4.400000000000000000e+02,0.000000000000000000e+00,0.000000000000000000e+00,4.000000000000000000e+00
-1.000000000000000000e+00,1.600000000000000000e+01,8.000000000000000000e+00,3.710000000000000000e+02,4.360000000000000000e+02,3.920000000000000000e+02,4.360000000000000000e+02,-8.400000000000000000e+01,0.000000000000000000e+00,4.000000000000000000e+00
-1.000000000000000000e+00,1.600000000000000000e+01,8.000000000000000000e+00,3.710000000000000000e+02,4.440000000000000000e+02,3.920000000000000000e+02,4.440000000000000000e+02,-8.400000000000000000e+01,0.000000000000000000e+00,4.000000000000000000e+00
-1.000000000000000000e+00,1.600000000000000000e+01,1.600000000000000000e+01,3.870000000000000000e+02,4.580000000000000000e+02,4.080000000000000000e+02,4.400000000000000000e+02,-8.400000000000000000e+01,7.200000000000000000e+01,4.000000000000000000e+00
1.000000000000000000e+00,1.600000000000000000e+01,1.600000000000000000e+01,4.580000000000000000e+02,4.170000000000000000e+02,4.240000000000000000e+02,4.400000000000000000e+02,1.360000000000000000e+02,-9.300000000000000000e+01,4.000000000000000000e+00
-1.000000000000000000e+00,1.600000000000000000e+01,1.600000000000000000e+01,4.080000000000000000e+02,4.600000000000000000e+02,4.400000000000000000e+02,4.400000000000000000e+02,-1.280000000000000000e+02,8.300000000000000000e+01,4.000000000000000000e+00
1.000000000000000000e+00,1.600000000000000000e+01,1.600000000000000000e+01,4.930000000000000000e+02,4.160000000000000000e+02,4.560000000000000000e+02,4.400000000000000000e+02,1.510000000000000000e+02,-9.700000000000000000e+01,4.000000000000000000e+00
-1.000000000000000000e+00,1.600000000000000000e+01,1.600000000000000000e+01,4.460000000000000000e+02,4.600000000000000000e+02,4.720000000000000000e+02,4.400000000000000000e+02,-1.070000000000000000e+02,8.300000000000000000e+01,4.000000000000000000e+00
1.000000000000000000e+00,1.600000000000000000e+01,1.600000000000000000e+01,5.090000000000000000e+02,4.170000000000000000e+02,4.720000000000000000e+02,4.400000000000000000e+02,1.510000000000000000e+02,-9.300000000000000000e+01,4.000000000000000000e+00
-1.000000000000000000e+00,1.600000000000000000e+01,1.600000000000000000e+01,4.600000000000000000e+02,4.610000000000000000e+02,4.880000000000000000e+02,4.400000000000000000e+02,-1.150000000000000000e+02,8.400000000000000000e+01,4.000000000000000000e+00
1.000000000000000000e+00,1.600000000000000000e+01,1.600000000000000000e+01,5.490000000000000000e+02,4.360000000000000000e+02,5.360000000000000000e+02,4.400000000000000000e+02,5.200000000000000000e+01,-1.900000000000000000e+01,4.000000000000000000e+00
-1.000000000000000000e+00,1.600000000000000000e+01,1.600000000000000000e+01,5.520000000000000000e+02,4.510000000000000000e+02,5.520000000000000000e+02,4.400000000000000000e+02,0.000000000000000000e+00,4.500000000000000000e+01,4.000000000000000000e+00
-1.000000000000000000e+00,1.600000000000000000e+01,1.600000000000000000e+01,5.680000000000000000e+02,4.560000000000000000e+02,5.680000000000000000e+02,4.400000000000000000e+02,0.000000000000000000e+00,6.400000000000000000e+01,4.000000000000000000e+00
1.000000000000000000e+00,1.600000000000000000e+01,1.600000000000000000e+01,5.680000000000000000e+02,4.400000000000000000e+02,5.680000000000000000e+02,4.400000000000000000e+02,0.000000000000000000e+00,0.000000000000000000e+00,4.000000000000000000e+00
-1.000000000000000000e+00,1.600000000000000000e+01,1.600000000000000000e+01,5.840000000000000000e+02,4.560000000000000000e+02,5.840000000000000000e+02,4.400000000000000000e+02,0.000000000000000000e+00,6.400000000000000000e+01,4.000000000000000000e+00
1.000000000000000000e+00,1.600000000000000000e+01,1.600000000000000000e+01,5.840000000000000000e+02,4.400000000000000000e+02,5.840000000000000000e+02,4.400000000000000000e+02,0.000000000000000000e+00,0.000000000000000000e+00,4.000000000000000000e+00
-1.000000000000000000e+00,1.600000000000000000e+01,1.600000000000000000e+01,6.000000000000000000e+02,4.530000000000000000e+02,6.000000000000000000e+02,4.400000000000000000e+02,0.000000000000000000e+00,5.500000000000000000e+01,4.000000000000000000e+00
1.000000000000000000e+00,1.600000000000000000e+01,1.600000000000000000e+01,6.000000000000000000e+02,4.400000000000000000e+02,6.000000000000000000e+02,4.400000000000000000e+02,0.000000000000000000e+00,0.000000000000000000e+00,4.000000000000000000e+00
-1.000000000000000000e+00,1.600000000000000000e+01,1.600000000000000000e+01,6.060000000000000000e+02,4.530000000000000000e+02,6.160000000000000000e+02,4.400000000000000000e+02,-4.100000000000000000e+01,5.500000000000000000e+01,4.000000000000000000e+00
1.000000000000000000e+00,1.600000000000000000e+01,1.600000000000000000e+01,6.160000000000000000e+02,4.400000000000000000e+02,6.160000000000000000e+02,4.400000000000000000e+02,0.000000000000000000e+00,0.000000000000000000e+00,4.000000000000000000e+00
-1.000000000000000000e+00,1.600000000000000000e+01,1.600000000000000000e+01,6.380000000000000000e+02,4.530000000000000000e+02,6.480000000000000000e+02,4.400000000000000000e+02,-4.100000000000000000e+01,5.500000000000000000e+01,4.000000000000000000e+00
1.000000000000000000e+00,1.600000000000000000e+01,1.600000000000000000e+01,6.480000000000000000e+02,4.400000000000000000e+02,6.480000000000000000e+02,4.400000000000000000e+02,0.000000000000000000e+00,0.000000000000000000e+00,4.000000000000000000e+00
-1.000000000000000000e+00,1.600000000000000000e+01,1.600000000000000000e+01,6.640000000000000000e+02,4.400000000000000000e+02,6.640000000000000000e+02,4.400000000000000000e+02,0.000000000000000000e+00,0.000000000000000000e+00,4.000000000000000000e+00
1.000000000000000000e+00,1.600000000000000000e+01,1.600000000000000000e+01,6.640000000000000000e+02,4.400000000000000000e+02,6.640000000000000000e+02,4.400000000000000000e+02,0.000000000000000000e+00,0.000000000000000000e+00,4.000000000000000000e+00
-1.000000000000000000e+00,1.600000000000000000e+01,1.600000000000000000e+01,6.800000000000000000e+02,4.400000000000000000e+02,6.800000000000000000e+02,4.400000000000000000e+02,0.000000000000000000e+00,0.000000000000000000e+00,4.000000000000000000e+00
1.000000000000000000e+00,1.600000000000000000e+01,1.600000000000000000e+01,6.800000000000000000e+02,4.400000000000000000e+02,6.800000000000000000e+02,4.400000000000000000e+02,0.000000000000000000e+00,0.000000000000000000e+00,4.000000000000000000e+00
1.000000000000000000e+00,1.600000000000000000e+01,1.600000000000000000e+01,6.960000000000000000e+02,4.400000000000000000e+02,6.960000000000000000e+02,4.400000000000000000e+02,0.000000000000000000e+00,0.000000000000000000e+00,4.000000000000000000e+00
1.000000000000000000e+00,1.600000000000000000e+01,1.600000000000000000e+01,7.120000000000000000e+02,4.400000000000000000e+02,7.120000000000000000e+02,4.400000000000000000e+02,1.000000000000000000e+00,0.000000000000000000e+00,4.000000000000000000e+00
-1.000000000000000000e+00,1.600000000000000000e+01,1.600000000000000000e+01,7.280000000000000000e+02,4.400000000000000000e+02,7.280000000000000000e+02,4.400000000000000000e+02,0.000000000000000000e+00,0.000000000000000000e+00,4.000000000000000000e+00
1.000000000000000000e+00,1.600000000000000000e+01,1.600000000000000000e+01,7.280000000000000000e+02,4.400000000000000000e+02,7.280000000000000000e+02,4.400000000000000000e+02,0.000000000000000000e+00,0.000000000000000000e+00,4.000000000000000000e+00
1.000000000000000000e+00,1.600000000000000000e+01,1.600000000000000000e+01,7.440000000000000000e+02,4.330000000000000000e+02,7.440000000000000000e+02,4.400000000000000000e+02,0.000000000000000000e+00,-3.000000000000000000e+01,4.000000000000000000e+00
-1.000000000000000000e+00,1.600000000000000000e+01,1.600000000000000000e+01,7.580000000000000000e+02,4.470000000000000000e+02,7.600000000000000000e+02,4.400000000000000000e+02,-8.000000000000000000e+00,3.100000000000000000e+01,4.000000000000000000e+00
1.000000000000000000e+00,1.600000000000000000e+01,1.600000000000000000e+01,7.600000000000000000e+02,4.330000000000000000e+02,7.600000000000000000e+02,4.400000000000000000e+02,0.000000000000000000e+00,-3.000000000000000000e+01,4.000000000000000000e+00
-1.000000000000000000e+00,1.600000000000000000e+01,1.600000000000000000e+01,7.710000000000000000e+02,4.470000000000000000e+02,7.760000000000000000e+02,4.400000000000000000e+02,-2.000000000000000000e+01,3.100000000000000000e+01,4.000000000000000000e+00
1.000000000000000000e+00,1.600000000000000000e+01,1.600000000000000000e+01,7.940000000000000000e+02,4.400000000000000000e+02,7.920000000000000000e+02,4.400000000000000000e+02,9.000000000000000000e+00,0.000000000000000000e+00,4.000000000000000000e+00
-1.000000000000000000e+00,1.600000000000000000e+01,8.000000000000000000e+00,8.020000000000000000e+02,4.430000000000000000e+02,8.080000000000000000e+02,4.360000000000000000e+02,-2.500000000000000000e+01,3.100000000000000000e+01,4.000000000000000000e+00
-1.000000000000000000e+00,1.600000000000000000e+01,8.000000000000000000e+00,8.020000000000000000e+02,4.510000000000000000e+02,8.080000000000000000e+02,4.440000000000000000e+02,-2.500000000000000000e+01,3.100000000000000000e+01,4.000000000000000000e+00
-1.000000000000000000e+00,1.600000000000000000e+01,1.600000000000000000e+01,8.170000000000000000e+02,4.480000000000000000e+02,8.240000000000000000e+02,4.400000000000000000e+02,-2.800000000000000000e+01,3.300000000000000000e+01,4.000000000000000000e+00
1.000000000000000000e+00,1.600000000000000000e+01,1.600000000000000000e+01,8.320000000000000000e+02,4.330000000000000000e+02,8.240000000000000000e+02,4.400000000000000000e+02,3.200000000000000000e+01,-3.100000000000000000e+01,4.000000000000000000e+00
-1.000000000000000000e+00,1.600000000000000000e+01,1.600000000000000000e+01,8.310000000000000000e+02,4.480000000000000000e+02,8.400000000000000000e+02,4.400000000000000000e+02,-3.800000000000000000e+01,3.300000000000000000e+01,4.000000000000000000e+00
1.000000000000000000e+00,1.600000000000000000e+01,1.600000000000000000e+01,8.480000000000000000e+02,4.330000000000000000e+02,8.400000000000000000e+02,4.400000000000000000e+02,3.200000000000000000e+01,-3.100000000000000000e+01,4.000000000000000000e+00
-1.000000000000000000e+00,1.600000000000000000e+01,1.600000000000000000e+01,8.450000000000000000e+02,4.480000000000000000e+02,8.560000000000000000e+02,4.400000000000000000e+02,-4.700000000000000000e+01,3.500000000000000000e+01,4.000000000000000000e+00
1.000000000000000000e+00,1.600000000000000000e+01,1.600000000000000000e+01,8.640000000000000000e+02,4.330000000000000000e+02,8.560000000000000000e+02,4.400000000000000000e+02,3.200000000000000000e+01,-3.100000000000000000e+01,4.000000000000000000e+00
-1.000000000000000000e+00,1.600000000000000000e+01,1.600000000000000000e+01,8.580000000000000000e+02,4.480000000000000000e+02,8.720000000000000000e+02,4.400000000000000000e+02,-5.900000000000000000e+01,3.500000000000000000e+01,4.000000000000000000e+00
1.000000000000000000e+00,1.600000000000000000e+01,1.600000000000000000e+01,8.800000000000000000e+02,4.330000000000000000e+02,8.720000000000000000e+02,4.400000000000000000e+02,3.200000000000000000e+01,-3.100000000000000000e+01,4.000000000000000000e+00
-1.000000000000000000e+00,1.600000000000000000e+01,1.600000000000000000e+01,8.710000000000000000e+02,4.570000000000000000e+02,8.880000000000000000e+02,4.400000000000000000e+02,-6.800000000000000000e+01,6.800000000000000000e+01,4.000000000000000000e+00
-1.000000000000000000e+00,1.600000000000000000e+01,8.000000000000000000e+00,9.040000000000000000e+02,4.360000000000000000e+02,9.040000000000000000e+02,4.360000000000000000e+02,0.000000000000000000e+00,0.000000000000000000e+00,4.000000000000000000e+00
-1.000000000000000000e+00,1.600000000000000000e+01,8.000000000000000000e+00,8.870000000000000000e+02,4.610000000000000000e+02,9.040000000000000000e+02,4.440000000000000000e+02,-6.800000000000000000e+01,6.800000000000000000e+01,4.000000000000000000e+00
1.000000000000000000e+00,1.600000000000000000e+01,8.000000000000000000e+00,9.170000000000000000e+02,4.230000000000000000e+02,9.040000000000000000e+02,4.360000000000000000e+02,5.300000000000000000e+01,-5.200000000000000000e+01,4.000000000000000000e+00
1.000000000000000000e+00,1.600000000000000000e+01,8.000000000000000000e+00,9.040000000000000000e+02,4.440000000000000000e+02,9.040000000000000000e+02,4.440000000000000000e+02,0.000000000000000000e+00,0.000000000000000000e+00,4.000000000000000000e+00
1.000000000000000000e+00,1.600000000000000000e+01,1.600000000000000000e+01,9.700000000000000000e+02,4.280000000000000000e+02,9.520000000000000000e+02,4.400000000000000000e+02,7.500000000000000000e+01,-5.000000000000000000e+01,4.000000000000000000e+00
-1.000000000000000000e+00,1.600000000000000000e+01,1.600000000000000000e+01,9.520000000000000000e+02,4.590000000000000000e+02,9.680000000000000000e+02,4.400000000000000000e+02,-6.600000000000000000e+01,7.600000000000000000e+01,4.000000000000000000e+00
-1.000000000000000000e+00,1.600000000000000000e+01,1.600000000000000000e+01,1.011000000000000000e+03,4.590000000000000000e+02,1.032000000000000000e+03,4.400000000000000000e+02,-8.400000000000000000e+01,7.600000000000000000e+01,4.000000000000000000e+00
1.000000000000000000e+00,1.600000000000000000e+01,1.600000000000000000e+01,1.032000000000000000e+03,4.200000000000000000e+02,1.032000000000000000e+03,4.400000000000000000e+02,0.000000000000000000e+00,-8.200000000000000000e+01,4.000000000000000000e+00
-1.000000000000000000e+00,1.600000000000000000e+01,1.600000000000000000e+01,1.027000000000000000e+03,4.590000000000000000e+02,1.048000000000000000e+03,4.400000000000000000e+02,-8.400000000000000000e+01,7.600000000000000000e+01,4.000000000000000000e+00
1.000000000000000000e+00,1.600000000000000000e+01,1.600000000000000000e+01,1.048000000000000000e+03,4.200000000000000000e+02,1.048000000000000000e+03,4.400000000000000000e+02,0.000000000000000000e+00,-8.200000000000000000e+01,4.000000000000000000e+00
-1.000000000000000000e+00,1.600000000000000000e+01,1.600000000000000000e+01,1.064000000000000000e+03,4.400000000000000000e+02,1.064000000000000000e+03,4.400000000000000000e+02,0.000000000000000000e+00,0.000000000000000000e+00,4.000000000000000000e+00
1.000000000000000000e+00,1.600000000000000000e+01,1.600000000000000000e+01,1.064000000000000000e+03,4.400000000000000000e+02,1.064000000000000000e+03,4.400000000000000000e+02,0.000000000000000000e+00,0.000000000000000000e+00,4.000000000000000000e+00
-1.000000000000000000e+00,1.600000000000000000e+01,1.600000000000000000e+01,1.080000000000000000e+03,4.400000000000000000e+02,1.080000000000000000e+03,4.400000000000000000e+02,0.000000000000000000e+00,0.000000000000000000e+00,4.000000000000000000e+00
1.000000000000000000e+00,1.600000000000000000e+01,1.600000000000000000e+01,1.080000000000000000e+03,4.400000000000000000e+02,1.080000000000000000e+03,4.400000000000000000e+02,0.000000000000000000e+00,0.000000000000000000e+00,4.000000000000000000e+00
1.000000000000000000e+00,1.600000000000000000e+01,1.600000000000000000e+01,1.096000000000000000e+03,4.250000000000000000e+02,1.096000000000000000e+03,4.400000000000000000e+02,0.000000000000000000e+00,-6.200000000000000000e+01,4.000000000000000000e+00
-1.000000000000000000e+00,1.600000000000000000e+01,1.600000000000000000e+01,1.112000000000000000e+03,4.500000000000000000e+02,1.112000000000000000e+03,4.400000000000000000e+02,0.000000000000000000e+00,4.300000000000000000e+01,4.000000000000000000e+00
1.000000000000000000e+00,1.600000000000000000e+01,1.600000000000000000e+01,1.112000000000000000e+03,4.250000000000000000e+02,1.112000000000000000e+03,4.400000000000000000e+02,0.000000000000000000e+00,-6.200000000000000000e+01,4.000000000000000000e+00
-1.000000000000000000e+00,1.600000000000000000e+01,1.600000000000000000e+01,1.128000000000000000e+03,4.500000000000000000e+02,1.128000000000000000e+03,4.400000000000000000e+02,0.000000000000000000e+00,4.300000000000000000e+01,4.000000000000000000e+00
1.000000000000000000e+00,1.600000000000000000e+01,1.600000000000000000e+01,1.128000000000000000e+03,4.400000000000000000e+02,1.128000000000000000e+03,4.400000000000000000e+02,0.000000000000000000e+00,0.000000000000000000e+00,4.000000000000000000e+00
-1.000000000000000000e+00,1.600000000000000000e+01,1.600000000000000000e+01,1.144000000000000000e+03,4.410000000000000000e+02,1.144000000000000000e+03,4.400000000000000000e+02,0.000000000000000000e+00,4.000000000000000000e+00,4.000000000000000000e+00
-1.000000000000000000e+00,1.600000000000000000e+01,1.600000000000000000e+01,1.160000000000000000e+03,4.400000000000000000e+02,1.160000000000000000e+03,4.400000000000000000e+02,0.000000000000000000e+00,0.000000000000000000e+00,4.000000000000000000e+00
1.000000000000000000e+00,1.600000000000000000e+01,1.600000000000000000e+01,1.160000000000000000e+03,4.400000000000000000e+02,1.160000000000000000e+03,4.400000000000000000e+02,0.000000000000000000e+00,0.000000000000000000e+00,4.000000000000000000e+00
-1.000000000000000000e+00,1.600000000000000000e+01,1.600000000000000000e+01,1.176000000000000000e+03,4.400000000000000000e+02,1.176000000000000000e+03,4.400000000000000000e+02,0.000000000000000000e+00,0.000000000000000000e+00,4.000000000000000000e+00
1.000000000000000000e+00,1.600000000000000000e+01,1.600000000000000000e+01,1.176000000000000000e+03,4.400000000000000000e+02,1.176000000000000000e+03,4.400000000000000000e+02,0.000000000000000000e+00,0.000000000000000000e+00,4.000000000000000000e+00
1.000000000000000000e+00,1.600000000000000000e+01,1.600000000000000000e+01,1.208000000000000000e+03,4.400000000000000000e+02,1.208000000000000000e+03,4.400000000000000000e+02,0.000000000000000000e+00,0.000000000000000000e+00,4.000000000000000000e+00
-1.000000000000000000e+00,1.600000000000000000e+01,1.600000000000000000e+01,1.224000000000000000e+03,4.580000000000000000e+02,1.224000000000000000e+03,4.400000000000000000e+02,0.000000000000000000e+00,7.200000000000000000e+01,4.000000000000000000e+00
1.000000000000000000e+00,1.600000000000000000e+01,1.600000000000000000e+01,1.224000000000000000e+03,4.400000000000000000e+02,1.224000000000000000e+03,4.400000000000000000e+02,0.000000000000000000e+00,0.000000000000000000e+00,4.000000000000000000e+00
-1.000000000000000000e+00,1.600000000000000000e+01,1.600000000000000000e+01,1.240000000000000000e+03,4.580000000000000000e+02,1.240000000000000000e+03,4.400000000000000000e+02,0.000000000000000000e+00,7.200000000000000000e+01,4.000000000000000000e+00
1.000000000000000000e+00,1.600000000000000000e+01,1.600000000000000000e+01,1.240000000000000000e+03,4.400000000000000000e+02,1.240000000000000000e+03,4.400000000000000000e+02,0.000000000000000000e+00,0.000000000000000000e+00,4.000000000000000000e+00
1.000000000000000000e+00,1.600000000000000000e+01,1.600000000000000000e+01,1.256000000000000000e+03,4.400000000000000000e+02,1.256000000000000000e+03,4.400000000000000000e+02,0.000000000000000000e+00,0.000000000000000000e+00,4.000000000000000000e+00
-1.000000000000000000e+00,1.600000000000000000e+01,1.600000000000000000e+01,1.272000000000000000e+03,4.400000000000000000e+02,1.272000000000000000e+03,4.400000000000000000e+02,0.000000000000000000e+00,0.000000000000000000e+00,4.000000000000000000e+00
1.000000000000000000e+00,1.600000000000000000e+01,1.600000000000000000e+01,1.272000000000000000e+03,4.400000000000000000e+02,1.272000000000000000e+03,4.400000000000000000e+02,0.000000000000000000e+00,0.000000000000000000e+00,4.000000000000000000e+00
1.000000000000000000e+00,1.600000000000000000e+01,1.600000000000000000e+01,3.800000000000000000e+01,4.320000000000000000e+02,8.000000000000000000e+00,4.560000000000000000e+02,1.220000000000000000e+02,-9.600000000000000000e+01,4.000000000000000000e+00
1.000000000000000000e+00,1.600000000000000000e+01,1.600000000000000000e+01,5.100000000000000000e+01,4.390000000000000000e+02,2.400000000000000000e+01,4.560000000000000000e+02,1.080000000000000000e+02,-6.800000000000000000e+01,4.000000000000000000e+00
-1.000000000000000000e+00,1.600000000000000000e+01,1.600000000000000000e+01,1.400000000000000000e+01,4.760000000000000000e+02,4.000000000000000000e+01,4.560000000000000000e+02,-1.040000000000000000e+02,8.000000000000000000e+01,4.000000000000000000e+00
1.000000000000000000e+00,1.600000000000000000e+01,1.600000000000000000e+01,6.700000000000000000e+01,4.390000000000000000e+02,4.000000000000000000e+01,4.560000000000000000e+02,1.080000000000000000e+02,-6.800000000000000000e+01,4.000000000000000000e+00
1.000000000000000000e+00,1.600000000000000000e+01,1.600000000000000000e+01,8.300000000000000000e+01,4.390000000000000000e+02,5.600000000000000000e+01,4.560000000000000000e+02,1.090000000000000000e+02,-6.800000000000000000e+01,4.000000000000000000e+00
-1.000000000000000000e+00,1.600000000000000000e+01,1.600000000000000000e+01,4.900000000000000000e+01,4.760000000000000000e+02,7.200000000000000000e+01,4.560000000000000000e+02,-9.200000000000000000e+01,8.000000000000000000e+01,4.000000000000000000e+00
1.000000000000000000e+00,1.600000000000000000e+01,1.600000000000000000e+01,9.600000000000000000e+01,4.350000000000000000e+02,7.200000000000000000e+01,4.560000000000000000e+02,9.600000000000000000e+01,-8.700000000000000000e+01,4.000000000000000000e+00
-1.000000000000000000e+00,1.600000000000000000e+01,1.600000000000000000e+01,6.500000000000000000e+01,4.760000000000000000e+02,8.800000000000000000e+01,4.560000000000000000e+02,-9.200000000000000000e+01,8.000000000000000000e+01,4.000000000000000000e+00
1.000000000000000000e+00,1.600000000000000000e+01,1.600000000000000000e+01,1.120000000000000000e+02,4.350000000000000000e+02,8.800000000000000000e+01,4.560000000000000000e+02,9.600000000000000000e+01,-8.700000000000000000e+01,4.000000000000000000e+00
1.000000000000000000e+00,1.600000000000000000e+01,1.600000000000000000e+01,1.290000000000000000e+02,4.350000000000000000e+02,1.040000000000000000e+02,4.560000000000000000e+02,1.000000000000000000e+02,-8.700000000000000000e+01,4.000000000000000000e+00
-1.000000000000000000e+00,1.600000000000000000e+01,1.600000000000000000e+01,9.900000000000000000e+01,4.760000000000000000e+02,1.200000000000000000e+02,4.560000000000000000e+02,-8.600000000000000000e+01,8.000000000000000000e+01,4.000000000000000000e+00
1.000000000000000000e+00,1.600000000000000000e+01,1.600000000000000000e+01,1.440000000000000000e+02,4.350000000000000000e+02,1.200000000000000000e+02,4.560000000000000000e+02,9.600000000000000000e+01,-8.400000000000000000e+01,4.000000000000000000e+00
-1.000000000000000000e+00,1.600000000000000000e+01,1.600000000000000000e+01,1.150000000000000000e+02,4.760000000000000000e+02,1.360000000000000000e+02,4.560000000000000000e+02,-8.600000000000000000e+01,8.000000000000000000e+01,4.000000000000000000e+00
1.000000000000000000e+00,1.600000000000000000e+01,1.600000000000000000e+01,1.600000000000000000e+02,4.350000000000000000e+02,1.360000000000000000e+02,4.560000000000000000e+02,9.600000000000000000e+01,-8.400000000000000000e+01,4.000000000000000000e+00
-1.000000000000000000e+00,1.600000000000000000e+01,1.600000000000000000e+01,1.310000000000000000e+02,4.720000000000000000e+02,1.520000000000000000e+02,4.560000000000000000e+02,-8.600000000000000000e+01,6.700000000000000000e+01,4.000000000000000000e+00
-1.000000000000000000e+00,1.600000000000000000e+01,1.600000000000000000e+01,1.470000000000000000e+02,4.730000000000000000e+02,1.680000000000000000e+02,4.560000000000000000e+02,-8.600000000000000000e+01,7.000000000000000000e+01,4.000000000000000000e+00
1.000000000000000000e+00,1.600000000000000000e+01,1.600000000000000000e+01,1.920000000000000000e+02,4.340000000000000000e+02,1.680000000000000000e+02,4.560000000000000000e+02,9.900000000000000000e+01,-8.800000000000000000e+01,4.000000000000000000e+00
-1.000000000000000000e+00,8.000000000000000000e+00,1.600000000000000000e+01,1.800000000000000000e+02,4.560000000000000000e+02,1.800000000000000000e+02,4.560000000000000000e+02,0.000000000000000000e+00,0.000000000000000000e+00,4.000000000000000000e+00
-1.000000000000000000e+00,8.000000000000000000e+00,1.600000000000000000e+01,1.660000000000000000e+02,4.760000000000000000e+02,1.880000000000000000e+02,4.560000000000000000e+02,-8.800000000000000000e+01,8.300000000000000000e+01,4.000000000000000000e+00
1.000000000000000000e+00,8.000000000000000000e+00,1.600000000000000000e+01,2.040000000000000000e+02,4.340000000000000000e+02,1.800000000000000000e+02,4.560000000000000000e+02,9.900000000000000000e+01,-8.800000000000000000e+01,4.000000000000000000e+00
1.000000000000000000e+00,8.000000000000000000e+00,1.600000000000000000e+01,2.130000000000000000e+02,4.340000000000000000e+02,1.880000000000000000e+02,4.560000000000000000e+02,1.010000000000000000e+02,-9.000000000000000000e+01,4.000000000000000000e+00
1.000000000000000000e+00,1.600000000000000000e+01,1.600000000000000000e+01,2.250000000000000000e+02,4.340000000000000000e+02,2.000000000000000000e+02,4.560000000000000000e+02,1.010000000000000000e+02,-9.000000000000000000e+01,4.000000000000000000e+00
1.000000000000000000e+00,1.600000000000000000e+01,1.600000000000000000e+01,2.410000000000000000e+02,4.340000000000000000e+02,2.160000000000000000e+02,4.560000000000000000e+02,1.000000000000000000e+02,-8.800000000000000000e+01,4.000000000000000000e+00
-1.000000000000000000e+00,1.600000000000000000e+01,1.600000000000000000e+01,2.320000000000000000e+02,4.560000000000000000e+02,2.320000000000000000e+02,4.560000000000000000e+02,0.000000000000000000e+00,0.000000000000000000e+00,4.000000000000000000e+00
1.000000000000000000e+00,1.600000000000000000e+01,1.600000000000000000e+01,2.570000000000000000e+02,4.340000000000000000e+02,2.320000000000000000e+02,4.560000000000000000e+02,1.000000000000000000e+02,-8.800000000000000000e+01,4.000000000000000000e+00
-1.000000000000000000e+00,1.600000000000000000e+01,1.600000000000000000e+01,2.480000000000000000e+02,4.560000000000000000e+02,2.480000000000000000e+02,4.560000000000000000e+02,0.000000000000000000e+00,0.000000000000000000e+00,4.000000000000000000e+00
-1.000000000000000000e+00,1.600000000000000000e+01,1.600000000000000000e+01,2.640000000000000000e+02,4.560000000000000000e+02,2.640000000000000000e+02,4.560000000000000000e+02,0.000000000000000000e+00,0.000000000000000000e+00,4.000000000000000000e+00
-1.000000000000000000e+00,1.600000000000000000e+01,1.600000000000000000e+01,2.800000000000000000e+02,4.560000000000000000e+02,2.800000000000000000e+02,4.560000000000000000e+02,0.000000000000000000e+00,0.000000000000000000e+00,4.000000000000000000e+00
1.000000000000000000e+00,1.600000000000000000e+01,1.600000000000000000e+01,3.660000000000000000e+02,4.380000000000000000e+02,3.600000000000000000e+02,4.560000000000000000e+02,2.400000000000000000e+01,-7.200000000000000000e+01,4.000000000000000000e+00
1.000000000000000000e+00,1.600000000000000000e+01,1.600000000000000000e+01,3.820000000000000000e+02,4.380000000000000000e+02,3.760000000000000000e+02,4.560000000000000000e+02,2.400000000000000000e+01,-7.200000000000000000e+01,4.000000000000000000e+00
1.000000000000000000e+00,1.600000000000000000e+01,1.600000000000000000e+01,3.980000000000000000e+02,4.380000000000000000e+02,3.920000000000000000e+02,4.560000000000000000e+02,2.400000000000000000e+01,-7.200000000000000000e+01,4.000000000000000000e+00
-1.000000000000000000e+00,1.600000000000000000e+01,1.600000000000000000e+01,3.870000000000000000e+02,4.760000000000000000e+02,4.080000000000000000e+02,4.560000000000000000e+02,-8.400000000000000000e+01,8.300000000000000000e+01,4.000000000000000000e+00
-1.000000000000000000e+00,1.600000000000000000e+01,1.600000000000000000e+01,4.030000000000000000e+02,4.760000000000000000e+02,4.240000000000000000e+02,4.560000000000000000e+02,-8.400000000000000000e+01,8.300000000000000000e+01,4.000000000000000000e+00
1.000000000000000000e+00,1.600000000000000000e+01,1.600000000000000000e+01,4.580000000000000000e+02,4.330000000000000000e+02,4.240000000000000000e+02,4.560000000000000000e+02,1.360000000000000000e+02,-9.300000000000000000e+01,4.000000000000000000e+00
-1.000000000000000000e+00,1.600000000000000000e+01,1.600000000000000000e+01,4.070000000000000000e+02,4.760000000000000000e+02,4.400000000000000000e+02,4.560000000000000000e+02,-1.320000000000000000e+02,8.300000000000000000e+01,4.000000000000000000e+00
-1.000000000000000000e+00,1.600000000000000000e+01,1.600000000000000000e+01,4.240000000000000000e+02,4.760000000000000000e+02,4.560000000000000000e+02,4.560000000000000000e+02,-1.310000000000000000e+02,8.300000000000000000e+01,4.000000000000000000e+00
1.000000000000000000e+00,1.600000000000000000e+01,1.600000000000000000e+01,4.930000000000000000e+02,4.330000000000000000e+02,4.560000000000000000e+02,4.560000000000000000e+02,1.490000000000000000e+02,-9.300000000000000000e+01,4.000000000000000000e+00
-1.000000000000000000e+00,1.600000000000000000e+01,1.600000000000000000e+01,4.440000000000000000e+02,4.760000000000000000e+02,4.720000000000000000e+02,4.560000000000000000e+02,-1.150000000000000000e+02,8.300000000000000000e+01,4.000000000000000000e+00
1.000000000000000000e+00,1.600000000000000000e+01,1.600000000000000000e+01,5.090000000000000000e+02,4.330000000000000000e+02,4.720000000000000000e+02,4.560000000000000000e+02,1.490000000000000000e+02,-9.300000000000000000e+01,4.000000000000000000e+00
-1.000000000000000000e+00,8.000000000000000000e+00,1.600000000000000000e+01,4.920000000000000000e+02,4.770000000000000000e+02,5.160000000000000000e+02,4.560000000000000000e+02,-9.800000000000000000e+01,8.400000000000000000e+01,4.000000000000000000e+00
-1.000000000000000000e+00,8.000000000000000000e+00,1.600000000000000000e+01,5.000000000000000000e+02,4.770000000000000000e+02,5.240000000000000000e+02,4.560000000000000000e+02,-9.800000000000000000e+01,8.400000000000000000e+01,4.000000000000000000e+00
1.000000000000000000e+00,8.000000000000000000e+00,1.600000000000000000e+01,5.160000000000000000e+02,4.560000000000000000e+02,5.160000000000000000e+02,4.560000000000000000e+02,0.000000000000000000e+00,0.000000000000000000e+00,4.000000000000000000e+00
1.000000000000000000e+00,8.000000000000000000e+00,1.600000000000000000e+01,5.310000000000000000e+02,4.450000000000000000e+02,5.240000000000000000e+02,4.560000000000000000e+02,2.800000000000000000e+01,-4.500000000000000000e+01,4.000000000000000000e+00
1.000000000000000000e+00,1.600000000000000000e+01,1.600000000000000000e+01,5.410000000000000000e+02,4.450000000000000000e+02,5.360000000000000000e+02,4.560000000000000000e+02,2.200000000000000000e+01,-4.600000000000000000e+01,4.000000000000000000e+00
-1.000000000000000000e+00,1.600000000000000000e+01,1.600000000000000000e+01,5.520000000000000000e+02,4.670000000000000000e+02,5.520000000000000000e+02,4.560000000000000000e+02,0.000000000000000000e+00,4.500000000000000000e+01,4.000000000000000000e+00
-1.000000000000000000e+00,1.600000000000000000e+01,1.600000000000000000e+01,5.670000000000000000e+02,4.720000000000000000e+02,5.680000000000000000e+02,4.560000000000000000e+02,-5.000000000000000000e+00,6.400000000000000000e+01,4.000000000000000000e+00
1.000000000000000000e+00,1.600000000000000000e+01,1.600000000000000000e+01,6.000000000000000000e+02,4.560000000000000000e+02,6.000000000000000000e+02,4.560000000000000000e+02,-1.000000000000000000e+00,0.000000000000000000e+00,4.000000000000000000e+00
1.000000000000000000e+00,1.600000000000000000e+01,1.600000000000000000e+01,6.160000000000000000e+02,4.560000000000000000e+02,6.160000000000000000e+02,4.560000000000000000e+02,0.000000000000000000e+00,0.000000000000000000e+00,4.000000000000000000e+00
1.000000000000000000e+00,1.600000000000000000e+01,1.600000000000000000e+01,6.320000000000000000e+02,4.560000000000000000e+02,6.320000000000000000e+02,4.560000000000000000e+02,0.000000000000000000e+00,0.000000000000000000e+00,4.000000000000000000e+00
1.000000000000000000e+00,1.600000000000000000e+01,1.600000000000000000e+01,6.480000000000000000e+02,4.560000000000000000e+02,6.480000000000000000e+02,4.560000000000000000e+02,0.000000000000000000e+00,0.000000000000000000e+00,4.000000000000000000e+00
-1.000000000000000000e+00,1.600000000000000000e+01,1.600000000000000000e+01,6.640000000000000000e+02,4.560000000000000000e+02,6.640000000000000000e+02,4.560000000000000000e+02,0.000000000000000000e+00,0.000000000000000000e+00,4.000000000000000000e+00
1.000000000000000000e+00,1.600000000000000000e+01,1.600000000000000000e+01,6.640000000000000000e+02,4.560000000000000000e+02,6.640000000000000000e+02,4.560000000000000000e+02,0.000000000000000000e+00,0.000000000000000000e+00,4.000000000000000000e+00
-1.000000000000000000e+00,1.600000000000000000e+01,1.600000000000000000e+01,6.800000000000000000e+02,4.560000000000000000e+02,6.800000000000000000e+02,4.560000000000000000e+02,0.000000000000000000e+00,0.000000000000000000e+00,4.000000000000000000e+00
1.000000000000000000e+00,1.600000000000000000e+01,1.600000000000000000e+01,6.800000000000000000e+02,4.560000000000000000e+02,6.800000000000000000e+02,4.560000000000000000e+02,0.000000000000000000e+00,0.000000000000000000e+00,4.000000000000000000e+00
-1.000000000000000000e+00,1.600000000000000000e+01,1.600000000000000000e+01,6.960000000000000000e+02,4.560000000000000000e+02,6.960000000000000000e+02,4.560000000000000000e+02,0.000000000000000000e+00,0.000000000000000000e+00,4.000000000000000000e+00
1.000000000000000000e+00,1.600000000000000000e+01,1.600000000000000000e+01,6.960000000000000000e+02,4.560000000000000000e+02,6.960000000000000000e+02,4.560000000000000000e+02,0.000000000000000000e+00,0.000000000000000000e+00,4.000000000000000000e+00
1.000000000000000000e+00,1.600000000000000000e+01,1.600000000000000000e+01,7.120000000000000000e+02,4.560000000000000000e+02,7.120000000000000000e+02,4.560000000000000000e+02,0.000000000000000000e+00,0.000000000000000000e+00,4.000000000000000000e+00
1.000000000000000000e+00,1.600000000000000000e+01,1.600000000000000000e+01,7.280000000000000000e+02,4.560000000000000000e+02,7.280000000000000000e+02,4.560000000000000000e+02,0.000000000000000000e+00,0.000000000000000000e+00,4.000000000000000000e+00
1.000000000000000000e+00,1.600000000000000000e+01,1.600000000000000000e+01,7.440000000000000000e+02,4.490000000000000000e+02,7.440000000000000000e+02,4.560000000000000000e+02,0.000000000000000000e+00,-3.000000000000000000e+01,4.000000000000000000e+00
-1.000000000000000000e+00,1.600000000000000000e+01,1.600000000000000000e+01,7.600000000000000000e+02,4.560000000000000000e+02,7.600000000000000000e+02,4.560000000000000000e+02,0.000000000000000000e+00,0.000000000000000000e+00,4.000000000000000000e+00
1.000000000000000000e+00,1.600000000000000000e+01,1.600000000000000000e+01,7.600000000000000000e+02,4.560000000000000000e+02,7.600000000000000000e+02,4.560000000000000000e+02,0.000000000000000000e+00,0.000000000000000000e+00,4.000000000000000000e+00
1.000000000000000000e+00,1.600000000000000000e+01,1.600000000000000000e+01,7.760000000000000000e+02,4.560000000000000000e+02,7.760000000000000000e+02,4.560000000000000000e+02,0.000000000000000000e+00,0.000000000000000000e+00,4.000000000000000000e+00
-1.000000000000000000e+00,1.600000000000000000e+01,1.600000000000000000e+01,7.860000000000000000e+02,4.630000000000000000e+02,7.920000000000000000e+02,4.560000000000000000e+02,-2.500000000000000000e+01,3.100000000000000000e+01,4.000000000000000000e+00
1.000000000000000000e+00,1.600000000000000000e+01,1.600000000000000000e+01,7.920000000000000000e+02,4.560000000000000000e+02,7.920000000000000000e+02,4.560000000000000000e+02,0.000000000000000000e+00,0.000000000000000000e+00,4.000000000000000000e+00
1.000000000000000000e+00,1.600000000000000000e+01,1.600000000000000000e+01,8.080000000000000000e+02,4.670000000000000000e+02,8.080000000000000000e+02,4.560000000000000000e+02,0.000000000000000000e+00,4.400000000000000000e+01,4.000000000000000000e+00
1.000000000000000000e+00,1.600000000000000000e+01,1.600000000000000000e+01,8.310000000000000000e+02,4.490000000000000000e+02,8.240000000000000000e+02,4.560000000000000000e+02,3.100000000000000000e+01,-3.100000000000000000e+01,4.000000000000000000e+00
-1.000000000000000000e+00,1.600000000000000000e+01,1.600000000000000000e+01,8.600000000000000000e+02,4.630000000000000000e+02,8.720000000000000000e+02,4.560000000000000000e+02,-4.900000000000000000e+01,2.800000000000000000e+01,4.000000000000000000e+00
-1.000000000000000000e+00,1.600000000000000000e+01,1.600000000000000000e+01,8.710000000000000000e+02,4.750000000000000000e+02,8.880000000000000000e+02,4.560000000000000000e+02,-6.800000000000000000e+01,7.600000000000000000e+01,4.000000000000000000e+00
1.000000000000000000e+00,1.600000000000000000e+01,1.600000000000000000e+01,9.000000000000000000e+02,4.470000000000000000e+02,8.880000000000000000e+02,4.560000000000000000e+02,4.800000000000000000e+01,-3.700000000000000000e+01,4.000000000000000000e+00
-1.000000000000000000e+00,1.600000000000000000e+01,1.600000000000000000e+01,8.880000000000000000e+02,4.730000000000000000e+02,9.040000000000000000e+02,4.560000000000000000e+02,-6.500000000000000000e+01,6.800000000000000000e+01,4.000000000000000000e+00
-1.000000000000000000e+00,1.600000000000000000e+01,1.600000000000000000e+01,9.040000000000000000e+02,4.710000000000000000e+02,9.200000000000000000e+02,4.560000000000000000e+02,-6.500000000000000000e+01,6.000000000000000000e+01,4.000000000000000000e+00
1.000000000000000000e+00,1.600000000000000000e+01,1.600000000000000000e+01,9.610000000000000000e+02,4.390000000000000000e+02,9.360000000000000000e+02,4.560000000000000000e+02,1.000000000000000000e+02,-6.800000000000000000e+01,4.000000000000000000e+00
-1.000000000000000000e+00,1.600000000000000000e+01,1.600000000000000000e+01,9.520000000000000000e+02,4.750000000000000000e+02,9.680000000000000000e+02,4.560000000000000000e+02,-6.600000000000000000e+01,7.600000000000000000e+01,4.000000000000000000e+00
-1.000000000000000000e+00,1.600000000000000000e+01,1.600000000000000000e+01,9.680000000000000000e+02,4.750000000000000000e+02,9.840000000000000000e+02,4.560000000000000000e+02,-6.600000000000000000e+01,7.600000000000000000e+01,4.000000000000000000e+00
-1.000000000000000000e+00,1.600000000000000000e+01,1.600000000000000000e+01,9.890000000000000000e+02,4.750000000000000000e+02,1.016000000000000000e+03,4.560000000000000000e+02,-1.080000000000000000e+02,7.600000000000000000e+01,4.000000000000000000e+00
-1.000000000000000000e+00,1.600000000000000000e+01,1.600000000000000000e+01,1.011000000000000000e+03,4.750000000000000000e+02,1.032000000000000000e+03,4.560000000000000000e+02,-8.400000000000000000e+01,7.600000000000000000e+01,4.000000000000000000e+00
-1.000000000000000000e+00,1.600000000000000000e+01,1.600000000000000000e+01,1.048000000000000000e+03,4.560000000000000000e+02,1.048000000000000000e+03,4.560000000000000000e+02,0.000000000000000000e+00,0.000000000000000000e+00,4.000000000000000000e+00
1.000000000000000000e+00,1.600000000000000000e+01,1.600000000000000000e+01,1.048000000000000000e+03,4.560000000000000000e+02,1.048000000000000000e+03,4.560000000000000000e+02,0.000000000000000000e+00,0.000000000000000000e+00,4.000000000000000000e+00
-1.000000000000000000e+00,1.600000000000000000e+01,1.600000000000000000e+01,1.064000000000000000e+03,4.560000000000000000e+02,1.064000000000000000e+03,4.560000000000000000e+02,0.000000000000000000e+00,0.000000000000000000e+00,4.000000000000000000e+00
1.000000000000000000e+00,1.600000000000000000e+01,1.600000000000000000e+01,1.064000000000000000e+03,4.560000000000000000e+02,1.064000000000000000e+03,4.560000000000000000e+02,0.000000000000000000e+00,0.000000000000000000e+00,4.000000000000000000e+00
-1.000000000000000000e+00,1.600000000000000000e+01,1.600000000000000000e+01,1.080000000000000000e+03,4.560000000000000000e+02,1.080000000000000000e+03,4.560000000000000000e+02,0.000000000000000000e+00,0.000000000000000000e+00,4.000000000000000000e+00
1.000000000000000000e+00,1.600000000000000000e+01,1.600000000000000000e+01,1.080000000000000000e+03,4.560000000000000000e+02,1.080000000000000000e+03,4.560000000000000000e+02,0.000000000000000000e+00,0.000000000000000000e+00,4.000000000000000000e+00
-1.000000000000000000e+00,1.600000000000000000e+01,1.600000000000000000e+01,1.096000000000000000e+03,4.560000000000000000e+02,1.096000000000000000e+03,4.560000000000000000e+02,0.000000000000000000e+00,0.000000000000000000e+00,4.000000000000000000e+00
1.000000000000000000e+00,1.600000000000000000e+01,1.600000000000000000e+01,1.096000000000000000e+03,4.560000000000000000e+02,1.096000000000000000e+03,4.560000000000000000e+02,0.000000000000000000e+00,0.000000000000000000e+00,4.000000000000000000e+00
-1.000000000000000000e+00,1.600000000000000000e+01,1.600000000000000000e+01,1.112000000000000000e+03,4.560000000000000000e+02,1.112000000000000000e+03,4.560000000000000000e+02,0.000000000000000000e+00,0.000000000000000000e+00,4.000000000000000000e+00
1.000000000000000000e+00,1.600000000000000000e+01,1.600000000000000000e+01,1.112000000000000000e+03,4.560000000000000000e+02,1.112000000000000000e+03,4.560000000000000000e+02,0.000000000000000000e+00,0.000000000000000000e+00,4.000000000000000000e+00
-1.000000000000000000e+00,1.600000000000000000e+01,1.600000000000000000e+01,1.128000000000000000e+03,4.560000000000000000e+02,1.128000000000000000e+03,4.560000000000000000e+02,0.000000000000000000e+00,0.000000000000000000e+00,4.000000000000000000e+00
1.000000000000000000e+00,1.600000000000000000e+01,1.600000000000000000e+01,1.128000000000000000e+03,4.560000000000000000e+02,1.128000000000000000e+03,4.560000000000000000e+02,0.000000000000000000e+00,0.000000000000000000e+00,4.000000000000000000e+00
-1.000000000000000000e+00,1.600000000000000000e+01,1.600000000000000000e+01,1.144000000000000000e+03,4.560000000000000000e+02,1.144000000000000000e+03,4.560000000000000000e+02,0.000000000000000000e+00,0.000000000000000000e+00,4.000000000000000000e+00
1.000000000000000000e+00,1.600000000000000000e+01,1.600000000000000000e+01,1.144000000000000000e+03,4.560000000000000000e+02,1.144000000000000000e+03,4.560000000000000000e+02,0.000000000000000000e+00,0.000000000000000000e+00,4.000000000000000000e+00
-1.000000000000000000e+00,1.600000000000000000e+01,1.600000000000000000e+01,1.160000000000000000e+03,4.560000000000000000e+02,1.160000000000000000e+03,4.560000000000000000e+02,0.000000000000000000e+00,0.000000000000000000e+00,4.000000000000000000e+00
1.000000000000000000e+00,1.600000000000000000e+01,1.600000000000000000e+01,1.160000000000000000e+03,4.560000000000000000e+02,1.160000000000000000e+03,4.560000000000000000e+02,0.000000000000000000e+00,0.000000000000000000e+00,4.000000000000000000e+00
-1.000000000000000000e+00,1.600000000000000000e+01,1.600000000000000000e+01,1.176000000000000000e+03,4.560000000000000000e+02,1.176000000000000000e+03,4.560000000000000000e+02,0.000000000000000000e+00,0.000000000000000000e+00,4.000000000000000000e+00
1.000000000000000000e+00,1.600000000000000000e+01,1.600000000000000000e+01,1.176000000000000000e+03,4.560000000000000000e+02,1.176000000000000000e+03,4.560000000000000000e+02,0.000000000000000000e+00,0.000000000000000000e+00,4.000000000000000000e+00
-1.000000000000000000e+00,1.600000000000000000e+01,1.600000000000000000e+01,1.192000000000000000e+03,4.560000000000000000e+02,1.192000000000000000e+03,4.560000000000000000e+02,0.000000000000000000e+00,0.000000000000000000e+00,4.000000000000000000e+00
1.000000000000000000e+00,1.600000000000000000e+01,1.600000000000000000e+01,1.192000000000000000e+03,4.560000000000000000e+02,1.192000000000000000e+03,4.560000000000000000e+02,0.000000000000000000e+00,0.000000000000000000e+00,4.000000000000000000e+00
-1.000000000000000000e+00,1.600000000000000000e+01,1.600000000000000000e+01,1.208000000000000000e+03,4.560000000000000000e+02,1.208000000000000000e+03,4.560000000000000000e+02,0.000000000000000000e+00,0.000000000000000000e+00,4.000000000000000000e+00
1.000000000000000000e+00,1.600000000000000000e+01,1.600000000000000000e+01,1.208000000000000000e+03,4.560000000000000000e+02,1.208000000000000000e+03,4.560000000000000000e+02,0.000000000000000000e+00,0.000000000000000000e+00,4.000000000000000000e+00
-1.000000000000000000e+00,1.600000000000000000e+01,1.600000000000000000e+01,1.224000000000000000e+03,4.560000000000000000e+02,1.224000000000000000e+03,4.560000000000000000e+02,0.000000000000000000e+00,0.000000000000000000e+00,4.000000000000000000e+00
1.000000000000000000e+00,1.600000000000000000e+01,1.600000000000000000e+01,1.224000000000000000e+03,4.560000000000000000e+02,1.224000000000000000e+03,4.560000000000000000e+02,0.000000000000000000e+00,0.000000000000000000e+00,4.000000000000000000e+00
-1.000000000000000000e+00,1.600000000000000000e+01,1.600000000000000000e+01,1.240000000000000000e+03,4.560000000000000000e+02,1.240000000000000000e+03,4.560000000000000000e+02,0.000000000000000000e+00,0.000000000000000000e+00,4.000000000000000000e+00
1.000000000000000000e+00,1.600000000000000000e+01,1.600000000000000000e+01,1.240000000000000000e+03,4.560000000000000000e+02,1.240000000000000000e+03,4.560000000000000000e+02,0.000000000000000000e+00,0.000000000000000000e+00,4.000000000000000000e+00
-1.000000000000000000e+00,1.600000000000000000e+01,1.600000000000000000e+01,1.256000000000000000e+03,4.560000000000000000e+02,1.256000000000000000e+03,4.560000000000000000e+02,0.000000000000000000e+00,0.000000000000000000e+00,4.000000000000000000e+00
1.000000000000000000e+00,1.600000000000000000e+01,1.600000000000000000e+01,1.256000000000000000e+03,4.560000000000000000e+02,1.256000000000000000e+03,4.560000000000000000e+02,0.000000000000000000e+00,0.000000000000000000e+00,4.000000000000000000e+00
-1.000000000000000000e+00,1.600000000000000000e+01,1.600000000000000000e+01,1.272000000000000000e+03,4.560000000000000000e+02,1.272000000000000000e+03,4.560000000000000000e+02,0.000000000000000000e+00,0.000000000000000000e+00,4.000000000000000000e+00
1.000000000000000000e+00,1.600000000000000000e+01,1.600000000000000000e+01,1.272000000000000000e+03,4.560000000000000000e+02,1.272000000000000000e+03,4.560000000000000000e+02,0.000000000000000000e+00,0.000000000000000000e+00,4.000000000000000000e+00
1.000000000000000000e+00,1.600000000000000000e+01,8.000000000000000000e+00,3.700000000000000000e+01,4.440000000000000000e+02,8.000000000000000000e+00,4.680000000000000000e+02,1.190000000000000000e+02,-9.600000000000000000e+01,4.000000000000000000e+00
1.000000000000000000e+00,1.600000000000000000e+01,8.000000000000000000e+00,3.800000000000000000e+01,4.530000000000000000e+02,8.000000000000000000e+00,4.760000000000000000e+02,1.200000000000000000e+02,-9.500000000000000000e+01,4.000000000000000000e+00
1.000000000000000000e+00,1.600000000000000000e+01,1.600000000000000000e+01,5.100000000000000000e+01,4.550000000000000000e+02,2.400000000000000000e+01,4.720000000000000000e+02,1.080000000000000000e+02,-6.800000000000000000e+01,4.000000000000000000e+00
-1.000000000000000000e+00,1.600000000000000000e+01,1.600000000000000000e+01,1.400000000000000000e+01,4.920000000000000000e+02,4.000000000000000000e+01,4.720000000000000000e+02,-1.040000000000000000e+02,8.000000000000000000e+01,4.000000000000000000e+00
-1.000000000000000000e+00,1.600000000000000000e+01,1.600000000000000000e+01,3.300000000000000000e+01,4.920000000000000000e+02,5.600000000000000000e+01,4.720000000000000000e+02,-9.200000000000000000e+01,8.000000000000000000e+01,4.000000000000000000e+00
1.000000000000000000e+00,1.600000000000000000e+01,1.600000000000000000e+01,8.000000000000000000e+01,4.550000000000000000e+02,5.600000000000000000e+01,4.720000000000000000e+02,9.600000000000000000e+01,-6.800000000000000000e+01,4.000000000000000000e+00
1.000000000000000000e+00,1.600000000000000000e+01,1.600000000000000000e+01,9.900000000000000000e+01,4.510000000000000000e+02,7.200000000000000000e+01,4.720000000000000000e+02,1.080000000000000000e+02,-8.700000000000000000e+01,4.000000000000000000e+00
-1.000000000000000000e+00,1.600000000000000000e+01,1.600000000000000000e+01,6.500000000000000000e+01,4.920000000000000000e+02,8.800000000000000000e+01,4.720000000000000000e+02,-9.200000000000000000e+01,8.000000000000000000e+01,4.000000000000000000e+00
1.000000000000000000e+00,1.600000000000000000e+01,1.600000000000000000e+01,1.130000000000000000e+02,4.510000000000000000e+02,8.800000000000000000e+01,4.720000000000000000e+02,1.000000000000000000e+02,-8.700000000000000000e+01,4.000000000000000000e+00
-1.000000000000000000e+00,1.600000000000000000e+01,1.600000000000000000e+01,8.000000000000000000e+01,4.920000000000000000e+02,1.040000000000000000e+02,4.720000000000000000e+02,-9.600000000000000000e+01,8.000000000000000000e+01,4.000000000000000000e+00
-1.000000000000000000e+00,1.600000000000000000e+01,1.600000000000000000e+01,9.900000000000000000e+01,4.920000000000000000e+02,1.200000000000000000e+02,4.720000000000000000e+02,-8.600000000000000000e+01,8.000000000000000000e+01,4.000000000000000000e+00
1.000000000000000000e+00,1.600000000000000000e+01,1.600000000000000000e+01,1.440000000000000000e+02,4.510000000000000000e+02,1.200000000000000000e+02,4.720000000000000000e+02,9.600000000000000000e+01,-8.400000000000000000e+01,4.000000000000000000e+00
-1.000000000000000000e+00,1.600000000000000000e+01,1.600000000000000000e+01,1.150000000000000000e+02,4.920000000000000000e+02,1.360000000000000000e+02,4.720000000000000000e+02,-8.600000000000000000e+01,8.000000000000000000e+01,4.000000000000000000e+00
1.000000000000000000e+00,1.600000000000000000e+01,1.600000000000000000e+01,1.600000000000000000e+02,4.510000000000000000e+02,1.360000000000000000e+02,4.720000000000000000e+02,9.600000000000000000e+01,-8.400000000000000000e+01,4.000000000000000000e+00
-1.000000000000000000e+00,1.600000000000000000e+01,1.600000000000000000e+01,1.310000000000000000e+02,4.890000000000000000e+02,1.520000000000000000e+02,4.720000000000000000e+02,-8.600000000000000000e+01,7.000000000000000000e+01,4.000000000000000000e+00
1.000000000000000000e+00,1.600000000000000000e+01,1.600000000000000000e+01,1.760000000000000000e+02,4.510000000000000000e+02,1.520000000000000000e+02,4.720000000000000000e+02,9.600000000000000000e+01,-8.400000000000000000e+01,4.000000000000000000e+00
-1.000000000000000000e+00,1.600000000000000000e+01,1.600000000000000000e+01,1.470000000000000000e+02,4.920000000000000000e+02,1.680000000000000000e+02,4.720000000000000000e+02,-8.600000000000000000e+01,8.300000000000000000e+01,4.000000000000000000e+00
1.000000000000000000e+00,1.600000000000000000e+01,1.600000000000000000e+01,1.920000000000000000e+02,4.500000000000000000e+02,1.680000000000000000e+02,4.720000000000000000e+02,9.700000000000000000e+01,-8.800000000000000000e+01,4.000000000000000000e+00
-1.000000000000000000e+00,1.600000000000000000e+01,1.600000000000000000e+01,1.630000000000000000e+02,4.920000000000000000e+02,1.840000000000000000e+02,4.720000000000000000e+02,-8.600000000000000000e+01,8.300000000000000000e+01,4.000000000000000000e+00
1.000000000000000000e+00,1.600000000000000000e+01,1.600000000000000000e+01,2.080000000000000000e+02,4.500000000000000000e+02,1.840000000000000000e+02,4.720000000000000000e+02,9.900000000000000000e+01,-8.800000000000000000e+01,4.000000000000000000e+00
-1.000000000000000000e+00,1.600000000000000000e+01,1.600000000000000000e+01,1.770000000000000000e+02,4.930000000000000000e+02,2.000000000000000000e+02,4.720000000000000000e+02,-9.500000000000000000e+01,8.600000000000000000e+01,4.000000000000000000e+00
1.000000000000000000e+00,1.600000000000000000e+01,1.600000000000000000e+01,2.410000000000000000e+02,4.520000000000000000e+02,2.160000000000000000e+02,4.720000000000000000e+02,1.010000000000000000e+02,-8.300000000000000000e+01,4.000000000000000000e+00
-1.000000000000000000e+00,1.600000000000000000e+01,1.600000000000000000e+01,2.320000000000000000e+02,4.720000000000000000e+02,2.320000000000000000e+02,4.720000000000000000e+02,0.000000000000000000e+00,0.000000000000000000e+00,4.000000000000000000e+00
1.000000000000000000e+00,1.600000000000000000e+01,1.600000000000000000e+01,2.570000000000000000e+02,4.520000000000000000e+02,2.320000000000000000e+02,4.720000000000000000e+02,1.000000000000000000e+02,-8.300000000000000000e+01,4.000000000000000000e+00
-1.000000000000000000e+00,1.600000000000000000e+01,1.600000000000000000e+01,2.480000000000000000e+02,4.720000000000000000e+02,2.480000000000000000e+02,4.720000000000000000e+02,0.000000000000000000e+00,0.000000000000000000e+00,4.000000000000000000e+00
1.000000000000000000e+00,1.600000000000000000e+01,1.600000000000000000e+01,2.730000000000000000e+02,4.520000000000000000e+02,2.480000000000000000e+02,4.720000000000000000e+02,1.000000000000000000e+02,-8.300000000000000000e+01,4.000000000000000000e+00
-1.000000000000000000e+00,1.600000000000000000e+01,1.600000000000000000e+01,2.640000000000000000e+02,4.720000000000000000e+02,2.640000000000000000e+02,4.720000000000000000e+02,0.000000000000000000e+00,0.000000000000000000e+00,4.000000000000000000e+00
1.000000000000000000e+00,1.600000000000000000e+01,1.600000000000000000e+01,2.890000000000000000e+02,4.520000000000000000e+02,2.640000000000000000e+02,4.720000000000000000e+02,1.000000000000000000e+02,-8.300000000000000000e+01,4.000000000000000000e+00
-1.000000000000000000e+00,1.600000000000000000e+01,1.600000000000000000e+01,2.800000000000000000e+02,4.720000000000000000e+02,2.800000000000000000e+02,4.720000000000000000e+02,0.000000000000000000e+00,0.000000000000000000e+00,4.000000000000000000e+00
1.000000000000000000e+00,1.600000000000000000e+01,1.600000000000000000e+01,3.050000000000000000e+02,4.520000000000000000e+02,2.800000000000000000e+02,4.720000000000000000e+02,1.000000000000000000e+02,-8.300000000000000000e+01,4.000000000000000000e+00
1.000000000000000000e+00,1.600000000000000000e+01,1.600000000000000000e+01,3.210000000000000000e+02,4.520000000000000000e+02,2.960000000000000000e+02,4.720000000000000000e+02,1.000000000000000000e+02,-8.300000000000000000e+01,4.000000000000000000e+00
1.000000000000000000e+00,1.600000000000000000e+01,1.600000000000000000e+01,3.370000000000000000e+02,4.520000000000000000e+02,3.120000000000000000e+02,4.720000000000000000e+02,1.000000000000000000e+02,-8.300000000000000000e+01,4.000000000000000000e+00
1.000000000000000000e+00,1.600000000000000000e+01,8.000000000000000000e+00,3.530000000000000000e+02,4.480000000000000000e+02,3.280000000000000000e+02,4.680000000000000000e+02,1.000000000000000000e+02,-8.300000000000000000e+01,4.000000000000000000e+00
1.000000000000000000e+00,1.600000000000000000e+01,8.000000000000000000e+00,3.530000000000000000e+02,4.570000000000000000e+02,3.280000000000000000e+02,4.760000000000000000e+02,1.000000000000000000e+02,-7.700000000000000000e+01,4.000000000000000000e+00
1.000000000000000000e+00,1.600000000000000000e+01,1.600000000000000000e+01,4.070000000000000000e+02,4.520000000000000000e+02,3.760000000000000000e+02,4.720000000000000000e+02,1.260000000000000000e+02,-8.000000000000000000e+01,4.000000000000000000e+00
-1.000000000000000000e+00,1.600000000000000000e+01,1.600000000000000000e+01,3.810000000000000000e+02,4.920000000000000000e+02,4.080000000000000000e+02,4.720000000000000000e+02,-1.080000000000000000e+02,8.300000000000000000e+01,4.000000000000000000e+00
-1.000000000000000000e+00,1.600000000000000000e+01,1.600000000000000000e+01,3.970000000000000000e+02,4.920000000000000000e+02,4.240000000000000000e+02,4.720000000000000000e+02,-1.080000000000000000e+02,8.300000000000000000e+01,4.000000000000000000e+00
-1.000000000000000000e+00,1.600000000000000000e+01,1.600000000000000000e+01,4.090000000000000000e+02,4.920000000000000000e+02,4.400000000000000000e+02,4.720000000000000000e+02,-1.240000000000000000e+02,8.200000000000000000e+01,4.000000000000000000e+00
-1.000000000000000000e+00,8.000000000000000000e+00,1.600000000000000000e+01,4.200000000000000000e+02,4.920000000000000000e+02,4.520000000000000000e+02,4.720000000000000000e+02,-1.290000000000000000e+02,8.200000000000000000e+01,4.000000000000000000e+00
-1.000000000000000000e+00,8.000000000000000000e+00,1.600000000000000000e+01,4.600000000000000000e+02,4.720000000000000000e+02,4.600000000000000000e+02,4.720000000000000000e+02,0.000000000000000000e+00,0.000000000000000000e+00,4.000000000000000000e+00
1.000000000000000000e+00,8.000000000000000000e+00,1.600000000000000000e+01,4.880000000000000000e+02,4.490000000000000000e+02,4.520000000000000000e+02,4.720000000000000000e+02,1.460000000000000000e+02,-9.300000000000000000e+01,4.000000000000000000e+00
1.000000000000000000e+00,8.000000000000000000e+00,1.600000000000000000e+01,4.970000000000000000e+02,4.490000000000000000e+02,4.600000000000000000e+02,4.720000000000000000e+02,1.490000000000000000e+02,-9.300000000000000000e+01,4.000000000000000000e+00
-1.000000000000000000e+00,1.600000000000000000e+01,1.600000000000000000e+01,4.830000000000000000e+02,4.920000000000000000e+02,5.040000000000000000e+02,4.720000000000000000e+02,-8.700000000000000000e+01,8.000000000000000000e+01,4.000000000000000000e+00
-1.000000000000000000e+00,1.600000000000000000e+01,1.600000000000000000e+01,4.980000000000000000e+02,4.920000000000000000e+02,5.200000000000000000e+02,4.720000000000000000e+02,-9.000000000000000000e+01,8.000000000000000000e+01,4.000000000000000000e+00
-1.000000000000000000e+00,8.000000000000000000e+00,8.000000000000000000e+00,5.320000000000000000e+02,4.680000000000000000e+02,5.320000000000000000e+02,4.680000000000000000e+02,0.000000000000000000e+00,0.000000000000000000e+00,4.000000000000000000e+00
-1.000000000000000000e+00,8.000000000000000000e+00,8.000000000000000000e+00,5.400000000000000000e+02,4.790000000000000000e+02,5.400000000000000000e+02,4.680000000000000000e+02,0.000000000000000000e+00,4.500000000000000000e+01,4.000000000000000000e+00
-1.000000000000000000e+00,8.000000000000000000e+00,8.000000000000000000e+00,5.320000000000000000e+02,4.870000000000000000e+02,5.320000000000000000e+02,4.760000000000000000e+02,0.000000000000000000e+00,4.500000000000000000e+01,4.000000000000000000e+00
-1.000000000000000000e+00,8.000000000000000000e+00,8.000000000000000000e+00,5.400000000000000000e+02,4.870000000000000000e+02,5.400000000000000000e+02,4.760000000000000000e+02,0.000000000000000000e+00,4.500000000000000000e+01,4.000000000000000000e+00
1.000000000000000000e+00,8.000000000000000000e+00,8.000000000000000000e+00,5.370000000000000000e+02,4.580000000000000000e+02,5.320000000000000000e+02,4.680000000000000000e+02,2.200000000000000000e+01,-4.100000000000000000e+01,4.000000000000000000e+00
1.000000000000000000e+00,8.000000000000000000e+00,8.000000000000000000e+00,5.450000000000000000e+02,4.570000000000000000e+02,5.400000000000000000e+02,4.680000000000000000e+02,2.200000000000000000e+01,-4.600000000000000000e+01,4.000000000000000000e+00
1.000000000000000000e+00,8.000000000000000000e+00,8.000000000000000000e+00,5.370000000000000000e+02,4.650000000000000000e+02,5.320000000000000000e+02,4.760000000000000000e+02,2.200000000000000000e+01,-4.600000000000000000e+01,4.000000000000000000e+00
1.000000000000000000e+00,8.000000000000000000e+00,8.000000000000000000e+00,5.450000000000000000e+02,4.650000000000000000e+02,5.400000000000000000e+02,4.760000000000000000e+02,2.200000000000000000e+01,-4.600000000000000000e+01,4.000000000000000000e+00
-1.000000000000000000e+00,1.600000000000000000e+01,1.600000000000000000e+01,5.520000000000000000e+02,4.830000000000000000e+02,5.520000000000000000e+02,4.720000000000000000e+02,0.000000000000000000e+00,4.500000000000000000e+01,4.000000000000000000e+00
1.000000000000000000e+00,1.600000000000000000e+01,1.600000000000000000e+01,5.570000000000000000e+02,4.610000000000000000e+02,5.520000000000000000e+02,4.720000000000000000e+02,2.200000000000000000e+01,-4.600000000000000000e+01,4.000000000000000000e+00
-1.000000000000000000e+00,1.600000000000000000e+01,1.600000000000000000e+01,5.680000000000000000e+02,4.640000000000000000e+02,5.680000000000000000e+02,4.720000000000000000e+02,-1.000000000000000000e+00,-3.200000000000000000e+01,4.000000000000000000e+00
1.000000000000000000e+00,1.600000000000000000e+01,1.600000000000000000e+01,5.840000000000000000e+02,4.720000000000000000e+02,5.840000000000000000e+02,4.720000000000000000e+02,0.000000000000000000e+00,0.000000000000000000e+00,4.000000000000000000e+00
1.000000000000000000e+00,1.600000000000000000e+01,1.600000000000000000e+01,6.000000000000000000e+02,4.720000000000000000e+02,6.000000000000000000e+02,4.720000000000000000e+02,0.000000000000000000e+00,0.000000000000000000e+00,4.000000000000000000e+00
1.000000000000000000e+00,1.600000000000000000e+01,1.600000000000000000e+01,6.160000000000000000e+02,4.720000000000000000e+02,6.160000000000000000e+02,4.720000000000000000e+02,0.000000000000000000e+00,0.000000000000000000e+00,4.000000000000000000e+00
1.000000000000000000e+00,1.600000000000000000e+01,1.600000000000000000e+01,6.320000000000000000e+02,4.720000000000000000e+02,6.320000000000000000e+02,4.720000000000000000e+02,0.000000000000000000e+00,0.000000000000000000e+00,4.000000000000000000e+00
-1.000000000000000000e+00,1.600000000000000000e+01,1.600000000000000000e+01,6.640000000000000000e+02,4.720000000000000000e+02,6.640000000000000000e+02,4.720000000000000000e+02,0.000000000000000000e+00,0.000000000000000000e+00,4.000000000000000000e+00
-1.000000000000000000e+00,1.600000000000000000e+01,1.600000000000000000e+01,6.800000000000000000e+02,4.720000000000000000e+02,6.800000000000000000e+02,4.720000000000000000e+02,0.000000000000000000e+00,0.000000000000000000e+00,4.000000000000000000e+00
-1.000000000000000000e+00,1.600000000000000000e+01,1.600000000000000000e+01,6.960000000000000000e+02,4.720000000000000000e+02,6.960000000000000000e+02,4.720000000000000000e+02,0.000000000000000000e+00,0.000000000000000000e+00,4.000000000000000000e+00
1.000000000000000000e+00,1.600000000000000000e+01,1.600000000000000000e+01,7.280000000000000000e+02,4.720000000000000000e+02,7.280000000000000000e+02,4.720000000000000000e+02,0.000000000000000000e+00,0.000000000000000000e+00,4.000000000000000000e+00
1.000000000000000000e+00,1.600000000000000000e+01,1.600000000000000000e+01,7.440000000000000000e+02,4.720000000000000000e+02,7.440000000000000000e+02,4.720000000000000000e+02,0.000000000000000000e+00,0.000000000000000000e+00,4.000000000000000000e+00
-1.000000000000000000e+00,1.600000000000000000e+01,1.600000000000000000e+01,7.600000000000000000e+02,4.720000000000000000e+02,7.600000000000000000e+02,4.720000000000000000e+02,0.000000000000000000e+00,0.000000000000000000e+00,4.000000000000000000e+00
1.000000000000000000e+00,1.600000000000000000e+01,1.600000000000000000e+01,7.600000000000000000e+02,4.720000000000000000e+02,7.600000000000000000e+02,4.720000000000000000e+02,0.000000000000000000e+00,0.000000000000000000e+00,4.000000000000000000e+00
1.000000000000000000e+00,1.600000000000000000e+01,1.600000000000000000e+01,7.770000000000000000e+02,4.650000000000000000e+02,7.760000000000000000e+02,4.720000000000000000e+02,7.000000000000000000e+00,-2.800000000000000000e+01,4.000000000000000000e+00
-1.000000000000000000e+00,1.600000000000000000e+01,1.600000000000000000e+01,7.860000000000000000e+02,4.790000000000000000e+02,7.920000000000000000e+02,4.720000000000000000e+02,-2.500000000000000000e+01,3.100000000000000000e+01,4.000000000000000000e+00
1.000000000000000000e+00,1.600000000000000000e+01,1.600000000000000000e+01,7.920000000000000000e+02,4.720000000000000000e+02,7.920000000000000000e+02,4.720000000000000000e+02,0.000000000000000000e+00,0.000000000000000000e+00,4.000000000000000000e+00
-1.000000000000000000e+00,1.600000000000000000e+01,1.600000000000000000e+01,8.020000000000000000e+02,4.790000000000000000e+02,8.080000000000000000e+02,4.720000000000000000e+02,-2.500000000000000000e+01,3.100000000000000000e+01,4.000000000000000000e+00
1.000000000000000000e+00,1.600000000000000000e+01,1.600000000000000000e+01,8.080000000000000000e+02,4.720000000000000000e+02,8.080000000000000000e+02,4.720000000000000000e+02,0.000000000000000000e+00,0.000000000000000000e+00,4.000000000000000000e+00
-1.000000000000000000e+00,1.600000000000000000e+01,1.600000000000000000e+01,8.450000000000000000e+02,4.790000000000000000e+02,8.560000000000000000e+02,4.720000000000000000e+02,-4.700000000000000000e+01,2.800000000000000000e+01,4.000000000000000000e+00
-1.000000000000000000e+00,1.600000000000000000e+01,1.600000000000000000e+01,8.600000000000000000e+02,4.830000000000000000e+02,8.720000000000000000e+02,4.720000000000000000e+02,-4.800000000000000000e+01,4.600000000000000000e+01,4.000000000000000000e+00
1.000000000000000000e+00,1.600000000000000000e+01,8.000000000000000000e+00,8.980000000000000000e+02,4.590000000000000000e+02,8.880000000000000000e+02,4.680000000000000000e+02,4.300000000000000000e+01,-3.700000000000000000e+01,4.000000000000000000e+00
1.000000000000000000e+00,1.600000000000000000e+01,8.000000000000000000e+00,8.980000000000000000e+02,4.670000000000000000e+02,8.880000000000000000e+02,4.760000000000000000e+02,4.100000000000000000e+01,-3.700000000000000000e+01,4.000000000000000000e+00
1.000000000000000000e+00,1.600000000000000000e+01,1.600000000000000000e+01,9.190000000000000000e+02,4.560000000000000000e+02,9.040000000000000000e+02,4.720000000000000000e+02,6.200000000000000000e+01,-6.400000000000000000e+01,4.000000000000000000e+00
-1.000000000000000000e+00,1.600000000000000000e+01,1.600000000000000000e+01,9.040000000000000000e+02,4.870000000000000000e+02,9.200000000000000000e+02,4.720000000000000000e+02,-6.500000000000000000e+01,6.000000000000000000e+01,4.000000000000000000e+00
1.000000000000000000e+00,1.600000000000000000e+01,1.600000000000000000e+01,9.350000000000000000e+02,4.560000000000000000e+02,9.200000000000000000e+02,4.720000000000000000e+02,6.200000000000000000e+01,-6.400000000000000000e+01,4.000000000000000000e+00
1.000000000000000000e+00,1.600000000000000000e+01,1.600000000000000000e+01,9.510000000000000000e+02,4.540000000000000000e+02,9.360000000000000000e+02,4.720000000000000000e+02,6.200000000000000000e+01,-7.200000000000000000e+01,4.000000000000000000e+00
1.000000000000000000e+00,1.600000000000000000e+01,1.600000000000000000e+01,9.670000000000000000e+02,4.540000000000000000e+02,9.520000000000000000e+02,4.720000000000000000e+02,6.200000000000000000e+01,-7.200000000000000000e+01,4.000000000000000000e+00
1.000000000000000000e+00,1.600000000000000000e+01,1.600000000000000000e+01,9.880000000000000000e+02,4.540000000000000000e+02,9.680000000000000000e+02,4.720000000000000000e+02,8.000000000000000000e+01,-7.200000000000000000e+01,4.000000000000000000e+00
-1.000000000000000000e+00,1.600000000000000000e+01,1.600000000000000000e+01,9.840000000000000000e+02,4.720000000000000000e+02,9.840000000000000000e+02,4.720000000000000000e+02,0.000000000000000000e+00,0.000000000000000000e+00,4.000000000000000000e+00
1.000000000000000000e+00,1.600000000000000000e+01,1.600000000000000000e+01,9.840000000000000000e+02,4.720000000000000000e+02,9.840000000000000000e+02,4.720000000000000000e+02,0.000000000000000000e+00,0.000000000000000000e+00,4.000000000000000000e+00
-1.000000000000000000e+00,1.600000000000000000e+01,1.600000000000000000e+01,1.000000000000000000e+03,4.720000000000000000e+02,1.000000000000000000e+03,4.720000000000000000e+02,0.000000000000000000e+00,0.000000000000000000e+00,4.000000000000000000e+00
1.000000000000000000e+00,1.600000000000000000e+01,1.600000000000000000e+01,1.000000000000000000e+03,4.720000000000000000e+02,1.000000000000000000e+03,4.720000000000000000e+02,0.000000000000000000e+00,0.000000000000000000e+00,4.000000000000000000e+00
1.000000000000000000e+00,1.600000000000000000e+01,1.600000000000000000e+01,1.016000000000000000e+03,4.720000000000000000e+02,1.016000000000000000e+03,4.720000000000000000e+02,0.000000000000000000e+00,0.000000000000000000e+00,4.000000000000000000e+00
-1.000000000000000000e+00,1.600000000000000000e+01,1.600000000000000000e+01,1.032000000000000000e+03,4.720000000000000000e+02,1.032000000000000000e+03,4.720000000000000000e+02,0.000000000000000000e+00,0.000000000000000000e+00,4.000000000000000000e+00
1.000000000000000000e+00,1.600000000000000000e+01,1.600000000000000000e+01,1.032000000000000000e+03,4.720000000000000000e+02,1.032000000000000000e+03,4.720000000000000000e+02,0.000000000000000000e+00,0.000000000000000000e+00,4.000000000000000000e+00
-1.000000000000000000e+00,1.600000000000000000e+01,1.600000000000000000e+01,1.048000000000000000e+03,4.720000000000000000e+02,1.048000000000000000e+03,4.720000000000000000e+02,0.000000000000000000e+00,0.000000000000000000e+00,4.000000000000000000e+00
1.000000000000000000e+00,1.600000000000000000e+01,1.600000000000000000e+01,1.048000000000000000e+03,4.720000000000000000e+02,1.048000000000000000e+03,4.720000000000000000e+02,0.000000000000000000e+00,0.000000000000000000e+00,4.000000000000000000e+00
-1.000000000000000000e+00,1.600000000000000000e+01,1.600000000000000000e+01,1.064000000000000000e+03,4.720000000000000000e+02,1.064000000000000000e+03,4.720000000000000000e+02,0.000000000000000000e+00,0.000000000000000000e+00,4.000000000000000000e+00
1.000000000000000000e+00,1.600000000000000000e+01,1.600000000000000000e+01,1.064000000000000000e+03,4.720000000000000000e+02,1.064000000000000000e+03,4.720000000000000000e+02,0.000000000000000000e+00,0.000000000000000000e+00,4.000000000000000000e+00
-1.000000000000000000e+00,1.600000000000000000e+01,1.600000000000000000e+01,1.080000000000000000e+03,4.720000000000000000e+02,1.080000000000000000e+03,4.720000000000000000e+02,0.000000000000000000e+00,0.000000000000000000e+00,4.000000000000000000e+00
1.000000000000000000e+00,1.600000000000000000e+01,1.600000000000000000e+01,1.080000000000000000e+03,4.720000000000000000e+02,1.080000000000000000e+03,4.720000000000000000e+02,0.000000000000000000e+00,0.000000000000000000e+00,4.000000000000000000e+00
-1.000000000000000000e+00,1.600000000000000000e+01,1.600000000000000000e+01,1.096000000000000000e+03,4.720000000000000000e+02,1.096000000000000000e+03,4.720000000000000000e+02,0.000000000000000000e+00,0.000000000000000000e+00,4.000000000000000000e+00
1.000000000000000000e+00,1.600000000000000000e+01,1.600000000000000000e+01,1.096000000000000000e+03,4.720000000000000000e+02,1.096000000000000000e+03,4.720000000000000000e+02,0.000000000000000000e+00,0.000000000000000000e+00,4.000000000000000000e+00
-1.000000000000000000e+00,1.600000000000000000e+01,1.600000000000000000e+01,1.112000000000000000e+03,4.720000000000000000e+02,1.112000000000000000e+03,4.720000000000000000e+02,0.000000000000000000e+00,0.000000000000000000e+00,4.000000000000000000e+00
1.000000000000000000e+00,1.600000000000000000e+01,1.600000000000000000e+01,1.112000000000000000e+03,4.720000000000000000e+02,1.112000000000000000e+03,4.720000000000000000e+02,0.000000000000000000e+00,0.000000000000000000e+00,4.000000000000000000e+00
-1.000000000000000000e+00,1.600000000000000000e+01,1.600000000000000000e+01,1.128000000000000000e+03,4.720000000000000000e+02,1.128000000000000000e+03,4.720000000000000000e+02,0.000000000000000000e+00,0.000000000000000000e+00,4.000000000000000000e+00
1.000000000000000000e+00,1.600000000000000000e+01,1.600000000000000000e+01,1.128000000000000000e+03,4.720000000000000000e+02,1.128000000000000000e+03,4.720000000000000000e+02,0.000000000000000000e+00,0.000000000000000000e+00,4.000000000000000000e+00
-1.000000000000000000e+00,1.600000000000000000e+01,1.600000000000000000e+01,1.144000000000000000e+03,4.720000000000000000e+02,1.144000000000000000e+03,4.720000000000000000e+02,0.000000000000000000e+00,0.000000000000000000e+00,4.000000000000000000e+00
1.000000000000000000e+00,1.600000000000000000e+01,1.600000000000000000e+01,1.144000000000000000e+03,4.720000000000000000e+02,1.144000000000000000e+03,4.720000000000000000e+02,0.000000000000000000e+00,0.000000000000000000e+00,4.000000000000000000e+00
1.000000000000000000e+00,1.600000000000000000e+01,1.600000000000000000e+01,1.160000000000000000e+03,4.720000000000000000e+02,1.160000000000000000e+03,4.720000000000000000e+02,0.000000000000000000e+00,0.000000000000000000e+00,4.000000000000000000e+00
-1.000000000000000000e+00,1.600000000000000000e+01,1.600000000000000000e+01,1.176000000000000000e+03,4.720000000000000000e+02,1.176000000000000000e+03,4.720000000000000000e+02,0.000000000000000000e+00,0.000000000000000000e+00,4.000000000000000000e+00
1.000000000000000000e+00,1.600000000000000000e+01,1.600000000000000000e+01,1.176000000000000000e+03,4.720000000000000000e+02,1.176000000000000000e+03,4.720000000000000000e+02,0.000000000000000000e+00,0.000000000000000000e+00,4.000000000000000000e+00
-1.000000000000000000e+00,1.600000000000000000e+01,1.600000000000000000e+01,1.187000000000000000e+03,4.680000000000000000e+02,1.192000000000000000e+03,4.720000000000000000e+02,-2.000000000000000000e+01,-1.600000000000000000e+01,4.000000000000000000e+00
-1.000000000000000000e+00,1.600000000000000000e+01,1.600000000000000000e+01,1.208000000000000000e+03,4.720000000000000000e+02,1.208000000000000000e+03,4.720000000000000000e+02,0.000000000000000000e+00,0.000000000000000000e+00,4.000000000000000000e+00
1.000000000000000000e+00,1.600000000000000000e+01,1.600000000000000000e+01,1.208000000000000000e+03,4.720000000000000000e+02,1.208000000000000000e+03,4.720000000000000000e+02,0.000000000000000000e+00,0.000000000000000000e+00,4.000000000000000000e+00
-1.000000000000000000e+00,1.600000000000000000e+01,1.600000000000000000e+01,1.224000000000000000e+03,4.720000000000000000e+02,1.224000000000000000e+03,4.720000000000000000e+02,0.000000000000000000e+00,0.000000000000000000e+00,4.000000000000000000e+00
1.000000000000000000e+00,1.600000000000000000e+01,1.600000000000000000e+01,1.224000000000000000e+03,4.720000000000000000e+02,1.224000000000000000e+03,4.720000000000000000e+02,0.000000000000000000e+00,0.000000000000000000e+00,4.000000000000000000e+00
1.000000000000000000e+00,1.600000000000000000e+01,1.600000000000000000e+01,1.240000000000000000e+03,4.720000000000000000e+02,1.240000000000000000e+03,4.720000000000000000e+02,0.000000000000000000e+00,0.000000000000000000e+00,4.000000000000000000e+00
-1.000000000000000000e+00,1.600000000000000000e+01,1.600000000000000000e+01,1.256000000000000000e+03,4.720000000000000000e+02,1.256000000000000000e+03,4.720000000000000000e+02,0.000000000000000000e+00,0.000000000000000000e+00,4.000000000000000000e+00
1.000000000000000000e+00,1.600000000000000000e+01,1.600000000000000000e+01,1.256000000000000000e+03,4.720000000000000000e+02,1.256000000000000000e+03,4.720000000000000000e+02,0.000000000000000000e+00,0.000000000000000000e+00,4.000000000000000000e+00
1.000000000000000000e+00,1.600000000000000000e+01,1.600000000000000000e+01,3.500000000000000000e+01,4.710000000000000000e+02,8.000000000000000000e+00,4.880000000000000000e+02,1.080000000000000000e+02,-6.800000000000000000e+01,4.000000000000000000e+00
-1.000000000000000000e+00,8.000000000000000000e+00,1.600000000000000000e+01,2.000000000000000000e+01,4.880000000000000000e+02,2.000000000000000000e+01,4.880000000000000000e+02,0.000000000000000000e+00,0.000000000000000000e+00,4.000000000000000000e+00
-1.000000000000000000e+00,8.000000000000000000e+00,1.600000000000000000e+01,2.000000000000000000e+00,5.080000000000000000e+02,2.800000000000000000e+01,4.880000000000000000e+02,-1.040000000000000000e+02,8.000000000000000000e+01,4.000000000000000000e+00
1.000000000000000000e+00,8.000000000000000000e+00,1.600000000000000000e+01,4.800000000000000000e+01,4.710000000000000000e+02,2.000000000000000000e+01,4.880000000000000000e+02,1.120000000000000000e+02,-6.800000000000000000e+01,4.000000000000000000e+00
1.000000000000000000e+00,8.000000000000000000e+00,1.600000000000000000e+01,2.800000000000000000e+01,4.880000000000000000e+02,2.800000000000000000e+01,4.880000000000000000e+02,0.000000000000000000e+00,0.000000000000000000e+00,4.000000000000000000e+00
-1.000000000000000000e+00,1.600000000000000000e+01,1.600000000000000000e+01,1.400000000000000000e+01,5.080000000000000000e+02,4.000000000000000000e+01,4.880000000000000000e+02,-1.040000000000000000e+02,8.000000000000000000e+01,4.000000000000000000e+00
1.000000000000000000e+00,1.600000000000000000e+01,1.600000000000000000e+01,6.400000000000000000e+01,4.710000000000000000e+02,4.000000000000000000e+01,4.880000000000000000e+02,9.600000000000000000e+01,-6.800000000000000000e+01,4.000000000000000000e+00
1.000000000000000000e+00,1.600000000000000000e+01,1.600000000000000000e+01,8.000000000000000000e+01,4.690000000000000000e+02,5.600000000000000000e+01,4.880000000000000000e+02,9.600000000000000000e+01,-7.700000000000000000e+01,4.000000000000000000e+00
-1.000000000000000000e+00,1.600000000000000000e+01,1.600000000000000000e+01,4.900000000000000000e+01,5.080000000000000000e+02,7.200000000000000000e+01,4.880000000000000000e+02,-9.200000000000000000e+01,8.000000000000000000e+01,4.000000000000000000e+00
1.000000000000000000e+00,1.600000000000000000e+01,1.600000000000000000e+01,9.700000000000000000e+01,4.670000000000000000e+02,7.200000000000000000e+01,4.880000000000000000e+02,1.000000000000000000e+02,-8.700000000000000000e+01,4.000000000000000000e+00
-1.000000000000000000e+00,1.600000000000000000e+01,1.600000000000000000e+01,6.500000000000000000e+01,5.080000000000000000e+02,8.800000000000000000e+01,4.880000000000000000e+02,-9.200000000000000000e+01,8.000000000000000000e+01,4.000000000000000000e+00
1.000000000000000000e+00,1.600000000000000000e+01,1.600000000000000000e+01,1.130000000000000000e+02,4.670000000000000000e+02,8.800000000000000000e+01,4.880000000000000000e+02,1.000000000000000000e+02,-8.700000000000000000e+01,4.000000000000000000e+00
-1.000000000000000000e+00,1.600000000000000000e+01,1.600000000000000000e+01,8.100000000000000000e+01,5.080000000000000000e+02,1.040000000000000000e+02,4.880000000000000000e+02,-9.200000000000000000e+01,8.000000000000000000e+01,4.000000000000000000e+00
1.000000000000000000e+00,1.600000000000000000e+01,1.600000000000000000e+01,1.280000000000000000e+02,4.670000000000000000e+02,1.040000000000000000e+02,4.880000000000000000e+02,9.600000000000000000e+01,-8.400000000000000000e+01,4.000000000000000000e+00
1.000000000000000000e+00,1.600000000000000000e+01,1.600000000000000000e+01,1.440000000000000000e+02,4.660000000000000000e+02,1.200000000000000000e+02,4.880000000000000000e+02,9.600000000000000000e+01,-9.100000000000000000e+01,4.000000000000000000e+00
-1.000000000000000000e+00,1.600000000000000000e+01,1.600000000000000000e+01,1.120000000000000000e+02,5.100000000000000000e+02,1.360000000000000000e+02,4.880000000000000000e+02,-9.600000000000000000e+01,8.800000000000000000e+01,4.000000000000000000e+00
-1.000000000000000000e+00,1.600000000000000000e+01,1.600000000000000000e+01,1.310000000000000000e+02,5.080000000000000000e+02,1.520000000000000000e+02,4.880000000000000000e+02,-8.600000000000000000e+01,8.300000000000000000e+01,4.000000000000000000e+00
1.000000000000000000e+00,1.600000000000000000e+01,1.600000000000000000e+01,1.760000000000000000e+02,4.670000000000000000e+02,1.520000000000000000e+02,4.880000000000000000e+02,9.600000000000000000e+01,-8.400000000000000000e+01,4.000000000000000000e+00
-1.000000000000000000e+00,1.600000000000000000e+01,1.600000000000000000e+01,1.470000000000000000e+02,5.080000000000000000e+02,1.680000000000000000e+02,4.880000000000000000e+02,-8.600000000000000000e+01,8.300000000000000000e+01,4.000000000000000000e+00
1.000000000000000000e+00,1.600000000000000000e+01,1.600000000000000000e+01,1.920000000000000000e+02,4.660000000000000000e+02,1.680000000000000000e+02,4.880000000000000000e+02,9.700000000000000000e+01,-8.800000000000000000e+01,4.000000000000000000e+00
-1.000000000000000000e+00,1.600000000000000000e+01,1.600000000000000000e+01,1.630000000000000000e+02,5.080000000000000000e+02,1.840000000000000000e+02,4.880000000000000000e+02,-8.600000000000000000e+01,8.300000000000000000e+01,4.000000000000000000e+00
1.000000000000000000e+00,1.600000000000000000e+01,1.600000000000000000e+01,2.080000000000000000e+02,4.660000000000000000e+02,1.840000000000000000e+02,4.880000000000000000e+02,9.700000000000000000e+01,-8.800000000000000000e+01,4.000000000000000000e+00
-1.000000000000000000e+00,1.600000000000000000e+01,1.600000000000000000e+01,1.790000000000000000e+02,5.080000000000000000e+02,2.000000000000000000e+02,4.880000000000000000e+02,-8.600000000000000000e+01,8.300000000000000000e+01,4.000000000000000000e+00
1.000000000000000000e+00,1.600000000000000000e+01,1.600000000000000000e+01,2.240000000000000000e+02,4.680000000000000000e+02,2.000000000000000000e+02,4.880000000000000000e+02,9.700000000000000000e+01,-8.300000000000000000e+01,4.000000000000000000e+00
1.000000000000000000e+00,1.600000000000000000e+01,1.600000000000000000e+01,2.410000000000000000e+02,4.670000000000000000e+02,2.160000000000000000e+02,4.880000000000000000e+02,1.010000000000000000e+02,-8.700000000000000000e+01,4.000000000000000000e+00
1.000000000000000000e+00,1.600000000000000000e+01,1.600000000000000000e+01,2.570000000000000000e+02,4.670000000000000000e+02,2.320000000000000000e+02,4.880000000000000000e+02,1.000000000000000000e+02,-8.400000000000000000e+01,4.000000000000000000e+00
1.000000000000000000e+00,1.600000000000000000e+01,1.600000000000000000e+01,2.730000000000000000e+02,4.670000000000000000e+02,2.480000000000000000e+02,4.880000000000000000e+02,1.000000000000000000e+02,-8.400000000000000000e+01,4.000000000000000000e+00
1.000000000000000000e+00,1.600000000000000000e+01,1.600000000000000000e+01,2.890000000000000000e+02,4.680000000000000000e+02,2.640000000000000000e+02,4.880000000000000000e+02,1.000000000000000000e+02,-8.300000000000000000e+01,4.000000000000000000e+00
1.000000000000000000e+00,1.600000000000000000e+01,1.600000000000000000e+01,3.050000000000000000e+02,4.680000000000000000e+02,2.800000000000000000e+02,4.880000000000000000e+02,1.000000000000000000e+02,-8.300000000000000000e+01,4.000000000000000000e+00
1.000000000000000000e+00,1.600000000000000000e+01,1.600000000000000000e+01,3.210000000000000000e+02,4.680000000000000000e+02,2.960000000000000000e+02,4.880000000000000000e+02,1.000000000000000000e+02,-8.300000000000000000e+01,4.000000000000000000e+00
-1.000000000000000000e+00,1.600000000000000000e+01,1.600000000000000000e+01,3.020000000000000000e+02,5.080000000000000000e+02,3.280000000000000000e+02,4.880000000000000000e+02,-1.040000000000000000e+02,8.000000000000000000e+01,4.000000000000000000e+00
-1.000000000000000000e+00,1.600000000000000000e+01,1.600000000000000000e+01,3.180000000000000000e+02,5.080000000000000000e+02,3.440000000000000000e+02,4.880000000000000000e+02,-1.040000000000000000e+02,8.000000000000000000e+01,4.000000000000000000e+00
-1.000000000000000000e+00,1.600000000000000000e+01,1.600000000000000000e+01,3.340000000000000000e+02,5.080000000000000000e+02,3.600000000000000000e+02,4.880000000000000000e+02,-1.040000000000000000e+02,8.000000000000000000e+01,4.000000000000000000e+00
1.000000000000000000e+00,1.600000000000000000e+01,1.600000000000000000e+01,3.910000000000000000e+02,4.680000000000000000e+02,3.600000000000000000e+02,4.880000000000000000e+02,1.260000000000000000e+02,-8.000000000000000000e+01,4.000000000000000000e+00
-1.000000000000000000e+00,1.600000000000000000e+01,1.600000000000000000e+01,3.500000000000000000e+02,5.080000000000000000e+02,3.760000000000000000e+02,4.880000000000000000e+02,-1.040000000000000000e+02,8.000000000000000000e+01,4.000000000000000000e+00
1.000000000000000000e+00,1.600000000000000000e+01,1.600000000000000000e+01,4.070000000000000000e+02,4.680000000000000000e+02,3.760000000000000000e+02,4.880000000000000000e+02,1.260000000000000000e+02,-8.000000000000000000e+01,4.000000000000000000e+00
1.000000000000000000e+00,1.600000000000000000e+01,1.600000000000000000e+01,4.320000000000000000e+02,4.680000000000000000e+02,3.920000000000000000e+02,4.880000000000000000e+02,1.600000000000000000e+02,-8.000000000000000000e+01,4.000000000000000000e+00
-1.000000000000000000e+00,1.600000000000000000e+01,1.600000000000000000e+01,3.970000000000000000e+02,5.080000000000000000e+02,4.240000000000000000e+02,4.880000000000000000e+02,-1.080000000000000000e+02,8.200000000000000000e+01,4.000000000000000000e+00
1.000000000000000000e+00,1.600000000000000000e+01,8.000000000000000000e+00,4.920000000000000000e+02,4.610000000000000000e+02,4.560000000000000000e+02,4.840000000000000000e+02,1.440000000000000000e+02,-9.300000000000000000e+01,4.000000000000000000e+00
1.000000000000000000e+00,1.600000000000000000e+01,8.000000000000000000e+00,4.900000000000000000e+02,4.710000000000000000e+02,4.560000000000000000e+02,4.920000000000000000e+02,1.360000000000000000e+02,-8.500000000000000000e+01,4.000000000000000000e+00
1.000000000000000000e+00,1.600000000000000000e+01,1.600000000000000000e+01,5.200000000000000000e+02,4.740000000000000000e+02,4.880000000000000000e+02,4.880000000000000000e+02,1.310000000000000000e+02,-5.800000000000000000e+01,4.000000000000000000e+00
-1.000000000000000000e+00,1.600000000000000000e+01,1.600000000000000000e+01,4.830000000000000000e+02,5.080000000000000000e+02,5.040000000000000000e+02,4.880000000000000000e+02,-8.700000000000000000e+01,8.000000000000000000e+01,4.000000000000000000e+00
-1.000000000000000000e+00,1.600000000000000000e+01,1.600000000000000000e+01,4.990000000000000000e+02,5.080000000000000000e+02,5.200000000000000000e+02,4.880000000000000000e+02,-8.700000000000000000e+01,8.000000000000000000e+01,4.000000000000000000e+00
-1.000000000000000000e+00,1.600000000000000000e+01,8.000000000000000000e+00,5.680000000000000000e+02,4.760000000000000000e+02,5.680000000000000000e+02,4.840000000000000000e+02,-1.000000000000000000e+00,-3.200000000000000000e+01,4.000000000000000000e+00
-1.000000000000000000e+00,1.600000000000000000e+01,8.000000000000000000e+00,5.680000000000000000e+02,4.920000000000000000e+02,5.680000000000000000e+02,4.920000000000000000e+02,0.000000000000000000e+00,0.000000000000000000e+00,4.000000000000000000e+00
1.000000000000000000e+00,1.600000000000000000e+01,8.000000000000000000e+00,5.680000000000000000e+02,4.840000000000000000e+02,5.680000000000000000e+02,4.840000000000000000e+02,0.000000000000000000e+00,0.000000000000000000e+00,4.000000000000000000e+00
1.000000000000000000e+00,1.600000000000000000e+01,8.000000000000000000e+00,5.680000000000000000e+02,4.920000000000000000e+02,5.680000000000000000e+02,4.920000000000000000e+02,0.000000000000000000e+00,0.000000000000000000e+00,4.000000000000000000e+00
-1.000000000000000000e+00,1.600000000000000000e+01,1.600000000000000000e+01,5.840000000000000000e+02,4.800000000000000000e+02,5.840000000000000000e+02,4.880000000000000000e+02,-1.000000000000000000e+00,-3.200000000000000000e+01,4.000000000000000000e+00
1.000000000000000000e+00,1.600000000000000000e+01,1.600000000000000000e+01,5.840000000000000000e+02,4.880000000000000000e+02,5.840000000000000000e+02,4.880000000000000000e+02,0.000000000000000000e+00,0.000000000000000000e+00,4.000000000000000000e+00
-1.000000000000000000e+00,1.600000000000000000e+01,1.600000000000000000e+01,6.000000000000000000e+02,4.800000000000000000e+02,6.000000000000000000e+02,4.880000000000000000e+02,-1.000000000000000000e+00,-3.200000000000000000e+01,4.000000000000000000e+00
1.000000000000000000e+00,1.600000000000000000e+01,1.600000000000000000e+01,6.000000000000000000e+02,4.880000000000000000e+02,6.000000000000000000e+02,4.880000000000000000e+02,0.000000000000000000e+00,0.000000000000000000e+00,4.000000000000000000e+00
-1.000000000000000000e+00,1.600000000000000000e+01,1.600000000000000000e+01,6.160000000000000000e+02,4.800000000000000000e+02,6.160000000000000000e+02,4.880000000000000000e+02,-1.000000000000000000e+00,-3.200000000000000000e+01,4.000000000000000000e+00
1.000000000000000000e+00,1.600000000000000000e+01,1.600000000000000000e+01,6.160000000000000000e+02,4.880000000000000000e+02,6.160000000000000000e+02,4.880000000000000000e+02,0.000000000000000000e+00,0.000000000000000000e+00,4.000000000000000000e+00
-1.000000000000000000e+00,1.600000000000000000e+01,1.600000000000000000e+01,6.320000000000000000e+02,4.800000000000000000e+02,6.320000000000000000e+02,4.880000000000000000e+02,-1.000000000000000000e+00,-3.200000000000000000e+01,4.000000000000000000e+00
1.000000000000000000e+00,1.600000000000000000e+01,1.600000000000000000e+01,6.320000000000000000e+02,4.880000000000000000e+02,6.320000000000000000e+02,4.880000000000000000e+02,0.000000000000000000e+00,0.000000000000000000e+00,4.000000000000000000e+00
-1.000000000000000000e+00,1.600000000000000000e+01,1.600000000000000000e+01,6.480000000000000000e+02,4.880000000000000000e+02,6.480000000000000000e+02,4.880000000000000000e+02,0.000000000000000000e+00,0.000000000000000000e+00,4.000000000000000000e+00
-1.000000000000000000e+00,1.600000000000000000e+01,1.600000000000000000e+01,6.650000000000000000e+02,4.950000000000000000e+02,6.640000000000000000e+02,4.880000000000000000e+02,6.000000000000000000e+00,2.900000000000000000e+01,4.000000000000000000e+00
1.000000000000000000e+00,1.600000000000000000e+01,1.600000000000000000e+01,6.800000000000000000e+02,4.770000000000000000e+02,6.800000000000000000e+02,4.880000000000000000e+02,1.000000000000000000e+00,-4.600000000000000000e+01,4.000000000000000000e+00
1.000000000000000000e+00,1.600000000000000000e+01,1.600000000000000000e+01,6.960000000000000000e+02,4.770000000000000000e+02,6.960000000000000000e+02,4.880000000000000000e+02,1.000000000000000000e+00,-4.600000000000000000e+01,4.000000000000000000e+00
-1.000000000000000000e+00,8.000000000000000000e+00,1.600000000000000000e+01,7.080000000000000000e+02,4.880000000000000000e+02,7.080000000000000000e+02,4.880000000000000000e+02,0.000000000000000000e+00,0.000000000000000000e+00,4.000000000000000000e+00
-1.000000000000000000e+00,8.000000000000000000e+00,1.600000000000000000e+01,7.160000000000000000e+02,4.880000000000000000e+02,7.160000000000000000e+02,4.880000000000000000e+02,0.000000000000000000e+00,0.000000000000000000e+00,4.000000000000000000e+00
1.000000000000000000e+00,8.000000000000000000e+00,1.600000000000000000e+01,7.080000000000000000e+02,4.760000000000000000e+02,7.080000000000000000e+02,4.880000000000000000e+02,1.000000000000000000e+00,-4.800000000000000000e+01,4.000000000000000000e+00
1.000000000000000000e+00,8.000000000000000000e+00,1.600000000000000000e+01,7.160000000000000000e+02,4.880000000000000000e+02,7.160000000000000000e+02,4.880000000000000000e+02,0.000000000000000000e+00,0.000000000000000000e+00,4.000000000000000000e+00
-1.000000000000000000e+00,1.600000000000000000e+01,1.600000000000000000e+01,7.440000000000000000e+02,4.880000000000000000e+02,7.440000000000000000e+02,4.880000000000000000e+02,0.000000000000000000e+00,0.000000000000000000e+00,4.000000000000000000e+00
1.000000000000000000e+00,1.600000000000000000e+01,1.600000000000000000e+01,7.440000000000000000e+02,4.880000000000000000e+02,7.440000000000000000e+02,4.880000000000000000e+02,0.000000000000000000e+00,0.000000000000000000e+00,4.000000000000000000e+00
-1.000000000000000000e+00,1.600000000000000000e+01,1.600000000000000000e+01,7.600000000000000000e+02,4.880000000000000000e+02,7.600000000000000000e+02,4.880000000000000000e+02,0.000000000000000000e+00,0.000000000000000000e+00,4.000000000000000000e+00
1.000000000000000000e+00,1.600000000000000000e+01,1.600000000000000000e+01,7.600000000000000000e+02,4.880000000000000000e+02,7.600000000000000000e+02,4.880000000000000000e+02,0.000000000000000000e+00,0.000000000000000000e+00,4.000000000000000000e+00
-1.000000000000000000e+00,1.600000000000000000e+01,1.600000000000000000e+01,7.760000000000000000e+02,4.880000000000000000e+02,7.760000000000000000e+02,4.880000000000000000e+02,0.000000000000000000e+00,0.000000000000000000e+00,4.000000000000000000e+00
1.000000000000000000e+00,1.600000000000000000e+01,1.600000000000000000e+01,7.760000000000000000e+02,4.880000000000000000e+02,7.760000000000000000e+02,4.880000000000000000e+02,0.000000000000000000e+00,0.000000000000000000e+00,4.000000000000000000e+00
-1.000000000000000000e+00,1.600000000000000000e+01,1.600000000000000000e+01,7.860000000000000000e+02,4.950000000000000000e+02,7.920000000000000000e+02,4.880000000000000000e+02,-2.500000000000000000e+01,3.100000000000000000e+01,4.000000000000000000e+00
1.000000000000000000e+00,1.600000000000000000e+01,1.600000000000000000e+01,7.920000000000000000e+02,4.880000000000000000e+02,7.920000000000000000e+02,4.880000000000000000e+02,0.000000000000000000e+00,0.000000000000000000e+00,4.000000000000000000e+00
-1.000000000000000000e+00,1.600000000000000000e+01,1.600000000000000000e+01,8.020000000000000000e+02,4.950000000000000000e+02,8.080000000000000000e+02,4.880000000000000000e+02,-2.500000000000000000e+01,3.100000000000000000e+01,4.000000000000000000e+00
1.000000000000000000e+00,1.600000000000000000e+01,1.600000000000000000e+01,8.080000000000000000e+02,4.880000000000000000e+02,8.080000000000000000e+02,4.880000000000000000e+02,0.000000000000000000e+00,0.000000000000000000e+00,4.000000000000000000e+00
-1.000000000000000000e+00,1.600000000000000000e+01,1.600000000000000000e+01,8.460000000000000000e+02,4.960000000000000000e+02,8.560000000000000000e+02,4.880000000000000000e+02,-4.100000000000000000e+01,3.500000000000000000e+01,4.000000000000000000e+00
-1.000000000000000000e+00,1.600000000000000000e+01,1.600000000000000000e+01,8.620000000000000000e+02,4.960000000000000000e+02,8.720000000000000000e+02,4.880000000000000000e+02,-4.100000000000000000e+01,3.500000000000000000e+01,4.000000000000000000e+00
1.000000000000000000e+00,1.600000000000000000e+01,1.600000000000000000e+01,8.790000000000000000e+02,4.750000000000000000e+02,8.720000000000000000e+02,4.880000000000000000e+02,2.900000000000000000e+01,-5.500000000000000000e+01,4.000000000000000000e+00
-1.000000000000000000e+00,1.600000000000000000e+01,1.600000000000000000e+01,8.750000000000000000e+02,4.960000000000000000e+02,8.880000000000000000e+02,4.880000000000000000e+02,-5.300000000000000000e+01,3.500000000000000000e+01,4.000000000000000000e+00
1.000000000000000000e+00,1.600000000000000000e+01,1.600000000000000000e+01,8.960000000000000000e+02,4.820000000000000000e+02,8.880000000000000000e+02,4.880000000000000000e+02,3.300000000000000000e+01,-2.600000000000000000e+01,4.000000000000000000e+00
1.000000000000000000e+00,1.600000000000000000e+01,1.600000000000000000e+01,9.190000000000000000e+02,4.720000000000000000e+02,9.040000000000000000e+02,4.880000000000000000e+02,6.200000000000000000e+01,-6.400000000000000000e+01,4.000000000000000000e+00
-1.000000000000000000e+00,1.600000000000000000e+01,1.600000000000000000e+01,9.040000000000000000e+02,5.030000000000000000e+02,9.200000000000000000e+02,4.880000000000000000e+02,-6.500000000000000000e+01,6.000000000000000000e+01,4.000000000000000000e+00
1.000000000000000000e+00,1.600000000000000000e+01,1.600000000000000000e+01,9.350000000000000000e+02,4.720000000000000000e+02,9.200000000000000000e+02,4.880000000000000000e+02,6.200000000000000000e+01,-6.400000000000000000e+01,4.000000000000000000e+00
-1.000000000000000000e+00,1.600000000000000000e+01,1.600000000000000000e+01,9.360000000000000000e+02,4.880000000000000000e+02,9.360000000000000000e+02,4.880000000000000000e+02,0.000000000000000000e+00,0.000000000000000000e+00,4.000000000000000000e+00
1.000000000000000000e+00,1.600000000000000000e+01,1.600000000000000000e+01,9.840000000000000000e+02,4.750000000000000000e+02,9.520000000000000000e+02,4.880000000000000000e+02,1.280000000000000000e+02,-5.400000000000000000e+01,4.000000000000000000e+00
-1.000000000000000000e+00,1.600000000000000000e+01,1.600000000000000000e+01,9.680000000000000000e+02,4.880000000000000000e+02,9.680000000000000000e+02,4.880000000000000000e+02,0.000000000000000000e+00,0.000000000000000000e+00,4.000000000000000000e+00
-1.000000000000000000e+00,1.600000000000000000e+01,1.600000000000000000e+01,9.840000000000000000e+02,4.880000000000000000e+02,9.840000000000000000e+02,4.880000000000000000e+02,0.000000000000000000e+00,0.000000000000000000e+00,4.000000000000000000e+00
1.000000000000000000e+00,1.600000000000000000e+01,1.600000000000000000e+01,9.840000000000000000e+02,4.880000000000000000e+02,9.840000000000000000e+02,4.880000000000000000e+02,0.000000000000000000e+00,0.000000000000000000e+00,4.000000000000000000e+00
-1.000000000000000000e+00,1.600000000000000000e+01,1.600000000000000000e+01,9.990000000000000000e+02,4.880000000000000000e+02,1.000000000000000000e+03,4.880000000000000000e+02,-4.000000000000000000e+00,0.000000000000000000e+00,4.000000000000000000e+00
-1.000000000000000000e+00,1.600000000000000000e+01,1.600000000000000000e+01,1.016000000000000000e+03,4.880000000000000000e+02,1.016000000000000000e+03,4.880000000000000000e+02,0.000000000000000000e+00,0.000000000000000000e+00,4.000000000000000000e+00
1.000000000000000000e+00,1.600000000000000000e+01,1.600000000000000000e+01,1.016000000000000000e+03,4.880000000000000000e+02,1.016000000000000000e+03,4.880000000000000000e+02,0.000000000000000000e+00,0.000000000000000000e+00,4.000000000000000000e+00
-1.000000000000000000e+00,1.600000000000000000e+01,1.600000000000000000e+01,1.032000000000000000e+03,4.880000000000000000e+02,1.032000000000000000e+03,4.880000000000000000e+02,0.000000000000000000e+00,0.000000000000000000e+00,4.000000000000000000e+00
1.000000000000000000e+00,1.600000000000000000e+01,1.600000000000000000e+01,1.032000000000000000e+03,4.880000000000000000e+02,1.032000000000000000e+03,4.880000000000000000e+02,0.000000000000000000e+00,0.000000000000000000e+00,4.000000000000000000e+00
-1.000000000000000000e+00,1.600000000000000000e+01,1.600000000000000000e+01,1.048000000000000000e+03,4.880000000000000000e+02,1.048000000000000000e+03,4.880000000000000000e+02,0.000000000000000000e+00,0.000000000000000000e+00,4.000000000000000000e+00
1.000000000000000000e+00,1.600000000000000000e+01,1.600000000000000000e+01,1.048000000000000000e+03,4.880000000000000000e+02,1.048000000000000000e+03,4.880000000000000000e+02,0.000000000000000000e+00,0.000000000000000000e+00,4.000000000000000000e+00
-1.000000000000000000e+00,1.600000000000000000e+01,1.600000000000000000e+01,1.064000000000000000e+03,4.880000000000000000e+02,1.064000000000000000e+03,4.880000000000000000e+02,0.000000000000000000e+00,0.000000000000000000e+00,4.000000000000000000e+00
1.000000000000000000e+00,1.600000000000000000e+01,1.600000000000000000e+01,1.064000000000000000e+03,4.880000000000000000e+02,1.064000000000000000e+03,4.880000000000000000e+02,0.000000000000000000e+00,0.000000000000000000e+00,4.000000000000000000e+00
-1.000000000000000000e+00,1.600000000000000000e+01,1.600000000000000000e+01,1.080000000000000000e+03,4.880000000000000000e+02,1.080000000000000000e+03,4.880000000000000000e+02,0.000000000000000000e+00,0.000000000000000000e+00,4.000000000000000000e+00
1.000000000000000000e+00,1.600000000000000000e+01,1.600000000000000000e+01,1.080000000000000000e+03,4.880000000000000000e+02,1.080000000000000000e+03,4.880000000000000000e+02,0.000000000000000000e+00,0.000000000000000000e+00,4.000000000000000000e+00
-1.000000000000000000e+00,1.600000000000000000e+01,1.600000000000000000e+01,1.096000000000000000e+03,4.880000000000000000e+02,1.096000000000000000e+03,4.880000000000000000e+02,0.000000000000000000e+00,0.000000000000000000e+00,4.000000000000000000e+00
1.000000000000000000e+00,1.600000000000000000e+01,1.600000000000000000e+01,1.096000000000000000e+03,4.880000000000000000e+02,1.096000000000000000e+03,4.880000000000000000e+02,0.000000000000000000e+00,0.000000000000000000e+00,4.000000000000000000e+00
-1.000000000000000000e+00,1.600000000000000000e+01,1.600000000000000000e+01,1.112000000000000000e+03,4.880000000000000000e+02,1.112000000000000000e+03,4.880000000000000000e+02,0.000000000000000000e+00,0.000000000000000000e+00,4.000000000000000000e+00
1.000000000000000000e+00,1.600000000000000000e+01,1.600000000000000000e+01,1.112000000000000000e+03,4.880000000000000000e+02,1.112000000000000000e+03,4.880000000000000000e+02,0.000000000000000000e+00,0.000000000000000000e+00,4.000000000000000000e+00
-1.000000000000000000e+00,1.600000000000000000e+01,1.600000000000000000e+01,1.128000000000000000e+03,4.880000000000000000e+02,1.128000000000000000e+03,4.880000000000000000e+02,0.000000000000000000e+00,0.000000000000000000e+00,4.000000000000000000e+00
1.000000000000000000e+00,1.600000000000000000e+01,1.600000000000000000e+01,1.128000000000000000e+03,4.880000000000000000e+02,1.128000000000000000e+03,4.880000000000000000e+02,0.000000000000000000e+00,0.000000000000000000e+00,4.000000000000000000e+00
-1.000000000000000000e+00,1.600000000000000000e+01,1.600000000000000000e+01,1.144000000000000000e+03,4.880000000000000000e+02,1.144000000000000000e+03,4.880000000000000000e+02,0.000000000000000000e+00,0.000000000000000000e+00,4.000000000000000000e+00
1.000000000000000000e+00,1.600000000000000000e+01,1.600000000000000000e+01,1.144000000000000000e+03,4.880000000000000000e+02,1.144000000000000000e+03,4.880000000000000000e+02,0.000000000000000000e+00,0.000000000000000000e+00,4.000000000000000000e+00
-1.000000000000000000e+00,1.600000000000000000e+01,1.600000000000000000e+01,1.160000000000000000e+03,4.880000000000000000e+02,1.160000000000000000e+03,4.880000000000000000e+02,0.000000000000000000e+00,0.000000000000000000e+00,4.000000000000000000e+00
1.000000000000000000e+00,1.600000000000000000e+01,1.600000000000000000e+01,1.160000000000000000e+03,4.880000000000000000e+02,1.160000000000000000e+03,4.880000000000000000e+02,0.000000000000000000e+00,0.000000000000000000e+00,4.000000000000000000e+00
-1.000000000000000000e+00,1.600000000000000000e+01,1.600000000000000000e+01,1.176000000000000000e+03,4.880000000000000000e+02,1.176000000000000000e+03,4.880000000000000000e+02,0.000000000000000000e+00,0.000000000000000000e+00,4.000000000000000000e+00
1.000000000000000000e+00,1.600000000000000000e+01,1.600000000000000000e+01,1.176000000000000000e+03,4.880000000000000000e+02,1.176000000000000000e+03,4.880000000000000000e+02,0.000000000000000000e+00,0.000000000000000000e+00,4.000000000000000000e+00
-1.000000000000000000e+00,1.600000000000000000e+01,1.600000000000000000e+01,1.192000000000000000e+03,4.880000000000000000e+02,1.192000000000000000e+03,4.880000000000000000e+02,0.000000000000000000e+00,0.000000000000000000e+00,4.000000000000000000e+00
1.000000000000000000e+00,1.600000000000000000e+01,1.600000000000000000e+01,1.192000000000000000e+03,4.880000000000000000e+02,1.192000000000000000e+03,4.880000000000000000e+02,0.000000000000000000e+00,0.000000000000000000e+00,4.000000000000000000e+00
-1.000000000000000000e+00,1.600000000000000000e+01,1.600000000000000000e+01,1.208000000000000000e+03,4.880000000000000000e+02,1.208000000000000000e+03,4.880000000000000000e+02,0.000000000000000000e+00,0.000000000000000000e+00,4.000000000000000000e+00
1.000000000000000000e+00,1.600000000000000000e+01,1.600000000000000000e+01,1.208000000000000000e+03,4.880000000000000000e+02,1.208000000000000000e+03,4.880000000000000000e+02,0.000000000000000000e+00,0.000000000000000000e+00,4.000000000000000000e+00
-1.000000000000000000e+00,1.600000000000000000e+01,1.600000000000000000e+01,1.224000000000000000e+03,4.880000000000000000e+02,1.224000000000000000e+03,4.880000000000000000e+02,0.000000000000000000e+00,0.000000000000000000e+00,4.000000000000000000e+00
1.000000000000000000e+00,1.600000000000000000e+01,1.600000000000000000e+01,1.224000000000000000e+03,4.880000000000000000e+02,1.224000000000000000e+03,4.880000000000000000e+02,0.000000000000000000e+00,0.000000000000000000e+00,4.000000000000000000e+00
-1.000000000000000000e+00,1.600000000000000000e+01,1.600000000000000000e+01,1.240000000000000000e+03,4.880000000000000000e+02,1.240000000000000000e+03,4.880000000000000000e+02,0.000000000000000000e+00,0.000000000000000000e+00,4.000000000000000000e+00
1.000000000000000000e+00,1.600000000000000000e+01,1.600000000000000000e+01,1.240000000000000000e+03,4.880000000000000000e+02,1.240000000000000000e+03,4.880000000000000000e+02,0.000000000000000000e+00,0.000000000000000000e+00,4.000000000000000000e+00
-1.000000000000000000e+00,1.600000000000000000e+01,1.600000000000000000e+01,1.256000000000000000e+03,4.880000000000000000e+02,1.256000000000000000e+03,4.880000000000000000e+02,0.000000000000000000e+00,0.000000000000000000e+00,4.000000000000000000e+00
1.000000000000000000e+00,1.600000000000000000e+01,1.600000000000000000e+01,1.256000000000000000e+03,4.880000000000000000e+02,1.256000000000000000e+03,4.880000000000000000e+02,0.000000000000000000e+00,0.000000000000000000e+00,4.000000000000000000e+00
-1.000000000000000000e+00,1.600000000000000000e+01,1.600000000000000000e+01,1.272000000000000000e+03,4.880000000000000000e+02,1.272000000000000000e+03,4.880000000000000000e+02,0.000000000000000000e+00,0.000000000000000000e+00,4.000000000000000000e+00
1.000000000000000000e+00,1.600000000000000000e+01,1.600000000000000000e+01,1.272000000000000000e+03,4.880000000000000000e+02,1.272000000000000000e+03,4.880000000000000000e+02,0.000000000000000000e+00,0.000000000000000000e+00,4.000000000000000000e+00
1.000000000000000000e+00,1.600000000000000000e+01,1.600000000000000000e+01,3.500000000000000000e+01,4.870000000000000000e+02,8.000000000000000000e+00,5.040000000000000000e+02,1.080000000000000000e+02,-6.800000000000000000e+01,4.000000000000000000e+00
-1.000000000000000000e+00,8.000000000000000000e+00,1.600000000000000000e+01,-6.000000000000000000e+00,5.050000000000000000e+02,2.000000000000000000e+01,5.040000000000000000e+02,-1.040000000000000000e+02,4.000000000000000000e+00,4.000000000000000000e+00
-1.000000000000000000e+00,8.000000000000000000e+00,1.600000000000000000e+01,2.800000000000000000e+01,5.040000000000000000e+02,2.800000000000000000e+01,5.040000000000000000e+02,0.000000000000000000e+00,0.000000000000000000e+00,4.000000000000000000e+00
1.000000000000000000e+00,8.000000000000000000e+00,1.600000000000000000e+01,2.000000000000000000e+01,5.040000000000000000e+02,2.000000000000000000e+01,5.040000000000000000e+02,0.000000000000000000e+00,0.000000000000000000e+00,4.000000000000000000e+00
1.000000000000000000e+00,8.000000000000000000e+00,1.600000000000000000e+01,5.200000000000000000e+01,4.870000000000000000e+02,2.800000000000000000e+01,5.040000000000000000e+02,9.900000000000000000e+01,-6.800000000000000000e+01,4.000000000000000000e+00
-1.000000000000000000e+00,1.600000000000000000e+01,1.600000000000000000e+01,1.400000000000000000e+01,5.240000000000000000e+02,4.000000000000000000e+01,5.040000000000000000e+02,-1.040000000000000000e+02,8.000000000000000000e+01,4.000000000000000000e+00
1.000000000000000000e+00,1.600000000000000000e+01,1.600000000000000000e+01,6.400000000000000000e+01,4.870000000000000000e+02,4.000000000000000000e+01,5.040000000000000000e+02,9.600000000000000000e+01,-6.800000000000000000e+01,4.000000000000000000e+00
-1.000000000000000000e+00,1.600000000000000000e+01,1.600000000000000000e+01,3.300000000000000000e+01,5.240000000000000000e+02,5.600000000000000000e+01,5.040000000000000000e+02,-9.200000000000000000e+01,8.000000000000000000e+01,4.000000000000000000e+00
1.000000000000000000e+00,1.600000000000000000e+01,1.600000000000000000e+01,8.000000000000000000e+01,4.850000000000000000e+02,5.600000000000000000e+01,5.040000000000000000e+02,9.600000000000000000e+01,-7.700000000000000000e+01,4.000000000000000000e+00
-1.000000000000000000e+00,1.600000000000000000e+01,1.600000000000000000e+01,4.900000000000000000e+01,5.240000000000000000e+02,7.200000000000000000e+01,5.040000000000000000e+02,-9.200000000000000000e+01,8.000000000000000000e+01,4.000000000000000000e+00
1.000000000000000000e+00,1.600000000000000000e+01,1.600000000000000000e+01,9.700000000000000000e+01,4.830000000000000000e+02,7.200000000000000000e+01,5.040000000000000000e+02,1.000000000000000000e+02,-8.700000000000000000e+01,4.000000000000000000e+00
-1.000000000000000000e+00,1.600000000000000000e+01,1.600000000000000000e+01,6.500000000000000000e+01,5.240000000000000000e+02,8.800000000000000000e+01,5.040000000000000000e+02,-9.200000000000000000e+01,8.000000000000000000e+01,4.000000000000000000e+00
1.000000000000000000e+00,1.600000000000000000e+01,1.600000000000000000e+01,1.130000000000000000e+02,4.830000000000000000e+02,8.800000000000000000e+01,5.040000000000000000e+02,1.000000000000000000e+02,-8.700000000000000000e+01,4.000000000000000000e+00
1.000000000000000000e+00,1.600000000000000000e+01,1.600000000000000000e+01,1.310000000000000000e+02,4.820000000000000000e+02,1.040000000000000000e+02,5.040000000000000000e+02,1.080000000000000000e+02,-8.800000000000000000e+01,4.000000000000000000e+00
1.000000000000000000e+00,1.600000000000000000e+01,1.600000000000000000e+01,1.440000000000000000e+02,4.820000000000000000e+02,1.200000000000000000e+02,5.040000000000000000e+02,9.600000000000000000e+01,-8.800000000000000000e+01,4.000000000000000000e+00
-1.000000000000000000e+00,1.600000000000000000e+01,1.600000000000000000e+01,1.120000000000000000e+02,5.250000000000000000e+02,1.360000000000000000e+02,5.040000000000000000e+02,-9.600000000000000000e+01,8.400000000000000000e+01,4.000000000000000000e+00
-1.000000000000000000e+00,8.000000000000000000e+00,1.600000000000000000e+01,1.240000000000000000e+02,5.250000000000000000e+02,1.480000000000000000e+02,5.040000000000000000e+02,-9.600000000000000000e+01,8.400000000000000000e+01,4.000000000000000000e+00
-1.000000000000000000e+00,8.000000000000000000e+00,1.600000000000000000e+01,1.560000000000000000e+02,5.040000000000000000e+02,1.560000000000000000e+02,5.040000000000000000e+02,0.000000000000000000e+00,0.000000000000000000e+00,4.000000000000000000e+00
1.000000000000000000e+00,8.000000000000000000e+00,1.600000000000000000e+01,1.480000000000000000e+02,5.040000000000000000e+02,1.480000000000000000e+02,5.040000000000000000e+02,0.000000000000000000e+00,0.000000000000000000e+00,4.000000000000000000e+00
1.000000000000000000e+00,8.000000000000000000e+00,1.600000000000000000e+01,1.800000000000000000e+02,4.820000000000000000e+02,1.560000000000000000e+02,5.040000000000000000e+02,9.700000000000000000e+01,-8.900000000000000000e+01,4.000000000000000000e+00
-1.000000000000000000e+00,1.600000000000000000e+01,1.600000000000000000e+01,1.470000000000000000e+02,5.240000000000000000e+02,1.680000000000000000e+02,5.040000000000000000e+02,-8.600000000000000000e+01,8.300000000000000000e+01,4.000000000000000000e+00
1.000000000000000000e+00,1.600000000000000000e+01,1.600000000000000000e+01,1.920000000000000000e+02,4.820000000000000000e+02,1.680000000000000000e+02,5.040000000000000000e+02,9.700000000000000000e+01,-8.800000000000000000e+01,4.000000000000000000e+00
-1.000000000000000000e+00,1.600000000000000000e+01,1.600000000000000000e+01,1.630000000000000000e+02,5.240000000000000000e+02,1.840000000000000000e+02,5.040000000000000000e+02,-8.600000000000000000e+01,8.300000000000000000e+01,4.000000000000000000e+00
1.000000000000000000e+00,1.600000000000000000e+01,1.600000000000000000e+01,2.080000000000000000e+02,4.820000000000000000e+02,1.840000000000000000e+02,5.040000000000000000e+02,9.700000000000000000e+01,-8.800000000000000000e+01,4.000000000000000000e+00
-1.000000000000000000e+00,1.600000000000000000e+01,1.600000000000000000e+01,1.790000000000000000e+02,5.240000000000000000e+02,2.000000000000000000e+02,5.040000000000000000e+02,-8.600000000000000000e+01,8.300000000000000000e+01,4.000000000000000000e+00
1.000000000000000000e+00,1.600000000000000000e+01,1.600000000000000000e+01,2.240000000000000000e+02,4.830000000000000000e+02,2.000000000000000000e+02,5.040000000000000000e+02,9.700000000000000000e+01,-8.700000000000000000e+01,4.000000000000000000e+00
1.000000000000000000e+00,1.600000000000000000e+01,1.600000000000000000e+01,2.410000000000000000e+02,4.830000000000000000e+02,2.160000000000000000e+02,5.040000000000000000e+02,1.000000000000000000e+02,-8.700000000000000000e+01,4.000000000000000000e+00
1.000000000000000000e+00,1.600000000000000000e+01,1.600000000000000000e+01,2.570000000000000000e+02,4.830000000000000000e+02,2.320000000000000000e+02,5.040000000000000000e+02,1.000000000000000000e+02,-8.400000000000000000e+01,4.000000000000000000e+00
1.000000000000000000e+00,1.600000000000000000e+01,1.600000000000000000e+01,2.730000000000000000e+02,4.830000000000000000e+02,2.480000000000000000e+02,5.040000000000000000e+02,1.000000000000000000e+02,-8.400000000000000000e+01,4.000000000000000000e+00
1.000000000000000000e+00,1.600000000000000000e+01,1.600000000000000000e+01,2.890000000000000000e+02,4.840000000000000000e+02,2.640000000000000000e+02,5.040000000000000000e+02,1.000000000000000000e+02,-8.300000000000000000e+01,4.000000000000000000e+00
1.000000000000000000e+00,1.600000000000000000e+01,1.600000000000000000e+01,3.050000000000000000e+02,4.840000000000000000e+02,2.800000000000000000e+02,5.040000000000000000e+02,1.000000000000000000e+02,-8.300000000000000000e+01,4.000000000000000000e+00
1.000000000000000000e+00,1.600000000000000000e+01,1.600000000000000000e+01,3.200000000000000000e+02,4.840000000000000000e+02,2.960000000000000000e+02,5.040000000000000000e+02,9.800000000000000000e+01,-8.000000000000000000e+01,4.000000000000000000e+00
-1.000000000000000000e+00,1.600000000000000000e+01,1.600000000000000000e+01,2.860000000000000000e+02,5.240000000000000000e+02,3.120000000000000000e+02,5.040000000000000000e+02,-1.040000000000000000e+02,8.000000000000000000e+01,4.000000000000000000e+00
1.000000000000000000e+00,1.600000000000000000e+01,1.600000000000000000e+01,3.360000000000000000e+02,4.840000000000000000e+02,3.120000000000000000e+02,5.040000000000000000e+02,9.800000000000000000e+01,-8.000000000000000000e+01,4.000000000000000000e+00
-1.000000000000000000e+00,1.600000000000000000e+01,1.600000000000000000e+01,3.020000000000000000e+02,5.240000000000000000e+02,3.280000000000000000e+02,5.040000000000000000e+02,-1.040000000000000000e+02,8.000000000000000000e+01,4.000000000000000000e+00
1.000000000000000000e+00,1.600000000000000000e+01,1.600000000000000000e+01,3.520000000000000000e+02,4.840000000000000000e+02,3.280000000000000000e+02,5.040000000000000000e+02,9.800000000000000000e+01,-8.000000000000000000e+01,4.000000000000000000e+00
-1.000000000000000000e+00,1.600000000000000000e+01,1.600000000000000000e+01,3.180000000000000000e+02,5.240000000000000000e+02,3.440000000000000000e+02,5.040000000000000000e+02,-1.040000000000000000e+02,8.000000000000000000e+01,4.000000000000000000e+00
1.000000000000000000e+00,1.600000000000000000e+01,1.600000000000000000e+01,3.680000000000000000e+02,4.840000000000000000e+02,3.440000000000000000e+02,5.040000000000000000e+02,9.800000000000000000e+01,-8.000000000000000000e+01,4.000000000000000000e+00
-1.000000000000000000e+00,1.600000000000000000e+01,1.600000000000000000e+01,3.340000000000000000e+02,5.240000000000000000e+02,3.600000000000000000e+02,5.040000000000000000e+02,-1.040000000000000000e+02,8.000000000000000000e+01,4.000000000000000000e+00
1.000000000000000000e+00,1.600000000000000000e+01,1.600000000000000000e+01,3.910000000000000000e+02,4.840000000000000000e+02,3.600000000000000000e+02,5.040000000000000000e+02,1.260000000000000000e+02,-8.000000000000000000e+01,4.000000000000000000e+00
1.000000000000000000e+00,1.600000000000000000e+01,1.600000000000000000e+01,4.070000000000000000e+02,4.840000000000000000e+02,3.760000000000000000e+02,5.040000000000000000e+02,1.260000000000000000e+02,-8.000000000000000000e+01,4.000000000000000000e+00
1.000000000000000000e+00,1.600000000000000000e+01,1.600000000000000000e+01,4.330000000000000000e+02,4.780000000000000000e+02,4.080000000000000000e+02,5.040000000000000000e+02,1.000000000000000000e+02,-1.040000000000000000e+02,4.000000000000000000e+00
-1.000000000000000000e+00,1.600000000000000000e+01,1.600000000000000000e+01,3.970000000000000000e+02,5.220000000000000000e+02,4.240000000000000000e+02,5.040000000000000000e+02,-1.080000000000000000e+02,7.200000000000000000e+01,4.000000000000000000e+00
1.000000000000000000e+00,1.600000000000000000e+01,1.600000000000000000e+01,4.720000000000000000e+02,4.830000000000000000e+02,4.400000000000000000e+02,5.040000000000000000e+02,1.310000000000000000e+02,-8.500000000000000000e+01,4.000000000000000000e+00
1.000000000000000000e+00,1.600000000000000000e+01,1.600000000000000000e+01,4.890000000000000000e+02,4.840000000000000000e+02,4.560000000000000000e+02,5.040000000000000000e+02,1.320000000000000000e+02,-8.100000000000000000e+01,4.000000000000000000e+00
-1.000000000000000000e+00,1.600000000000000000e+01,1.600000000000000000e+01,4.830000000000000000e+02,5.240000000000000000e+02,5.040000000000000000e+02,5.040000000000000000e+02,-8.700000000000000000e+01,8.000000000000000000e+01,4.000000000000000000e+00
-1.000000000000000000e+00,1.600000000000000000e+01,1.600000000000000000e+01,4.990000000000000000e+02,5.240000000000000000e+02,5.200000000000000000e+02,5.040000000000000000e+02,-8.700000000000000000e+01,8.000000000000000000e+01,4.000000000000000000e+00
-1.000000000000000000e+00,8.000000000000000000e+00,1.600000000000000000e+01,5.100000000000000000e+02,5.240000000000000000e+02,5.320000000000000000e+02,5.040000000000000000e+02,-8.800000000000000000e+01,8.000000000000000000e+01,4.000000000000000000e+00
-1.000000000000000000e+00,8.000000000000000000e+00,1.600000000000000000e+01,5.400000000000000000e+02,5.040000000000000000e+02,5.400000000000000000e+02,5.040000000000000000e+02,0.000000000000000000e+00,0.000000000000000000e+00,4.000000000000000000e+00
1.000000000000000000e+00,8.000000000000000000e+00,1.600000000000000000e+01,5.320000000000000000e+02,5.040000000000000000e+02,5.320000000000000000e+02,5.040000000000000000e+02,0.000000000000000000e+00,0.000000000000000000e+00,4.000000000000000000e+00
1.000000000000000000e+00,8.000000000000000000e+00,1.600000000000000000e+01,5.400000000000000000e+02,5.060000000000000000e+02,5.400000000000000000e+02,5.040000000000000000e+02,0.000000000000000000e+00,1.100000000000000000e+01,4.000000000000000000e+00
1.000000000000000000e+00,1.600000000000000000e+01,1.600000000000000000e+01,5.600000000000000000e+02,4.950000000000000000e+02,5.520000000000000000e+02,5.040000000000000000e+02,3.300000000000000000e+01,-3.900000000000000000e+01,4.000000000000000000e+00
-1.000000000000000000e+00,1.600000000000000000e+01,1.600000000000000000e+01,5.680000000000000000e+02,5.040000000000000000e+02,5.680000000000000000e+02,5.040000000000000000e+02,0.000000000000000000e+00,0.000000000000000000e+00,4.000000000000000000e+00
1.000000000000000000e+00,1.600000000000000000e+01,1.600000000000000000e+01,5.840000000000000000e+02,5.040000000000000000e+02,5.840000000000000000e+02,5.040000000000000000e+02,0.000000000000000000e+00,0.000000000000000000e+00,4.000000000000000000e+00
-1.000000000000000000e+00,1.600000000000000000e+01,1.600000000000000000e+01,6.000000000000000000e+02,4.960000000000000000e+02,6.000000000000000000e+02,5.040000000000000000e+02,-1.000000000000000000e+00,-3.200000000000000000e+01,4.000000000000000000e+00
1.000000000000000000e+00,1.600000000000000000e+01,1.600000000000000000e+01,6.000000000000000000e+02,5.040000000000000000e+02,6.000000000000000000e+02,5.040000000000000000e+02,0.000000000000000000e+00,0.000000000000000000e+00,4.000000000000000000e+00
-1.000000000000000000e+00,1.600000000000000000e+01,1.600000000000000000e+01,6.160000000000000000e+02,4.960000000000000000e+02,6.160000000000000000e+02,5.040000000000000000e+02,-1.000000000000000000e+00,-3.200000000000000000e+01,4.000000000000000000e+00
1.000000000000000000e+00,1.600000000000000000e+01,1.600000000000000000e+01,6.160000000000000000e+02,5.040000000000000000e+02,6.160000000000000000e+02,5.040000000000000000e+02,0.000000000000000000e+00,0.000000000000000000e+00,4.000000000000000000e+00
-1.000000000000000000e+00,1.600000000000000000e+01,1.600000000000000000e+01,6.320000000000000000e+02,5.040000000000000000e+02,6.320000000000000000e+02,5.040000000000000000e+02,0.000000000000000000e+00,0.000000000000000000e+00,4.000000000000000000e+00
1.000000000000000000e+00,1.600000000000000000e+01,1.600000000000000000e+01,6.320000000000000000e+02,5.040000000000000000e+02,6.320000000000000000e+02,5.040000000000000000e+02,0.000000000000000000e+00,0.000000000000000000e+00,4.000000000000000000e+00
1.000000000000000000e+00,1.600000000000000000e+01,1.600000000000000000e+01,6.470000000000000000e+02,4.860000000000000000e+02,6.480000000000000000e+02,5.040000000000000000e+02,-4.000000000000000000e+00,-7.300000000000000000e+01,4.000000000000000000e+00
-1.000000000000000000e+00,1.600000000000000000e+01,1.600000000000000000e+01,6.640000000000000000e+02,5.120000000000000000e+02,6.640000000000000000e+02,5.040000000000000000e+02,0.000000000000000000e+00,3.200000000000000000e+01,4.000000000000000000e+00
-1.000000000000000000e+00,1.600000000000000000e+01,8.000000000000000000e+00,6.800000000000000000e+02,5.000000000000000000e+02,6.800000000000000000e+02,5.000000000000000000e+02,0.000000000000000000e+00,0.000000000000000000e+00,4.000000000000000000e+00
-1.000000000000000000e+00,1.600000000000000000e+01,8.000000000000000000e+00,6.780000000000000000e+02,5.170000000000000000e+02,6.800000000000000000e+02,5.080000000000000000e+02,-9.000000000000000000e+00,3.900000000000000000e+01,4.000000000000000000e+00
1.000000000000000000e+00,1.600000000000000000e+01,8.000000000000000000e+00,6.800000000000000000e+02,4.890000000000000000e+02,6.800000000000000000e+02,5.000000000000000000e+02,0.000000000000000000e+00,-4.600000000000000000e+01,4.000000000000000000e+00
1.000000000000000000e+00,1.600000000000000000e+01,8.000000000000000000e+00,6.800000000000000000e+02,5.080000000000000000e+02,6.800000000000000000e+02,5.080000000000000000e+02,0.000000000000000000e+00,0.000000000000000000e+00,4.000000000000000000e+00
-1.000000000000000000e+00,1.600000000000000000e+01,8.000000000000000000e+00,6.960000000000000000e+02,5.000000000000000000e+02,6.960000000000000000e+02,5.000000000000000000e+02,0.000000000000000000e+00,0.000000000000000000e+00,4.000000000000000000e+00
-1.000000000000000000e+00,1.600000000000000000e+01,8.000000000000000000e+00,6.940000000000000000e+02,5.170000000000000000e+02,6.960000000000000000e+02,5.080000000000000000e+02,-1.100000000000000000e+01,3.900000000000000000e+01,4.000000000000000000e+00
1.000000000000000000e+00,1.600000000000000000e+01,8.000000000000000000e+00,6.960000000000000000e+02,4.890000000000000000e+02,6.960000000000000000e+02,5.000000000000000000e+02,1.000000000000000000e+00,-4.600000000000000000e+01,4.000000000000000000e+00
1.000000000000000000e+00,1.600000000000000000e+01,8.000000000000000000e+00,6.960000000000000000e+02,5.080000000000000000e+02,6.960000000000000000e+02,5.080000000000000000e+02,0.000000000000000000e+00,0.000000000000000000e+00,4.000000000000000000e+00
-1.000000000000000000e+00,1.600000000000000000e+01,8.000000000000000000e+00,7.120000000000000000e+02,5.000000000000000000e+02,7.120000000000000000e+02,5.000000000000000000e+02,0.000000000000000000e+00,0.000000000000000000e+00,4.000000000000000000e+00
-1.000000000000000000e+00,1.600000000000000000e+01,8.000000000000000000e+00,7.100000000000000000e+02,5.170000000000000000e+02,7.120000000000000000e+02,5.080000000000000000e+02,-1.100000000000000000e+01,3.900000000000000000e+01,4.000000000000000000e+00
1.000000000000000000e+00,1.600000000000000000e+01,8.000000000000000000e+00,7.130000000000000000e+02,4.880000000000000000e+02,7.120000000000000000e+02,5.000000000000000000e+02,5.000000000000000000e+00,-4.800000000000000000e+01,4.000000000000000000e+00
1.000000000000000000e+00,1.600000000000000000e+01,8.000000000000000000e+00,7.140000000000000000e+02,4.970000000000000000e+02,7.120000000000000000e+02,5.080000000000000000e+02,9.000000000000000000e+00,-4.600000000000000000e+01,4.000000000000000000e+00
-1.000000000000000000e+00,1.600000000000000000e+01,8.000000000000000000e+00,7.280000000000000000e+02,5.000000000000000000e+02,7.280000000000000000e+02,5.000000000000000000e+02,0.000000000000000000e+00,0.000000000000000000e+00,4.000000000000000000e+00
-1.000000000000000000e+00,1.600000000000000000e+01,8.000000000000000000e+00,7.260000000000000000e+02,5.190000000000000000e+02,7.280000000000000000e+02,5.080000000000000000e+02,-1.100000000000000000e+01,4.500000000000000000e+01,4.000000000000000000e+00
-1.000000000000000000e+00,1.600000000000000000e+01,1.600000000000000000e+01,7.440000000000000000e+02,5.040000000000000000e+02,7.440000000000000000e+02,5.040000000000000000e+02,0.000000000000000000e+00,0.000000000000000000e+00,4.000000000000000000e+00
-1.000000000000000000e+00,1.600000000000000000e+01,1.600000000000000000e+01,7.600000000000000000e+02,5.040000000000000000e+02,7.600000000000000000e+02,5.040000000000000000e+02,0.000000000000000000e+00,0.000000000000000000e+00,4.000000000000000000e+00
-1.000000000000000000e+00,1.600000000000000000e+01,1.600000000000000000e+01,7.760000000000000000e+02,5.040000000000000000e+02,7.760000000000000000e+02,5.040000000000000000e+02,-2.000000000000000000e+00,0.000000000000000000e+00,4.000000000000000000e+00
-1.000000000000000000e+00,1.600000000000000000e+01,1.600000000000000000e+01,7.850000000000000000e+02,5.110000000000000000e+02,7.920000000000000000e+02,5.040000000000000000e+02,-2.800000000000000000e+01,3.100000000000000000e+01,4.000000000000000000e+00
-1.000000000000000000e+00,1.600000000000000000e+01,1.600000000000000000e+01,8.470000000000000000e+02,5.130000000000000000e+02,8.560000000000000000e+02,5.040000000000000000e+02,-3.800000000000000000e+01,3.900000000000000000e+01,4.000000000000000000e+00
1.000000000000000000e+00,1.600000000000000000e+01,1.600000000000000000e+01,8.790000000000000000e+02,4.850000000000000000e+02,8.720000000000000000e+02,5.040000000000000000e+02,2.800000000000000000e+01,-7.600000000000000000e+01,4.000000000000000000e+00
1.000000000000000000e+00,1.600000000000000000e+01,1.600000000000000000e+01,9.190000000000000000e+02,4.880000000000000000e+02,9.040000000000000000e+02,5.040000000000000000e+02,6.200000000000000000e+01,-6.400000000000000000e+01,4.000000000000000000e+00
-1.000000000000000000e+00,1.600000000000000000e+01,1.600000000000000000e+01,9.040000000000000000e+02,5.190000000000000000e+02,9.200000000000000000e+02,5.040000000000000000e+02,-6.500000000000000000e+01,6.000000000000000000e+01,4.000000000000000000e+00
1.000000000000000000e+00,1.600000000000000000e+01,1.600000000000000000e+01,9.350000000000000000e+02,4.880000000000000000e+02,9.200000000000000000e+02,5.040000000000000000e+02,6.200000000000000000e+01,-6.400000000000000000e+01,4.000000000000000000e+00
-1.000000000000000000e+00,1.600000000000000000e+01,1.600000000000000000e+01,9.200000000000000000e+02,5.190000000000000000e+02,9.360000000000000000e+02,5.040000000000000000e+02,-6.500000000000000000e+01,6.000000000000000000e+01,4.000000000000000000e+00
1.000000000000000000e+00,1.600000000000000000e+01,1.600000000000000000e+01,9.510000000000000000e+02,4.910000000000000000e+02,9.360000000000000000e+02,5.040000000000000000e+02,6.200000000000000000e+01,-5.400000000000000000e+01,4.000000000000000000e+00
-1.000000000000000000e+00,1.600000000000000000e+01,1.600000000000000000e+01,9.520000000000000000e+02,5.040000000000000000e+02,9.520000000000000000e+02,5.040000000000000000e+02,0.000000000000000000e+00,0.000000000000000000e+00,4.000000000000000000e+00
1.000000000000000000e+00,1.600000000000000000e+01,1.600000000000000000e+01,9.520000000000000000e+02,5.040000000000000000e+02,9.520000000000000000e+02,5.040000000000000000e+02,0.000000000000000000e+00,0.000000000000000000e+00,4.000000000000000000e+00
-1.000000000000000000e+00,1.600000000000000000e+01,1.600000000000000000e+01,9.680000000000000000e+02,5.040000000000000000e+02,9.680000000000000000e+02,5.040000000000000000e+02,0.000000000000000000e+00,0.000000000000000000e+00,4.000000000000000000e+00
-1.000000000000000000e+00,1.600000000000000000e+01,1.600000000000000000e+01,9.840000000000000000e+02,5.040000000000000000e+02,9.840000000000000000e+02,5.040000000000000000e+02,0.000000000000000000e+00,0.000000000000000000e+00,4.000000000000000000e+00
1.000000000000000000e+00,1.600000000000000000e+01,1.600000000000000000e+01,9.840000000000000000e+02,5.040000000000000000e+02,9.840000000000000000e+02,5.040000000000000000e+02,0.000000000000000000e+00,0.000000000000000000e+00,4.000000000000000000e+00
-1.000000000000000000e+00,1.600000000000000000e+01,1.600000000000000000e+01,1.000000000000000000e+03,5.040000000000000000e+02,1.000000000000000000e+03,5.040000000000000000e+02,0.000000000000000000e+00,0.000000000000000000e+00,4.000000000000000000e+00
1.000000000000000000e+00,1.600000000000000000e+01,1.600000000000000000e+01,1.000000000000000000e+03,5.040000000000000000e+02,1.000000000000000000e+03,5.040000000000000000e+02,0.000000000000000000e+00,0.000000000000000000e+00,4.000000000000000000e+00
-1.000000000000000000e+00,1.600000000000000000e+01,1.600000000000000000e+01,1.016000000000000000e+03,5.040000000000000000e+02,1.016000000000000000e+03,5.040000000000000000e+02,0.000000000000000000e+00,0.000000000000000000e+00,4.000000000000000000e+00
1.000000000000000000e+00,1.600000000000000000e+01,1.600000000000000000e+01,1.016000000000000000e+03,5.040000000000000000e+02,1.016000000000000000e+03,5.040000000000000000e+02,0.000000000000000000e+00,0.000000000000000000e+00,4.000000000000000000e+00
-1.000000000000000000e+00,1.600000000000000000e+01,1.600000000000000000e+01,1.032000000000000000e+03,5.040000000000000000e+02,1.032000000000000000e+03,5.040000000000000000e+02,0.000000000000000000e+00,0.000000000000000000e+00,4.000000000000000000e+00
1.000000000000000000e+00,1.600000000000000000e+01,1.600000000000000000e+01,1.032000000000000000e+03,5.040000000000000000e+02,1.032000000000000000e+03,5.040000000000000000e+02,0.000000000000000000e+00,0.000000000000000000e+00,4.000000000000000000e+00
-1.000000000000000000e+00,1.600000000000000000e+01,1.600000000000000000e+01,1.048000000000000000e+03,5.040000000000000000e+02,1.048000000000000000e+03,5.040000000000000000e+02,0.000000000000000000e+00,0.000000000000000000e+00,4.000000000000000000e+00
1.000000000000000000e+00,1.600000000000000000e+01,1.600000000000000000e+01,1.048000000000000000e+03,5.040000000000000000e+02,1.048000000000000000e+03,5.040000000000000000e+02,0.000000000000000000e+00,0.000000000000000000e+00,4.000000000000000000e+00
-1.000000000000000000e+00,1.600000000000000000e+01,1.600000000000000000e+01,1.064000000000000000e+03,5.040000000000000000e+02,1.064000000000000000e+03,5.040000000000000000e+02,0.000000000000000000e+00,0.000000000000000000e+00,4.000000000000000000e+00
1.000000000000000000e+00,1.600000000000000000e+01,1.600000000000000000e+01,1.064000000000000000e+03,5.040000000000000000e+02,1.064000000000000000e+03,5.040000000000000000e+02,0.000000000000000000e+00,0.000000000000000000e+00,4.000000000000000000e+00
-1.000000000000000000e+00,1.600000000000000000e+01,1.600000000000000000e+01,1.080000000000000000e+03,5.040000000000000000e+02,1.080000000000000000e+03,5.040000000000000000e+02,0.000000000000000000e+00,0.000000000000000000e+00,4.000000000000000000e+00
1.000000000000000000e+00,1.600000000000000000e+01,1.600000000000000000e+01,1.080000000000000000e+03,5.040000000000000000e+02,1.080000000000000000e+03,5.040000000000000000e+02,0.000000000000000000e+00,0.000000000000000000e+00,4.000000000000000000e+00
-1.000000000000000000e+00,1.600000000000000000e+01,1.600000000000000000e+01,1.096000000000000000e+03,5.040000000000000000e+02,1.096000000000000000e+03,5.040000000000000000e+02,0.000000000000000000e+00,0.000000000000000000e+00,4.000000000000000000e+00
1.000000000000000000e+00,1.600000000000000000e+01,1.600000000000000000e+01,1.096000000000000000e+03,5.040000000000000000e+02,1.096000000000000000e+03,5.040000000000000000e+02,0.000000000000000000e+00,0.000000000000000000e+00,4.000000000000000000e+00
-1.000000000000000000e+00,1.600000000000000000e+01,1.600000000000000000e+01,1.112000000000000000e+03,5.040000000000000000e+02,1.112000000000000000e+03,5.040000000000000000e+02,0.000000000000000000e+00,0.000000000000000000e+00,4.000000000000000000e+00
1.000000000000000000e+00,1.600000000000000000e+01,1.600000000000000000e+01,1.112000000000000000e+03,5.040000000000000000e+02,1.112000000000000000e+03,5.040000000000000000e+02,0.000000000000000000e+00,0.000000000000000000e+00,4.000000000000000000e+00
-1.000000000000000000e+00,1.600000000000000000e+01,1.600000000000000000e+01,1.128000000000000000e+03,5.040000000000000000e+02,1.128000000000000000e+03,5.040000000000000000e+02,0.000000000000000000e+00,0.000000000000000000e+00,4.000000000000000000e+00
1.000000000000000000e+00,1.600000000000000000e+01,1.600000000000000000e+01,1.128000000000000000e+03,5.040000000000000000e+02,1.128000000000000000e+03,5.040000000000000000e+02,0.000000000000000000e+00,0.000000000000000000e+00,4.000000000000000000e+00
-1.000000000000000000e+00,1.600000000000000000e+01,1.600000000000000000e+01,1.144000000000000000e+03,5.040000000000000000e+02,1.144000000000000000e+03,5.040000000000000000e+02,0.000000000000000000e+00,0.000000000000000000e+00,4.000000000000000000e+00
1.000000000000000000e+00,1.600000000000000000e+01,1.600000000000000000e+01,1.144000000000000000e+03,5.040000000000000000e+02,1.144000000000000000e+03,5.040000000000000000e+02,0.000000000000000000e+00,0.000000000000000000e+00,4.000000000000000000e+00
-1.000000000000000000e+00,1.600000000000000000e+01,1.600000000000000000e+01,1.160000000000000000e+03,5.040000000000000000e+02,1.160000000000000000e+03,5.040000000000000000e+02,0.000000000000000000e+00,0.000000000000000000e+00,4.000000000000000000e+00
1.000000000000000000e+00,1.600000000000000000e+01,1.600000000000000000e+01,1.160000000000000000e+03,5.040000000000000000e+02,1.160000000000000000e+03,5.040000000000000000e+02,0.000000000000000000e+00,0.000000000000000000e+00,4.000000000000000000e+00
-1.000000000000000000e+00,1.600000000000000000e+01,1.600000000000000000e+01,1.176000000000000000e+03,5.040000000000000000e+02,1.176000000000000000e+03,5.040000000000000000e+02,0.000000000000000000e+00,0.000000000000000000e+00,4.000000000000000000e+00
1.000000000000000000e+00,1.600000000000000000e+01,1.600000000000000000e+01,1.176000000000000000e+03,5.040000000000000000e+02,1.176000000000000000e+03,5.040000000000000000e+02,0.000000000000000000e+00,0.000000000000000000e+00,4.000000000000000000e+00
-1.000000000000000000e+00,1.600000000000000000e+01,1.600000000000000000e+01,1.192000000000000000e+03,5.040000000000000000e+02,1.192000000000000000e+03,5.040000000000000000e+02,0.000000000000000000e+00,0.000000000000000000e+00,4.000000000000000000e+00
1.000000000000000000e+00,1.600000000000000000e+01,1.600000000000000000e+01,1.192000000000000000e+03,5.040000000000000000e+02,1.192000000000000000e+03,5.040000000000000000e+02,0.000000000000000000e+00,0.000000000000000000e+00,4.000000000000000000e+00
-1.000000000000000000e+00,1.600000000000000000e+01,1.600000000000000000e+01,1.208000000000000000e+03,5.040000000000000000e+02,1.208000000000000000e+03,5.040000000000000000e+02,0.000000000000000000e+00,0.000000000000000000e+00,4.000000000000000000e+00
1.000000000000000000e+00,1.600000000000000000e+01,1.600000000000000000e+01,1.208000000000000000e+03,5.040000000000000000e+02,1.208000000000000000e+03,5.040000000000000000e+02,0.000000000000000000e+00,0.000000000000000000e+00,4.000000000000000000e+00
-1.000000000000000000e+00,1.600000000000000000e+01,1.600000000000000000e+01,1.224000000000000000e+03,5.040000000000000000e+02,1.224000000000000000e+03,5.040000000000000000e+02,0.000000000000000000e+00,0.000000000000000000e+00,4.000000000000000000e+00
1.000000000000000000e+00,1.600000000000000000e+01,1.600000000000000000e+01,1.224000000000000000e+03,5.040000000000000000e+02,1.224000000000000000e+03,5.040000000000000000e+02,0.000000000000000000e+00,0.000000000000000000e+00,4.000000000000000000e+00
-1.000000000000000000e+00,1.600000000000000000e+01,1.600000000000000000e+01,1.240000000000000000e+03,5.040000000000000000e+02,1.240000000000000000e+03,5.040000000000000000e+02,0.000000000000000000e+00,0.000000000000000000e+00,4.000000000000000000e+00
1.000000000000000000e+00,1.600000000000000000e+01,1.600000000000000000e+01,1.240000000000000000e+03,5.040000000000000000e+02,1.240000000000000000e+03,5.040000000000000000e+02,0.000000000000000000e+00,0.000000000000000000e+00,4.000000000000000000e+00
-1.000000000000000000e+00,1.600000000000000000e+01,1.600000000000000000e+01,1.256000000000000000e+03,5.040000000000000000e+02,1.256000000000000000e+03,5.040000000000000000e+02,0.000000000000000000e+00,0.000000000000000000e+00,4.000000000000000000e+00
1.000000000000000000e+00,1.600000000000000000e+01,1.600000000000000000e+01,1.256000000000000000e+03,5.040000000000000000e+02,1.256000000000000000e+03,5.040000000000000000e+02,0.000000000000000000e+00,0.000000000000000000e+00,4.000000000000000000e+00
-1.000000000000000000e+00,1.600000000000000000e+01,1.600000000000000000e+01,1.272000000000000000e+03,5.040000000000000000e+02,1.272000000000000000e+03,5.040000000000000000e+02,0.000000000000000000e+00,0.000000000000000000e+00,4.000000000000000000e+00
1.000000000000000000e+00,1.600000000000000000e+01,1.600000000000000000e+01,1.272000000000000000e+03,5.040000000000000000e+02,1.272000000000000000e+03,5.040000000000000000e+02,0.000000000000000000e+00,0.000000000000000000e+00,4.000000000000000000e+00
1.000000000000000000e+00,1.600000000000000000e+01,1.600000000000000000e+01,3.500000000000000000e+01,5.030000000000000000e+02,8.000000000000000000e+00,5.200000000000000000e+02,1.080000000000000000e+02,-6.800000000000000000e+01,4.000000000000000000e+00
1.000000000000000000e+00,1.600000000000000000e+01,1.600000000000000000e+01,5.200000000000000000e+01,4.960000000000000000e+02,2.400000000000000000e+01,5.200000000000000000e+02,1.120000000000000000e+02,-9.700000000000000000e+01,4.000000000000000000e+00
-1.000000000000000000e+00,1.600000000000000000e+01,1.600000000000000000e+01,1.700000000000000000e+01,5.400000000000000000e+02,4.000000000000000000e+01,5.200000000000000000e+02,-9.200000000000000000e+01,8.000000000000000000e+01,4.000000000000000000e+00
1.000000000000000000e+00,1.600000000000000000e+01,1.600000000000000000e+01,6.400000000000000000e+01,5.010000000000000000e+02,4.000000000000000000e+01,5.200000000000000000e+02,9.600000000000000000e+01,-7.700000000000000000e+01,4.000000000000000000e+00
-1.000000000000000000e+00,1.600000000000000000e+01,1.600000000000000000e+01,3.300000000000000000e+01,5.400000000000000000e+02,5.600000000000000000e+01,5.200000000000000000e+02,-9.200000000000000000e+01,8.000000000000000000e+01,4.000000000000000000e+00
1.000000000000000000e+00,1.600000000000000000e+01,1.600000000000000000e+01,8.000000000000000000e+01,5.010000000000000000e+02,5.600000000000000000e+01,5.200000000000000000e+02,9.600000000000000000e+01,-7.700000000000000000e+01,4.000000000000000000e+00
-1.000000000000000000e+00,1.600000000000000000e+01,1.600000000000000000e+01,4.900000000000000000e+01,5.400000000000000000e+02,7.200000000000000000e+01,5.200000000000000000e+02,-9.200000000000000000e+01,8.000000000000000000e+01,4.000000000000000000e+00
1.000000000000000000e+00,1.600000000000000000e+01,1.600000000000000000e+01,9.700000000000000000e+01,4.990000000000000000e+02,7.200000000000000000e+01,5.200000000000000000e+02,1.000000000000000000e+02,-8.700000000000000000e+01,4.000000000000000000e+00
1.000000000000000000e+00,1.600000000000000000e+01,1.600000000000000000e+01,1.150000000000000000e+02,4.990000000000000000e+02,8.800000000000000000e+01,5.200000000000000000e+02,1.080000000000000000e+02,-8.700000000000000000e+01,4.000000000000000000e+00
1.000000000000000000e+00,1.600000000000000000e+01,1.600000000000000000e+01,1.310000000000000000e+02,4.980000000000000000e+02,1.040000000000000000e+02,5.200000000000000000e+02,1.080000000000000000e+02,-8.800000000000000000e+01,4.000000000000000000e+00
-1.000000000000000000e+00,1.600000000000000000e+01,1.600000000000000000e+01,9.600000000000000000e+01,5.410000000000000000e+02,1.200000000000000000e+02,5.200000000000000000e+02,-9.600000000000000000e+01,8.400000000000000000e+01,4.000000000000000000e+00
1.000000000000000000e+00,1.600000000000000000e+01,1.600000000000000000e+01,1.440000000000000000e+02,4.980000000000000000e+02,1.200000000000000000e+02,5.200000000000000000e+02,9.600000000000000000e+01,-8.800000000000000000e+01,4.000000000000000000e+00
-1.000000000000000000e+00,1.600000000000000000e+01,1.600000000000000000e+01,1.130000000000000000e+02,5.410000000000000000e+02,1.360000000000000000e+02,5.200000000000000000e+02,-9.500000000000000000e+01,8.500000000000000000e+01,4.000000000000000000e+00
-1.000000000000000000e+00,1.600000000000000000e+01,1.600000000000000000e+01,1.290000000000000000e+02,5.410000000000000000e+02,1.520000000000000000e+02,5.200000000000000000e+02,-9.500000000000000000e+01,8.400000000000000000e+01,4.000000000000000000e+00
1.000000000000000000e+00,1.600000000000000000e+01,1.600000000000000000e+01,1.760000000000000000e+02,4.980000000000000000e+02,1.520000000000000000e+02,5.200000000000000000e+02,9.700000000000000000e+01,-8.800000000000000000e+01,4.000000000000000000e+00
1.000000000000000000e+00,1.600000000000000000e+01,8.000000000000000000e+00,1.930000000000000000e+02,4.950000000000000000e+02,1.680000000000000000e+02,5.160000000000000000e+02,1.020000000000000000e+02,-8.700000000000000000e+01,4.000000000000000000e+00
1.000000000000000000e+00,1.600000000000000000e+01,8.000000000000000000e+00,1.930000000000000000e+02,5.030000000000000000e+02,1.680000000000000000e+02,5.240000000000000000e+02,1.020000000000000000e+02,-8.600000000000000000e+01,4.000000000000000000e+00
-1.000000000000000000e+00,1.600000000000000000e+01,8.000000000000000000e+00,1.840000000000000000e+02,5.160000000000000000e+02,1.840000000000000000e+02,5.160000000000000000e+02,0.000000000000000000e+00,0.000000000000000000e+00,4.000000000000000000e+00
-1.000000000000000000e+00,1.600000000000000000e+01,8.000000000000000000e+00,1.600000000000000000e+02,5.450000000000000000e+02,1.840000000000000000e+02,5.240000000000000000e+02,-9.600000000000000000e+01,8.400000000000000000e+01,4.000000000000000000e+00
1.000000000000000000e+00,1.600000000000000000e+01,8.000000000000000000e+00,2.100000000000000000e+02,4.940000000000000000e+02,1.840000000000000000e+02,5.160000000000000000e+02,1.050000000000000000e+02,-8.800000000000000000e+01,4.000000000000000000e+00
1.000000000000000000e+00,1.600000000000000000e+01,8.000000000000000000e+00,1.840000000000000000e+02,5.240000000000000000e+02,1.840000000000000000e+02,5.240000000000000000e+02,0.000000000000000000e+00,0.000000000000000000e+00,4.000000000000000000e+00
-1.000000000000000000e+00,1.600000000000000000e+01,1.600000000000000000e+01,1.790000000000000000e+02,5.400000000000000000e+02,2.000000000000000000e+02,5.200000000000000000e+02,-8.600000000000000000e+01,8.300000000000000000e+01,4.000000000000000000e+00
1.000000000000000000e+00,1.600000000000000000e+01,1.600000000000000000e+01,2.250000000000000000e+02,4.990000000000000000e+02,2.000000000000000000e+02,5.200000000000000000e+02,1.000000000000000000e+02,-8.700000000000000000e+01,4.000000000000000000e+00
1.000000000000000000e+00,1.600000000000000000e+01,1.600000000000000000e+01,2.410000000000000000e+02,4.990000000000000000e+02,2.160000000000000000e+02,5.200000000000000000e+02,1.000000000000000000e+02,-8.700000000000000000e+01,4.000000000000000000e+00
1.000000000000000000e+00,1.600000000000000000e+01,1.600000000000000000e+01,2.570000000000000000e+02,5.000000000000000000e+02,2.320000000000000000e+02,5.200000000000000000e+02,1.000000000000000000e+02,-8.000000000000000000e+01,4.000000000000000000e+00
1.000000000000000000e+00,1.600000000000000000e+01,1.600000000000000000e+01,2.730000000000000000e+02,4.980000000000000000e+02,2.480000000000000000e+02,5.200000000000000000e+02,1.000000000000000000e+02,-8.800000000000000000e+01,4.000000000000000000e+00
1.000000000000000000e+00,1.600000000000000000e+01,8.000000000000000000e+00,2.890000000000000000e+02,4.960000000000000000e+02,2.640000000000000000e+02,5.160000000000000000e+02,1.000000000000000000e+02,-8.300000000000000000e+01,4.000000000000000000e+00
1.000000000000000000e+00,1.600000000000000000e+01,8.000000000000000000e+00,2.890000000000000000e+02,5.030000000000000000e+02,2.640000000000000000e+02,5.240000000000000000e+02,1.000000000000000000e+02,-8.700000000000000000e+01,4.000000000000000000e+00
1.000000000000000000e+00,1.600000000000000000e+01,1.600000000000000000e+01,3.050000000000000000e+02,5.000000000000000000e+02,2.800000000000000000e+02,5.200000000000000000e+02,1.000000000000000000e+02,-8.300000000000000000e+01,4.000000000000000000e+00
1.000000000000000000e+00,1.600000000000000000e+01,1.600000000000000000e+01,3.200000000000000000e+02,5.000000000000000000e+02,2.960000000000000000e+02,5.200000000000000000e+02,9.800000000000000000e+01,-8.000000000000000000e+01,4.000000000000000000e+00
-1.000000000000000000e+00,1.600000000000000000e+01,1.600000000000000000e+01,2.860000000000000000e+02,5.400000000000000000e+02,3.120000000000000000e+02,5.200000000000000000e+02,-1.040000000000000000e+02,8.000000000000000000e+01,4.000000000000000000e+00
1.000000000000000000e+00,1.600000000000000000e+01,1.600000000000000000e+01,3.360000000000000000e+02,5.000000000000000000e+02,3.120000000000000000e+02,5.200000000000000000e+02,9.800000000000000000e+01,-8.000000000000000000e+01,4.000000000000000000e+00
1.000000000000000000e+00,1.600000000000000000e+01,1.600000000000000000e+01,3.510000000000000000e+02,4.990000000000000000e+02,3.280000000000000000e+02,5.200000000000000000e+02,9.200000000000000000e+01,-8.500000000000000000e+01,4.000000000000000000e+00
1.000000000000000000e+00,1.600000000000000000e+01,1.600000000000000000e+01,3.680000000000000000e+02,5.000000000000000000e+02,3.440000000000000000e+02,5.200000000000000000e+02,9.800000000000000000e+01,-8.100000000000000000e+01,4.000000000000000000e+00
-1.000000000000000000e+00,1.600000000000000000e+01,1.600000000000000000e+01,3.340000000000000000e+02,5.390000000000000000e+02,3.600000000000000000e+02,5.200000000000000000e+02,-1.040000000000000000e+02,7.900000000000000000e+01,4.000000000000000000e+00
-1.000000000000000000e+00,1.600000000000000000e+01,1.600000000000000000e+01,3.500000000000000000e+02,5.390000000000000000e+02,3.760000000000000000e+02,5.200000000000000000e+02,-1.040000000000000000e+02,7.900000000000000000e+01,4.000000000000000000e+00
1.000000000000000000e+00,1.600000000000000000e+01,1.600000000000000000e+01,4.070000000000000000e+02,5.000000000000000000e+02,3.760000000000000000e+02,5.200000000000000000e+02,1.260000000000000000e+02,-8.000000000000000000e+01,4.000000000000000000e+00
1.000000000000000000e+00,1.600000000000000000e+01,1.600000000000000000e+01,4.170000000000000000e+02,5.000000000000000000e+02,3.920000000000000000e+02,5.200000000000000000e+02,1.000000000000000000e+02,-8.000000000000000000e+01,4.000000000000000000e+00
-1.000000000000000000e+00,1.600000000000000000e+01,1.600000000000000000e+01,3.810000000000000000e+02,5.390000000000000000e+02,4.080000000000000000e+02,5.200000000000000000e+02,-1.080000000000000000e+02,7.700000000000000000e+01,4.000000000000000000e+00
1.000000000000000000e+00,1.600000000000000000e+01,1.600000000000000000e+01,4.560000000000000000e+02,4.990000000000000000e+02,4.240000000000000000e+02,5.200000000000000000e+02,1.310000000000000000e+02,-8.700000000000000000e+01,4.000000000000000000e+00
1.000000000000000000e+00,8.000000000000000000e+00,1.600000000000000000e+01,4.680000000000000000e+02,4.990000000000000000e+02,4.360000000000000000e+02,5.200000000000000000e+02,1.310000000000000000e+02,-8.700000000000000000e+01,4.000000000000000000e+00
1.000000000000000000e+00,8.000000000000000000e+00,1.600000000000000000e+01,4.740000000000000000e+02,5.000000000000000000e+02,4.440000000000000000e+02,5.200000000000000000e+02,1.230000000000000000e+02,-8.100000000000000000e+01,4.000000000000000000e+00
1.000000000000000000e+00,1.600000000000000000e+01,1.600000000000000000e+01,4.880000000000000000e+02,5.000000000000000000e+02,4.560000000000000000e+02,5.200000000000000000e+02,1.290000000000000000e+02,-8.100000000000000000e+01,4.000000000000000000e+00
-1.000000000000000000e+00,1.600000000000000000e+01,1.600000000000000000e+01,4.420000000000000000e+02,5.200000000000000000e+02,4.720000000000000000e+02,5.200000000000000000e+02,-1.200000000000000000e+02,0.000000000000000000e+00,4.000000000000000000e+00
1.000000000000000000e+00,1.600000000000000000e+01,8.000000000000000000e+00,5.200000000000000000e+02,5.010000000000000000e+02,4.880000000000000000e+02,5.160000000000000000e+02,1.280000000000000000e+02,-6.000000000000000000e+01,4.000000000000000000e+00
1.000000000000000000e+00,1.600000000000000000e+01,8.000000000000000000e+00,5.190000000000000000e+02,5.090000000000000000e+02,4.880000000000000000e+02,5.240000000000000000e+02,1.260000000000000000e+02,-6.000000000000000000e+01,4.000000000000000000e+00
-1.000000000000000000e+00,1.600000000000000000e+01,1.600000000000000000e+01,4.830000000000000000e+02,5.400000000000000000e+02,5.040000000000000000e+02,5.200000000000000000e+02,-8.700000000000000000e+01,8.000000000000000000e+01,4.000000000000000000e+00
-1.000000000000000000e+00,1.600000000000000000e+01,1.600000000000000000e+01,4.990000000000000000e+02,5.400000000000000000e+02,5.200000000000000000e+02,5.200000000000000000e+02,-8.700000000000000000e+01,8.000000000000000000e+01,4.000000000000000000e+00
-1.000000000000000000e+00,1.600000000000000000e+01,1.600000000000000000e+01,5.150000000000000000e+02,5.400000000000000000e+02,5.360000000000000000e+02,5.200000000000000000e+02,-8.700000000000000000e+01,8.000000000000000000e+01,4.000000000000000000e+00
1.000000000000000000e+00,1.600000000000000000e+01,1.600000000000000000e+01,5.600000000000000000e+02,5.070000000000000000e+02,5.520000000000000000e+02,5.200000000000000000e+02,3.300000000000000000e+01,-5.200000000000000000e+01,4.000000000000000000e+00
-1.000000000000000000e+00,1.600000000000000000e+01,1.600000000000000000e+01,5.680000000000000000e+02,5.040000000000000000e+02,5.680000000000000000e+02,5.200000000000000000e+02,0.000000000000000000e+00,-6.400000000000000000e+01,4.000000000000000000e+00
-1.000000000000000000e+00,1.600000000000000000e+01,1.600000000000000000e+01,5.840000000000000000e+02,5.120000000000000000e+02,5.840000000000000000e+02,5.200000000000000000e+02,0.000000000000000000e+00,-3.200000000000000000e+01,4.000000000000000000e+00
1.000000000000000000e+00,1.600000000000000000e+01,1.600000000000000000e+01,5.840000000000000000e+02,5.200000000000000000e+02,5.840000000000000000e+02,5.200000000000000000e+02,0.000000000000000000e+00,0.000000000000000000e+00,4.000000000000000000e+00
-1.000000000000000000e+00,1.600000000000000000e+01,1.600000000000000000e+01,6.000000000000000000e+02,5.120000000000000000e+02,6.000000000000000000e+02,5.200000000000000000e+02,-1.000000000000000000e+00,-3.200000000000000000e+01,4.000000000000000000e+00
1.000000000000000000e+00,1.600000000000000000e+01,1.600000000000000000e+01,6.000000000000000000e+02,5.200000000000000000e+02,6.000000000000000000e+02,5.200000000000000000e+02,0.000000000000000000e+00,0.000000000000000000e+00,4.000000000000000000e+00
-1.000000000000000000e+00,1.600000000000000000e+01,1.600000000000000000e+01,6.160000000000000000e+02,5.200000000000000000e+02,6.160000000000000000e+02,5.200000000000000000e+02,0.000000000000000000e+00,0.000000000000000000e+00,4.000000000000000000e+00
1.000000000000000000e+00,1.600000000000000000e+01,1.600000000000000000e+01,6.160000000000000000e+02,5.200000000000000000e+02,6.160000000000000000e+02,5.200000000000000000e+02,0.000000000000000000e+00,0.000000000000000000e+00,4.000000000000000000e+00
-1.000000000000000000e+00,1.600000000000000000e+01,1.600000000000000000e+01,6.320000000000000000e+02,5.200000000000000000e+02,6.320000000000000000e+02,5.200000000000000000e+02,0.000000000000000000e+00,0.000000000000000000e+00,4.000000000000000000e+00
1.000000000000000000e+00,1.600000000000000000e+01,1.600000000000000000e+01,6.320000000000000000e+02,5.200000000000000000e+02,6.320000000000000000e+02,5.200000000000000000e+02,0.000000000000000000e+00,0.000000000000000000e+00,4.000000000000000000e+00
-1.000000000000000000e+00,1.600000000000000000e+01,1.600000000000000000e+01,6.460000000000000000e+02,5.290000000000000000e+02,6.480000000000000000e+02,5.200000000000000000e+02,-8.000000000000000000e+00,3.900000000000000000e+01,4.000000000000000000e+00
-1.000000000000000000e+00,1.600000000000000000e+01,1.600000000000000000e+01,6.630000000000000000e+02,5.290000000000000000e+02,6.640000000000000000e+02,5.200000000000000000e+02,-5.000000000000000000e+00,3.900000000000000000e+01,4.000000000000000000e+00
1.000000000000000000e+00,1.600000000000000000e+01,1.600000000000000000e+01,6.640000000000000000e+02,5.080000000000000000e+02,6.640000000000000000e+02,5.200000000000000000e+02,0.000000000000000000e+00,-5.100000000000000000e+01,4.000000000000000000e+00
-1.000000000000000000e+00,1.600000000000000000e+01,1.600000000000000000e+01,6.780000000000000000e+02,5.290000000000000000e+02,6.800000000000000000e+02,5.200000000000000000e+02,-9.000000000000000000e+00,3.900000000000000000e+01,4.000000000000000000e+00
1.000000000000000000e+00,1.600000000000000000e+01,1.600000000000000000e+01,6.800000000000000000e+02,5.080000000000000000e+02,6.800000000000000000e+02,5.200000000000000000e+02,0.000000000000000000e+00,-5.100000000000000000e+01,4.000000000000000000e+00
1.000000000000000000e+00,1.600000000000000000e+01,1.600000000000000000e+01,6.980000000000000000e+02,5.090000000000000000e+02,6.960000000000000000e+02,5.200000000000000000e+02,1.000000000000000000e+01,-4.600000000000000000e+01,4.000000000000000000e+00
-1.000000000000000000e+00,1.600000000000000000e+01,1.600000000000000000e+01,7.100000000000000000e+02,5.290000000000000000e+02,7.120000000000000000e+02,5.200000000000000000e+02,-1.100000000000000000e+01,3.900000000000000000e+01,4.000000000000000000e+00
1.000000000000000000e+00,1.600000000000000000e+01,1.600000000000000000e+01,7.140000000000000000e+02,5.090000000000000000e+02,7.120000000000000000e+02,5.200000000000000000e+02,9.000000000000000000e+00,-4.600000000000000000e+01,4.000000000000000000e+00
-1.000000000000000000e+00,1.600000000000000000e+01,1.600000000000000000e+01,7.260000000000000000e+02,5.290000000000000000e+02,7.280000000000000000e+02,5.200000000000000000e+02,-1.100000000000000000e+01,3.900000000000000000e+01,4.000000000000000000e+00
1.000000000000000000e+00,1.600000000000000000e+01,1.600000000000000000e+01,7.300000000000000000e+02,5.090000000000000000e+02,7.280000000000000000e+02,5.200000000000000000e+02,9.000000000000000000e+00,-4.600000000000000000e+01,4.000000000000000000e+00
1.000000000000000000e+00,1.600000000000000000e+01,1.600000000000000000e+01,7.460000000000000000e+02,5.070000000000000000e+02,7.440000000000000000e+02,5.200000000000000000e+02,9.000000000000000000e+00,-5.200000000000000000e+01,4.000000000000000000e+00
1.000000000000000000e+00,1.600000000000000000e+01,1.600000000000000000e+01,7.660000000000000000e+02,5.070000000000000000e+02,7.600000000000000000e+02,5.200000000000000000e+02,2.700000000000000000e+01,-5.200000000000000000e+01,4.000000000000000000e+00
-1.000000000000000000e+00,1.600000000000000000e+01,1.600000000000000000e+01,7.850000000000000000e+02,5.300000000000000000e+02,7.920000000000000000e+02,5.200000000000000000e+02,-2.800000000000000000e+01,4.300000000000000000e+01,4.000000000000000000e+00
-1.000000000000000000e+00,1.600000000000000000e+01,1.600000000000000000e+01,8.480000000000000000e+02,5.340000000000000000e+02,8.560000000000000000e+02,5.200000000000000000e+02,-3.200000000000000000e+01,5.600000000000000000e+01,4.000000000000000000e+00
-1.000000000000000000e+00,8.000000000000000000e+00,1.600000000000000000e+01,8.610000000000000000e+02,5.340000000000000000e+02,8.680000000000000000e+02,5.200000000000000000e+02,-3.000000000000000000e+01,5.600000000000000000e+01,4.000000000000000000e+00
-1.000000000000000000e+00,8.000000000000000000e+00,1.600000000000000000e+01,8.660000000000000000e+02,5.340000000000000000e+02,8.760000000000000000e+02,5.200000000000000000e+02,-4.100000000000000000e+01,5.600000000000000000e+01,4.000000000000000000e+00
1.000000000000000000e+00,8.000000000000000000e+00,1.600000000000000000e+01,8.680000000000000000e+02,5.200000000000000000e+02,8.680000000000000000e+02,5.200000000000000000e+02,0.000000000000000000e+00,0.000000000000000000e+00,4.000000000000000000e+00
1.000000000000000000e+00,8.000000000000000000e+00,1.600000000000000000e+01,8.830000000000000000e+02,5.010000000000000000e+02,8.760000000000000000e+02,5.200000000000000000e+02,2.800000000000000000e+01,-7.600000000000000000e+01,4.000000000000000000e+00
1.000000000000000000e+00,8.000000000000000000e+00,1.600000000000000000e+01,8.910000000000000000e+02,5.010000000000000000e+02,8.840000000000000000e+02,5.200000000000000000e+02,2.800000000000000000e+01,-7.700000000000000000e+01,4.000000000000000000e+00
1.000000000000000000e+00,8.000000000000000000e+00,1.600000000000000000e+01,9.070000000000000000e+02,5.040000000000000000e+02,8.920000000000000000e+02,5.200000000000000000e+02,6.200000000000000000e+01,-6.400000000000000000e+01,4.000000000000000000e+00
-1.000000000000000000e+00,1.600000000000000000e+01,1.600000000000000000e+01,9.050000000000000000e+02,5.350000000000000000e+02,9.200000000000000000e+02,5.200000000000000000e+02,-6.300000000000000000e+01,6.000000000000000000e+01,4.000000000000000000e+00
-1.000000000000000000e+00,1.600000000000000000e+01,1.600000000000000000e+01,9.200000000000000000e+02,5.350000000000000000e+02,9.360000000000000000e+02,5.200000000000000000e+02,-6.400000000000000000e+01,6.100000000000000000e+01,4.000000000000000000e+00
1.000000000000000000e+00,1.600000000000000000e+01,1.600000000000000000e+01,9.670000000000000000e+02,5.200000000000000000e+02,9.520000000000000000e+02,5.200000000000000000e+02,6.200000000000000000e+01,0.000000000000000000e+00,4.000000000000000000e+00
-1.000000000000000000e+00,1.600000000000000000e+01,1.600000000000000000e+01,9.680000000000000000e+02,5.200000000000000000e+02,9.680000000000000000e+02,5.200000000000000000e+02,0.000000000000000000e+00,0.000000000000000000e+00,4.000000000000000000e+00
1.000000000000000000e+00,1.600000000000000000e+01,1.600000000000000000e+01,9.680000000000000000e+02,5.200000000000000000e+02,9.680000000000000000e+02,5.200000000000000000e+02,0.000000000000000000e+00,0.000000000000000000e+00,4.000000000000000000e+00
-1.000000000000000000e+00,1.600000000000000000e+01,1.600000000000000000e+01,9.840000000000000000e+02,5.200000000000000000e+02,9.840000000000000000e+02,5.200000000000000000e+02,0.000000000000000000e+00,0.000000000000000000e+00,4.000000000000000000e+00
1.000000000000000000e+00,1.600000000000000000e+01,1.600000000000000000e+01,9.840000000000000000e+02,5.200000000000000000e+02,9.840000000000000000e+02,5.200000000000000000e+02,0.000000000000000000e+00,0.000000000000000000e+00,4.000000000000000000e+00
-1.000000000000000000e+00,1.600000000000000000e+01,1.600000000000000000e+01,1.000000000000000000e+03,5.200000000000000000e+02,1.000000000000000000e+03,5.200000000000000000e+02,0.000000000000000000e+00,0.000000000000000000e+00,4.000000000000000000e+00
1.000000000000000000e+00,1.600000000000000000e+01,1.600000000000000000e+01,1.000000000000000000e+03,5.200000000000000000e+02,1.000000000000000000e+03,5.200000000000000000e+02,0.000000000000000000e+00,0.000000000000000000e+00,4.000000000000000000e+00
-1.000000000000000000e+00,1.600000000000000000e+01,1.600000000000000000e+01,1.016000000000000000e+03,5.200000000000000000e+02,1.016000000000000000e+03,5.200000000000000000e+02,0.000000000000000000e+00,0.000000000000000000e+00,4.000000000000000000e+00
1.000000000000000000e+00,1.600000000000000000e+01,1.600000000000000000e+01,1.016000000000000000e+03,5.200000000000000000e+02,1.016000000000000000e+03,5.200000000000000000e+02,0.000000000000000000e+00,0.000000000000000000e+00,4.000000000000000000e+00
-1.000000000000000000e+00,1.600000000000000000e+01,1.600000000000000000e+01,1.032000000000000000e+03,5.200000000000000000e+02,1.032000000000000000e+03,5.200000000000000000e+02,0.000000000000000000e+00,0.000000000000000000e+00,4.000000000000000000e+00
1.000000000000000000e+00,1.600000000000000000e+01,1.600000000000000000e+01,1.032000000000000000e+03,5.200000000000000000e+02,1.032000000000000000e+03,5.200000000000000000e+02,0.000000000000000000e+00,0.000000000000000000e+00,4.000000000000000000e+00
-1.000000000000000000e+00,1.600000000000000000e+01,1.600000000000000000e+01,1.048000000000000000e+03,5.200000000000000000e+02,1.048000000000000000e+03,5.200000000000000000e+02,0.000000000000000000e+00,0.000000000000000000e+00,4.000000000000000000e+00
1.000000000000000000e+00,1.600000000000000000e+01,1.600000000000000000e+01,1.048000000000000000e+03,5.200000000000000000e+02,1.048000000000000000e+03,5.200000000000000000e+02,0.000000000000000000e+00,0.000000000000000000e+00,4.000000000000000000e+00
-1.000000000000000000e+00,1.600000000000000000e+01,1.600000000000000000e+01,1.064000000000000000e+03,5.200000000000000000e+02,1.064000000000000000e+03,5.200000000000000000e+02,0.000000000000000000e+00,0.000000000000000000e+00,4.000000000000000000e+00
1.000000000000000000e+00,1.600000000000000000e+01,1.600000000000000000e+01,1.064000000000000000e+03,5.200000000000000000e+02,1.064000000000000000e+03,5.200000000000000000e+02,0.000000000000000000e+00,0.000000000000000000e+00,4.000000000000000000e+00
-1.000000000000000000e+00,1.600000000000000000e+01,1.600000000000000000e+01,1.080000000000000000e+03,5.200000000000000000e+02,1.080000000000000000e+03,5.200000000000000000e+02,0.000000000000000000e+00,0.000000000000000000e+00,4.000000000000000000e+00
1.000000000000000000e+00,1.600000000000000000e+01,1.600000000000000000e+01,1.080000000000000000e+03,5.200000000000000000e+02,1.080000000000000000e+03,5.200000000000000000e+02,0.000000000000000000e+00,0.000000000000000000e+00,4.000000000000000000e+00
-1.000000000000000000e+00,1.600000000000000000e+01,1.600000000000000000e+01,1.096000000000000000e+03,5.200000000000000000e+02,1.096000000000000000e+03,5.200000000000000000e+02,0.000000000000000000e+00,0.000000000000000000e+00,4.000000000000000000e+00
1.000000000000000000e+00,1.600000000000000000e+01,1.600000000000000000e+01,1.096000000000000000e+03,5.200000000000000000e+02,1.096000000000000000e+03,5.200000000000000000e+02,0.000000000000000000e+00,0.000000000000000000e+00,4.000000000000000000e+00
-1.000000000000000000e+00,1.600000000000000000e+01,1.600000000000000000e+01,1.112000000000000000e+03,5.200000000000000000e+02,1.112000000000000000e+03,5.200000000000000000e+02,0.000000000000000000e+00,0.000000000000000000e+00,4.000000000000000000e+00
1.000000000000000000e+00,1.600000000000000000e+01,1.600000000000000000e+01,1.112000000000000000e+03,5.200000000000000000e+02,1.112000000000000000e+03,5.200000000000000000e+02,0.000000000000000000e+00,0.000000000000000000e+00,4.000000000000000000e+00
-1.000000000000000000e+00,1.600000000000000000e+01,1.600000000000000000e+01,1.128000000000000000e+03,5.200000000000000000e+02,1.128000000000000000e+03,5.200000000000000000e+02,0.000000000000000000e+00,0.000000000000000000e+00,4.000000000000000000e+00
1.000000000000000000e+00,1.600000000000000000e+01,1.600000000000000000e+01,1.128000000000000000e+03,5.200000000000000000e+02,1.128000000000000000e+03,5.200000000000000000e+02,0.000000000000000000e+00,0.000000000000000000e+00,4.000000000000000000e+00
-1.000000000000000000e+00,1.600000000000000000e+01,1.600000000000000000e+01,1.144000000000000000e+03,5.200000000000000000e+02,1.144000000000000000e+03,5.200000000000000000e+02,0.000000000000000000e+00,0.000000000000000000e+00,4.000000000000000000e+00
1.000000000000000000e+00,1.600000000000000000e+01,1.600000000000000000e+01,1.144000000000000000e+03,5.200000000000000000e+02,1.144000000000000000e+03,5.200000000000000000e+02,0.000000000000000000e+00,0.000000000000000000e+00,4.000000000000000000e+00
-1.000000000000000000e+00,1.600000000000000000e+01,1.600000000000000000e+01,1.160000000000000000e+03,5.200000000000000000e+02,1.160000000000000000e+03,5.200000000000000000e+02,0.000000000000000000e+00,0.000000000000000000e+00,4.000000000000000000e+00
1.000000000000000000e+00,1.600000000000000000e+01,1.600000000000000000e+01,1.160000000000000000e+03,5.200000000000000000e+02,1.160000000000000000e+03,5.200000000000000000e+02,0.000000000000000000e+00,0.000000000000000000e+00,4.000000000000000000e+00
-1.000000000000000000e+00,1.600000000000000000e+01,1.600000000000000000e+01,1.176000000000000000e+03,5.200000000000000000e+02,1.176000000000000000e+03,5.200000000000000000e+02,0.000000000000000000e+00,0.000000000000000000e+00,4.000000000000000000e+00
1.000000000000000000e+00,1.600000000000000000e+01,1.600000000000000000e+01,1.176000000000000000e+03,5.200000000000000000e+02,1.176000000000000000e+03,5.200000000000000000e+02,0.000000000000000000e+00,0.000000000000000000e+00,4.000000000000000000e+00
-1.000000000000000000e+00,1.600000000000000000e+01,1.600000000000000000e+01,1.192000000000000000e+03,5.200000000000000000e+02,1.192000000000000000e+03,5.200000000000000000e+02,0.000000000000000000e+00,0.000000000000000000e+00,4.000000000000000000e+00
1.000000000000000000e+00,1.600000000000000000e+01,1.600000000000000000e+01,1.192000000000000000e+03,5.200000000000000000e+02,1.192000000000000000e+03,5.200000000000000000e+02,0.000000000000000000e+00,0.000000000000000000e+00,4.000000000000000000e+00
-1.000000000000000000e+00,1.600000000000000000e+01,1.600000000000000000e+01,1.208000000000000000e+03,5.200000000000000000e+02,1.208000000000000000e+03,5.200000000000000000e+02,0.000000000000000000e+00,0.000000000000000000e+00,4.000000000000000000e+00
-1.000000000000000000e+00,1.600000000000000000e+01,1.600000000000000000e+01,1.224000000000000000e+03,5.200000000000000000e+02,1.224000000000000000e+03,5.200000000000000000e+02,0.000000000000000000e+00,0.000000000000000000e+00,4.000000000000000000e+00
-1.000000000000000000e+00,1.600000000000000000e+01,1.600000000000000000e+01,1.240000000000000000e+03,5.200000000000000000e+02,1.240000000000000000e+03,5.200000000000000000e+02,0.000000000000000000e+00,0.000000000000000000e+00,4.000000000000000000e+00
-1.000000000000000000e+00,1.600000000000000000e+01,1.600000000000000000e+01,1.256000000000000000e+03,5.200000000000000000e+02,1.256000000000000000e+03,5.200000000000000000e+02,0.000000000000000000e+00,0.000000000000000000e+00,4.000000000000000000e+00
1.000000000000000000e+00,1.600000000000000000e+01,1.600000000000000000e+01,1.256000000000000000e+03,5.200000000000000000e+02,1.256000000000000000e+03,5.200000000000000000e+02,0.000000000000000000e+00,0.000000000000000000e+00,4.000000000000000000e+00
1.000000000000000000e+00,1.600000000000000000e+01,1.600000000000000000e+01,1.272000000000000000e+03,5.200000000000000000e+02,1.272000000000000000e+03,5.200000000000000000e+02,1.000000000000000000e+00,0.000000000000000000e+00,4.000000000000000000e+00
1.000000000000000000e+00,1.600000000000000000e+01,1.600000000000000000e+01,3.600000000000000000e+01,5.130000000000000000e+02,8.000000000000000000e+00,5.360000000000000000e+02,1.120000000000000000e+02,-9.200000000000000000e+01,4.000000000000000000e+00
1.000000000000000000e+00,1.600000000000000000e+01,1.600000000000000000e+01,5.200000000000000000e+01,5.130000000000000000e+02,2.400000000000000000e+01,5.360000000000000000e+02,1.120000000000000000e+02,-9.200000000000000000e+01,4.000000000000000000e+00
-1.000000000000000000e+00,1.600000000000000000e+01,1.600000000000000000e+01,1.600000000000000000e+01,5.570000000000000000e+02,4.000000000000000000e+01,5.360000000000000000e+02,-9.900000000000000000e+01,8.600000000000000000e+01,4.000000000000000000e+00
-1.000000000000000000e+00,1.600000000000000000e+01,1.600000000000000000e+01,3.300000000000000000e+01,5.560000000000000000e+02,5.600000000000000000e+01,5.360000000000000000e+02,-9.200000000000000000e+01,8.000000000000000000e+01,4.000000000000000000e+00
1.000000000000000000e+00,1.600000000000000000e+01,1.600000000000000000e+01,8.000000000000000000e+01,5.170000000000000000e+02,5.600000000000000000e+01,5.360000000000000000e+02,9.600000000000000000e+01,-7.700000000000000000e+01,4.000000000000000000e+00
-1.000000000000000000e+00,1.600000000000000000e+01,1.600000000000000000e+01,4.900000000000000000e+01,5.560000000000000000e+02,7.200000000000000000e+01,5.360000000000000000e+02,-9.200000000000000000e+01,8.000000000000000000e+01,4.000000000000000000e+00
1.000000000000000000e+00,1.600000000000000000e+01,1.600000000000000000e+01,9.700000000000000000e+01,5.150000000000000000e+02,7.200000000000000000e+01,5.360000000000000000e+02,1.000000000000000000e+02,-8.700000000000000000e+01,4.000000000000000000e+00
1.000000000000000000e+00,1.600000000000000000e+01,1.600000000000000000e+01,1.150000000000000000e+02,5.140000000000000000e+02,8.800000000000000000e+01,5.360000000000000000e+02,1.080000000000000000e+02,-8.900000000000000000e+01,4.000000000000000000e+00
1.000000000000000000e+00,1.600000000000000000e+01,1.600000000000000000e+01,1.310000000000000000e+02,5.140000000000000000e+02,1.040000000000000000e+02,5.360000000000000000e+02,1.080000000000000000e+02,-8.800000000000000000e+01,4.000000000000000000e+00
-1.000000000000000000e+00,1.600000000000000000e+01,1.600000000000000000e+01,9.700000000000000000e+01,5.570000000000000000e+02,1.200000000000000000e+02,5.360000000000000000e+02,-9.500000000000000000e+01,8.400000000000000000e+01,4.000000000000000000e+00
1.000000000000000000e+00,1.600000000000000000e+01,1.600000000000000000e+01,1.440000000000000000e+02,5.140000000000000000e+02,1.200000000000000000e+02,5.360000000000000000e+02,9.600000000000000000e+01,-8.800000000000000000e+01,4.000000000000000000e+00
-1.000000000000000000e+00,1.600000000000000000e+01,1.600000000000000000e+01,1.130000000000000000e+02,5.570000000000000000e+02,1.360000000000000000e+02,5.360000000000000000e+02,-9.500000000000000000e+01,8.400000000000000000e+01,4.000000000000000000e+00
1.000000000000000000e+00,1.600000000000000000e+01,1.600000000000000000e+01,1.600000000000000000e+02,5.140000000000000000e+02,1.360000000000000000e+02,5.360000000000000000e+02,9.600000000000000000e+01,-8.800000000000000000e+01,4.000000000000000000e+00
-1.000000000000000000e+00,1.600000000000000000e+01,1.600000000000000000e+01,1.290000000000000000e+02,5.570000000000000000e+02,1.520000000000000000e+02,5.360000000000000000e+02,-9.500000000000000000e+01,8.400000000000000000e+01,4.000000000000000000e+00
1.000000000000000000e+00,1.600000000000000000e+01,1.600000000000000000e+01,1.760000000000000000e+02,5.140000000000000000e+02,1.520000000000000000e+02,5.360000000000000000e+02,9.700000000000000000e+01,-8.800000000000000000e+01,4.000000000000000000e+00
-1.000000000000000000e+00,1.600000000000000000e+01,1.600000000000000000e+01,1.440000000000000000e+02,5.570000000000000000e+02,1.680000000000000000e+02,5.360000000000000000e+02,-9.700000000000000000e+01,8.400000000000000000e+01,4.000000000000000000e+00
1.000000000000000000e+00,1.600000000000000000e+01,1.600000000000000000e+01,1.930000000000000000e+02,5.140000000000000000e+02,1.680000000000000000e+02,5.360000000000000000e+02,1.030000000000000000e+02,-8.900000000000000000e+01,4.000000000000000000e+00
-1.000000000000000000e+00,1.600000000000000000e+01,1.600000000000000000e+01,1.600000000000000000e+02,5.570000000000000000e+02,1.840000000000000000e+02,5.360000000000000000e+02,-9.600000000000000000e+01,8.400000000000000000e+01,4.000000000000000000e+00
1.000000000000000000e+00,1.600000000000000000e+01,1.600000000000000000e+01,2.090000000000000000e+02,5.150000000000000000e+02,1.840000000000000000e+02,5.360000000000000000e+02,1.000000000000000000e+02,-8.700000000000000000e+01,4.000000000000000000e+00
1.000000000000000000e+00,1.600000000000000000e+01,1.600000000000000000e+01,2.250000000000000000e+02,5.150000000000000000e+02,2.000000000000000000e+02,5.360000000000000000e+02,1.000000000000000000e+02,-8.700000000000000000e+01,4.000000000000000000e+00
1.000000000000000000e+00,1.600000000000000000e+01,1.600000000000000000e+01,2.410000000000000000e+02,5.150000000000000000e+02,2.160000000000000000e+02,5.360000000000000000e+02,1.000000000000000000e+02,-8.700000000000000000e+01,4.000000000000000000e+00
1.000000000000000000e+00,1.600000000000000000e+01,1.600000000000000000e+01,2.570000000000000000e+02,5.150000000000000000e+02,2.320000000000000000e+02,5.360000000000000000e+02,1.000000000000000000e+02,-8.700000000000000000e+01,4.000000000000000000e+00
1.000000000000000000e+00,1.600000000000000000e+01,1.600000000000000000e+01,2.730000000000000000e+02,5.150000000000000000e+02,2.480000000000000000e+02,5.360000000000000000e+02,1.000000000000000000e+02,-8.700000000000000000e+01,4.000000000000000000e+00
1.000000000000000000e+00,1.600000000000000000e+01,1.600000000000000000e+01,2.890000000000000000e+02,5.150000000000000000e+02,2.640000000000000000e+02,5.360000000000000000e+02,1.000000000000000000e+02,-8.700000000000000000e+01,4.000000000000000000e+00
1.000000000000000000e+00,1.600000000000000000e+01,8.000000000000000000e+00,3.050000000000000000e+02,5.110000000000000000e+02,2.800000000000000000e+02,5.320000000000000000e+02,1.000000000000000000e+02,-8.600000000000000000e+01,4.000000000000000000e+00
1.000000000000000000e+00,1.600000000000000000e+01,8.000000000000000000e+00,3.050000000000000000e+02,5.190000000000000000e+02,2.800000000000000000e+02,5.400000000000000000e+02,1.010000000000000000e+02,-8.700000000000000000e+01,4.000000000000000000e+00
1.000000000000000000e+00,1.600000000000000000e+01,1.600000000000000000e+01,3.190000000000000000e+02,5.160000000000000000e+02,2.960000000000000000e+02,5.360000000000000000e+02,9.500000000000000000e+01,-8.100000000000000000e+01,4.000000000000000000e+00
-1.000000000000000000e+00,1.600000000000000000e+01,1.600000000000000000e+01,2.860000000000000000e+02,5.560000000000000000e+02,3.120000000000000000e+02,5.360000000000000000e+02,-1.040000000000000000e+02,8.000000000000000000e+01,4.000000000000000000e+00
1.000000000000000000e+00,1.600000000000000000e+01,1.600000000000000000e+01,3.350000000000000000e+02,5.160000000000000000e+02,3.120000000000000000e+02,5.360000000000000000e+02,9.500000000000000000e+01,-8.100000000000000000e+01,4.000000000000000000e+00
-1.000000000000000000e+00,1.600000000000000000e+01,1.600000000000000000e+01,3.020000000000000000e+02,5.560000000000000000e+02,3.280000000000000000e+02,5.360000000000000000e+02,-1.040000000000000000e+02,8.000000000000000000e+01,4.000000000000000000e+00
1.000000000000000000e+00,1.600000000000000000e+01,1.600000000000000000e+01,3.510000000000000000e+02,5.160000000000000000e+02,3.280000000000000000e+02,5.360000000000000000e+02,9.500000000000000000e+01,-8.100000000000000000e+01,4.000000000000000000e+00
-1.000000000000000000e+00,1.600000000000000000e+01,1.600000000000000000e+01,3.180000000000000000e+02,5.550000000000000000e+02,3.440000000000000000e+02,5.360000000000000000e+02,-1.040000000000000000e+02,7.900000000000000000e+01,4.000000000000000000e+00
1.000000000000000000e+00,1.600000000000000000e+01,1.600000000000000000e+01,3.670000000000000000e+02,5.160000000000000000e+02,3.440000000000000000e+02,5.360000000000000000e+02,9.500000000000000000e+01,-8.100000000000000000e+01,4.000000000000000000e+00
-1.000000000000000000e+00,1.600000000000000000e+01,1.600000000000000000e+01,3.340000000000000000e+02,5.550000000000000000e+02,3.600000000000000000e+02,5.360000000000000000e+02,-1.040000000000000000e+02,7.900000000000000000e+01,4.000000000000000000e+00
1.000000000000000000e+00,1.600000000000000000e+01,1.600000000000000000e+01,3.830000000000000000e+02,5.160000000000000000e+02,3.600000000000000000e+02,5.360000000000000000e+02,9.500000000000000000e+01,-8.000000000000000000e+01,4.000000000000000000e+00
-1.000000000000000000e+00,1.600000000000000000e+01,1.600000000000000000e+01,3.500000000000000000e+02,5.550000000000000000e+02,3.760000000000000000e+02,5.360000000000000000e+02,-1.040000000000000000e+02,7.900000000000000000e+01,4.000000000000000000e+00
1.000000000000000000e+00,1.600000000000000000e+01,1.600000000000000000e+01,4.010000000000000000e+02,5.160000000000000000e+02,3.760000000000000000e+02,5.360000000000000000e+02,1.000000000000000000e+02,-8.000000000000000000e+01,4.000000000000000000e+00
-1.000000000000000000e+00,1.600000000000000000e+01,1.600000000000000000e+01,3.660000000000000000e+02,5.550000000000000000e+02,3.920000000000000000e+02,5.360000000000000000e+02,-1.040000000000000000e+02,7.700000000000000000e+01,4.000000000000000000e+00
1.000000000000000000e+00,1.600000000000000000e+01,1.600000000000000000e+01,4.170000000000000000e+02,5.160000000000000000e+02,3.920000000000000000e+02,5.360000000000000000e+02,1.000000000000000000e+02,-8.000000000000000000e+01,4.000000000000000000e+00
-1.000000000000000000e+00,1.600000000000000000e+01,1.600000000000000000e+01,3.820000000000000000e+02,5.550000000000000000e+02,4.080000000000000000e+02,5.360000000000000000e+02,-1.040000000000000000e+02,7.700000000000000000e+01,4.000000000000000000e+00
-1.000000000000000000e+00,1.600000000000000000e+01,1.600000000000000000e+01,3.980000000000000000e+02,5.550000000000000000e+02,4.240000000000000000e+02,5.360000000000000000e+02,-1.040000000000000000e+02,7.700000000000000000e+01,4.000000000000000000e+00
-1.000000000000000000e+00,1.600000000000000000e+01,1.600000000000000000e+01,4.130000000000000000e+02,5.470000000000000000e+02,4.400000000000000000e+02,5.360000000000000000e+02,-1.090000000000000000e+02,4.500000000000000000e+01,4.000000000000000000e+00
-1.000000000000000000e+00,8.000000000000000000e+00,1.600000000000000000e+01,4.240000000000000000e+02,5.470000000000000000e+02,4.520000000000000000e+02,5.360000000000000000e+02,-1.150000000000000000e+02,4.500000000000000000e+01,4.000000000000000000e+00
-1.000000000000000000e+00,8.000000000000000000e+00,1.600000000000000000e+01,4.600000000000000000e+02,5.360000000000000000e+02,4.600000000000000000e+02,5.360000000000000000e+02,0.000000000000000000e+00,0.000000000000000000e+00,4.000000000000000000e+00
1.000000000000000000e+00,8.000000000000000000e+00,1.600000000000000000e+01,4.520000000000000000e+02,5.360000000000000000e+02,4.520000000000000000e+02,5.360000000000000000e+02,0.000000000000000000e+00,0.000000000000000000e+00,4.000000000000000000e+00
1.000000000000000000e+00,8.000000000000000000e+00,1.600000000000000000e+01,4.920000000000000000e+02,5.160000000000000000e+02,4.600000000000000000e+02,5.360000000000000000e+02,1.290000000000000000e+02,-8.100000000000000000e+01,4.000000000000000000e+00
-1.000000000000000000e+00,1.600000000000000000e+01,1.600000000000000000e+01,4.420000000000000000e+02,5.360000000000000000e+02,4.720000000000000000e+02,5.360000000000000000e+02,-1.200000000000000000e+02,0.000000000000000000e+00,4.000000000000000000e+00
1.000000000000000000e+00,1.600000000000000000e+01,1.600000000000000000e+01,5.030000000000000000e+02,5.210000000000000000e+02,4.720000000000000000e+02,5.360000000000000000e+02,1.260000000000000000e+02,-6.000000000000000000e+01,4.000000000000000000e+00
1.000000000000000000e+00,1.600000000000000000e+01,1.600000000000000000e+01,5.180000000000000000e+02,5.150000000000000000e+02,4.880000000000000000e+02,5.360000000000000000e+02,1.210000000000000000e+02,-8.700000000000000000e+01,4.000000000000000000e+00
-1.000000000000000000e+00,1.600000000000000000e+01,1.600000000000000000e+01,4.830000000000000000e+02,5.560000000000000000e+02,5.040000000000000000e+02,5.360000000000000000e+02,-8.700000000000000000e+01,8.000000000000000000e+01,4.000000000000000000e+00
1.000000000000000000e+00,1.600000000000000000e+01,1.600000000000000000e+01,5.340000000000000000e+02,5.150000000000000000e+02,5.040000000000000000e+02,5.360000000000000000e+02,1.210000000000000000e+02,-8.700000000000000000e+01,4.000000000000000000e+00
-1.000000000000000000e+00,1.600000000000000000e+01,1.600000000000000000e+01,4.990000000000000000e+02,5.560000000000000000e+02,5.200000000000000000e+02,5.360000000000000000e+02,-8.700000000000000000e+01,8.000000000000000000e+01,4.000000000000000000e+00
-1.000000000000000000e+00,1.600000000000000000e+01,1.600000000000000000e+01,5.150000000000000000e+02,5.560000000000000000e+02,5.360000000000000000e+02,5.360000000000000000e+02,-8.700000000000000000e+01,8.000000000000000000e+01,4.000000000000000000e+00
1.000000000000000000e+00,1.600000000000000000e+01,1.600000000000000000e+01,5.590000000000000000e+02,5.230000000000000000e+02,5.520000000000000000e+02,5.360000000000000000e+02,2.900000000000000000e+01,-5.200000000000000000e+01,4.000000000000000000e+00
-1.000000000000000000e+00,1.600000000000000000e+01,1.600000000000000000e+01,5.840000000000000000e+02,5.280000000000000000e+02,5.840000000000000000e+02,5.360000000000000000e+02,0.000000000000000000e+00,-3.200000000000000000e+01,4.000000000000000000e+00
1.000000000000000000e+00,1.600000000000000000e+01,1.600000000000000000e+01,5.840000000000000000e+02,5.360000000000000000e+02,5.840000000000000000e+02,5.360000000000000000e+02,0.000000000000000000e+00,0.000000000000000000e+00,4.000000000000000000e+00
-1.000000000000000000e+00,1.600000000000000000e+01,1.600000000000000000e+01,6.000000000000000000e+02,5.360000000000000000e+02,6.000000000000000000e+02,5.360000000000000000e+02,0.000000000000000000e+00,0.000000000000000000e+00,4.000000000000000000e+00
1.000000000000000000e+00,1.600000000000000000e+01,1.600000000000000000e+01,6.000000000000000000e+02,5.360000000000000000e+02,6.000000000000000000e+02,5.360000000000000000e+02,0.000000000000000000e+00,0.000000000000000000e+00,4.000000000000000000e+00
-1.000000000000000000e+00,1.600000000000000000e+01,1.600000000000000000e+01,6.160000000000000000e+02,5.360000000000000000e+02,6.160000000000000000e+02,5.360000000000000000e+02,0.000000000000000000e+00,0.000000000000000000e+00,4.000000000000000000e+00
1.000000000000000000e+00,1.600000000000000000e+01,1.600000000000000000e+01,6.160000000000000000e+02,5.360000000000000000e+02,6.160000000000000000e+02,5.360000000000000000e+02,0.000000000000000000e+00,0.000000000000000000e+00,4.000000000000000000e+00
-1.000000000000000000e+00,1.600000000000000000e+01,8.000000000000000000e+00,6.320000000000000000e+02,5.320000000000000000e+02,6.320000000000000000e+02,5.320000000000000000e+02,0.000000000000000000e+00,0.000000000000000000e+00,4.000000000000000000e+00
-1.000000000000000000e+00,1.600000000000000000e+01,8.000000000000000000e+00,6.320000000000000000e+02,5.400000000000000000e+02,6.320000000000000000e+02,5.400000000000000000e+02,0.000000000000000000e+00,0.000000000000000000e+00,4.000000000000000000e+00
1.000000000000000000e+00,1.600000000000000000e+01,8.000000000000000000e+00,6.320000000000000000e+02,5.320000000000000000e+02,6.320000000000000000e+02,5.320000000000000000e+02,0.000000000000000000e+00,0.000000000000000000e+00,4.000000000000000000e+00
1.000000000000000000e+00,1.600000000000000000e+01,8.000000000000000000e+00,6.320000000000000000e+02,5.400000000000000000e+02,6.320000000000000000e+02,5.400000000000000000e+02,0.000000000000000000e+00,0.000000000000000000e+00,4.000000000000000000e+00
-1.000000000000000000e+00,1.600000000000000000e+01,1.600000000000000000e+01,6.450000000000000000e+02,5.440000000000000000e+02,6.480000000000000000e+02,5.360000000000000000e+02,-1.200000000000000000e+01,3.400000000000000000e+01,4.000000000000000000e+00
-1.000000000000000000e+00,1.600000000000000000e+01,1.600000000000000000e+01,6.620000000000000000e+02,5.450000000000000000e+02,6.640000000000000000e+02,5.360000000000000000e+02,-9.000000000000000000e+00,3.900000000000000000e+01,4.000000000000000000e+00
1.000000000000000000e+00,1.600000000000000000e+01,1.600000000000000000e+01,6.640000000000000000e+02,5.240000000000000000e+02,6.640000000000000000e+02,5.360000000000000000e+02,0.000000000000000000e+00,-5.100000000000000000e+01,4.000000000000000000e+00
1.000000000000000000e+00,1.600000000000000000e+01,1.600000000000000000e+01,6.820000000000000000e+02,5.250000000000000000e+02,6.800000000000000000e+02,5.360000000000000000e+02,8.000000000000000000e+00,-4.600000000000000000e+01,4.000000000000000000e+00
-1.000000000000000000e+00,1.600000000000000000e+01,1.600000000000000000e+01,6.940000000000000000e+02,5.450000000000000000e+02,6.960000000000000000e+02,5.360000000000000000e+02,-1.100000000000000000e+01,3.900000000000000000e+01,4.000000000000000000e+00
1.000000000000000000e+00,1.600000000000000000e+01,1.600000000000000000e+01,6.980000000000000000e+02,5.250000000000000000e+02,6.960000000000000000e+02,5.360000000000000000e+02,9.000000000000000000e+00,-4.600000000000000000e+01,4.000000000000000000e+00
1.000000000000000000e+00,1.600000000000000000e+01,1.600000000000000000e+01,7.140000000000000000e+02,5.230000000000000000e+02,7.120000000000000000e+02,5.360000000000000000e+02,9.000000000000000000e+00,-5.200000000000000000e+01,4.000000000000000000e+00
1.000000000000000000e+00,1.600000000000000000e+01,1.600000000000000000e+01,7.300000000000000000e+02,5.240000000000000000e+02,7.280000000000000000e+02,5.360000000000000000e+02,9.000000000000000000e+00,-5.100000000000000000e+01,4.000000000000000000e+00
1.000000000000000000e+00,1.600000000000000000e+01,1.600000000000000000e+01,7.460000000000000000e+02,5.240000000000000000e+02,7.440000000000000000e+02,5.360000000000000000e+02,9.000000000000000000e+00,-5.100000000000000000e+01,4.000000000000000000e+00
1.000000000000000000e+00,1.600000000000000000e+01,1.600000000000000000e+01,7.620000000000000000e+02,5.240000000000000000e+02,7.600000000000000000e+02,5.360000000000000000e+02,9.000000000000000000e+00,-5.000000000000000000e+01,4.000000000000000000e+00
-1.000000000000000000e+00,1.600000000000000000e+01,1.600000000000000000e+01,7.690000000000000000e+02,5.460000000000000000e+02,7.760000000000000000e+02,5.360000000000000000e+02,-2.800000000000000000e+01,4.300000000000000000e+01,4.000000000000000000e+00
1.000000000000000000e+00,1.600000000000000000e+01,1.600000000000000000e+01,7.780000000000000000e+02,5.240000000000000000e+02,7.760000000000000000e+02,5.360000000000000000e+02,9.000000000000000000e+00,-5.000000000000000000e+01,4.000000000000000000e+00
1.000000000000000000e+00,1.600000000000000000e+01,1.600000000000000000e+01,8.060000000000000000e+02,5.050000000000000000e+02,7.920000000000000000e+02,5.360000000000000000e+02,5.800000000000000000e+01,-1.270000000000000000e+02,4.000000000000000000e+00
1.000000000000000000e+00,1.600000000000000000e+01,1.600000000000000000e+01,8.250000000000000000e+02,5.050000000000000000e+02,8.080000000000000000e+02,5.360000000000000000e+02,6.800000000000000000e+01,-1.240000000000000000e+02,4.000000000000000000e+00
-1.000000000000000000e+00,1.600000000000000000e+01,1.600000000000000000e+01,8.310000000000000000e+02,5.570000000000000000e+02,8.400000000000000000e+02,5.360000000000000000e+02,-3.800000000000000000e+01,8.500000000000000000e+01,4.000000000000000000e+00
-1.000000000000000000e+00,1.600000000000000000e+01,1.600000000000000000e+01,8.500000000000000000e+02,5.490000000000000000e+02,8.560000000000000000e+02,5.360000000000000000e+02,-2.700000000000000000e+01,5.300000000000000000e+01,4.000000000000000000e+00
-1.000000000000000000e+00,1.600000000000000000e+01,1.600000000000000000e+01,9.050000000000000000e+02,5.510000000000000000e+02,9.200000000000000000e+02,5.360000000000000000e+02,-6.300000000000000000e+01,6.100000000000000000e+01,4.000000000000000000e+00
-1.000000000000000000e+00,1.600000000000000000e+01,1.600000000000000000e+01,9.210000000000000000e+02,5.510000000000000000e+02,9.360000000000000000e+02,5.360000000000000000e+02,-6.300000000000000000e+01,6.100000000000000000e+01,4.000000000000000000e+00
-1.000000000000000000e+00,1.600000000000000000e+01,1.600000000000000000e+01,9.520000000000000000e+02,5.360000000000000000e+02,9.520000000000000000e+02,5.360000000000000000e+02,0.000000000000000000e+00,0.000000000000000000e+00,4.000000000000000000e+00
-1.000000000000000000e+00,1.600000000000000000e+01,1.600000000000000000e+01,9.680000000000000000e+02,5.360000000000000000e+02,9.680000000000000000e+02,5.360000000000000000e+02,0.000000000000000000e+00,0.000000000000000000e+00,4.000000000000000000e+00
1.000000000000000000e+00,1.600000000000000000e+01,1.600000000000000000e+01,9.680000000000000000e+02,5.360000000000000000e+02,9.680000000000000000e+02,5.360000000000000000e+02,0.000000000000000000e+00,0.000000000000000000e+00,4.000000000000000000e+00
-1.000000000000000000e+00,1.600000000000000000e+01,1.600000000000000000e+01,9.840000000000000000e+02,5.360000000000000000e+02,9.840000000000000000e+02,5.360000000000000000e+02,0.000000000000000000e+00,0.000000000000000000e+00,4.000000000000000000e+00
1.000000000000000000e+00,1.600000000000000000e+01,1.600000000000000000e+01,9.840000000000000000e+02,5.360000000000000000e+02,9.840000000000000000e+02,5.360000000000000000e+02,0.000000000000000000e+00,0.000000000000000000e+00,4.000000000000000000e+00
-1.000000000000000000e+00,1.600000000000000000e+01,1.600000000000000000e+01,1.000000000000000000e+03,5.360000000000000000e+02,1.000000000000000000e+03,5.360000000000000000e+02,0.000000000000000000e+00,0.000000000000000000e+00,4.000000000000000000e+00
1.000000000000000000e+00,1.600000000000000000e+01,1.600000000000000000e+01,1.000000000000000000e+03,5.360000000000000000e+02,1.000000000000000000e+03,5.360000000000000000e+02,0.000000000000000000e+00,0.000000000000000000e+00,4.000000000000000000e+00
-1.000000000000000000e+00,1.600000000000000000e+01,1.600000000000000000e+01,1.016000000000000000e+03,5.360000000000000000e+02,1.016000000000000000e+03,5.360000000000000000e+02,0.000000000000000000e+00,0.000000000000000000e+00,4.000000000000000000e+00
1.000000000000000000e+00,1.600000000000000000e+01,1.600000000000000000e+01,1.016000000000000000e+03,5.360000000000000000e+02,1.016000000000000000e+03,5.360000000000000000e+02,0.000000000000000000e+00,0.000000000000000000e+00,4.000000000000000000e+00
-1.000000000000000000e+00,1.600000000000000000e+01,1.600000000000000000e+01,1.032000000000000000e+03,5.360000000000000000e+02,1.032000000000000000e+03,5.360000000000000000e+02,0.000000000000000000e+00,0.000000000000000000e+00,4.000000000000000000e+00
1.000000000000000000e+00,1.600000000000000000e+01,1.600000000000000000e+01,1.032000000000000000e+03,5.360000000000000000e+02,1.032000000000000000e+03,5.360000000000000000e+02,0.000000000000000000e+00,0.000000000000000000e+00,4.000000000000000000e+00
-1.000000000000000000e+00,1.600000000000000000e+01,1.600000000000000000e+01,1.048000000000000000e+03,5.360000000000000000e+02,1.048000000000000000e+03,5.360000000000000000e+02,0.000000000000000000e+00,0.000000000000000000e+00,4.000000000000000000e+00
1.000000000000000000e+00,1.600000000000000000e+01,1.600000000000000000e+01,1.048000000000000000e+03,5.360000000000000000e+02,1.048000000000000000e+03,5.360000000000000000e+02,0.000000000000000000e+00,0.000000000000000000e+00,4.000000000000000000e+00
-1.000000000000000000e+00,1.600000000000000000e+01,1.600000000000000000e+01,1.064000000000000000e+03,5.360000000000000000e+02,1.064000000000000000e+03,5.360000000000000000e+02,0.000000000000000000e+00,0.000000000000000000e+00,4.000000000000000000e+00
1.000000000000000000e+00,1.600000000000000000e+01,1.600000000000000000e+01,1.064000000000000000e+03,5.360000000000000000e+02,1.064000000000000000e+03,5.360000000000000000e+02,0.000000000000000000e+00,0.000000000000000000e+00,4.000000000000000000e+00
-1.000000000000000000e+00,1.600000000000000000e+01,1.600000000000000000e+01,1.080000000000000000e+03,5.360000000000000000e+02,1.080000000000000000e+03,5.360000000000000000e+02,0.000000000000000000e+00,0.000000000000000000e+00,4.000000000000000000e+00
1.000000000000000000e+00,1.600000000000000000e+01,1.600000000000000000e+01,1.080000000000000000e+03,5.360000000000000000e+02,1.080000000000000000e+03,5.360000000000000000e+02,0.000000000000000000e+00,0.000000000000000000e+00,4.000000000000000000e+00
-1.000000000000000000e+00,1.600000000000000000e+01,1.600000000000000000e+01,1.096000000000000000e+03,5.360000000000000000e+02,1.096000000000000000e+03,5.360000000000000000e+02,0.000000000000000000e+00,0.000000000000000000e+00,4.000000000000000000e+00
1.000000000000000000e+00,1.600000000000000000e+01,1.600000000000000000e+01,1.096000000000000000e+03,5.360000000000000000e+02,1.096000000000000000e+03,5.360000000000000000e+02,0.000000000000000000e+00,0.000000000000000000e+00,4.000000000000000000e+00
-1.000000000000000000e+00,1.600000000000000000e+01,1.600000000000000000e+01,1.112000000000000000e+03,5.360000000000000000e+02,1.112000000000000000e+03,5.360000000000000000e+02,0.000000000000000000e+00,0.000000000000000000e+00,4.000000000000000000e+00
-1.000000000000000000e+00,1.600000000000000000e+01,1.600000000000000000e+01,1.128000000000000000e+03,5.360000000000000000e+02,1.128000000000000000e+03,5.360000000000000000e+02,0.000000000000000000e+00,0.000000000000000000e+00,4.000000000000000000e+00
1.000000000000000000e+00,1.600000000000000000e+01,1.600000000000000000e+01,1.128000000000000000e+03,5.360000000000000000e+02,1.128000000000000000e+03,5.360000000000000000e+02,0.000000000000000000e+00,0.000000000000000000e+00,4.000000000000000000e+00
-1.000000000000000000e+00,1.600000000000000000e+01,1.600000000000000000e+01,1.144000000000000000e+03,5.360000000000000000e+02,1.144000000000000000e+03,5.360000000000000000e+02,0.000000000000000000e+00,0.000000000000000000e+00,4.000000000000000000e+00
1.000000000000000000e+00,1.600000000000000000e+01,1.600000000000000000e+01,1.144000000000000000e+03,5.360000000000000000e+02,1.144000000000000000e+03,5.360000000000000000e+02,0.000000000000000000e+00,0.000000000000000000e+00,4.000000000000000000e+00
-1.000000000000000000e+00,1.600000000000000000e+01,1.600000000000000000e+01,1.160000000000000000e+03,5.360000000000000000e+02,1.160000000000000000e+03,5.360000000000000000e+02,0.000000000000000000e+00,0.000000000000000000e+00,4.000000000000000000e+00
1.000000000000000000e+00,1.600000000000000000e+01,1.600000000000000000e+01,1.160000000000000000e+03,5.360000000000000000e+02,1.160000000000000000e+03,5.360000000000000000e+02,0.000000000000000000e+00,0.000000000000000000e+00,4.000000000000000000e+00
-1.000000000000000000e+00,1.600000000000000000e+01,1.600000000000000000e+01,1.176000000000000000e+03,5.360000000000000000e+02,1.176000000000000000e+03,5.360000000000000000e+02,0.000000000000000000e+00,0.000000000000000000e+00,4.000000000000000000e+00
-1.000000000000000000e+00,1.600000000000000000e+01,1.600000000000000000e+01,1.208000000000000000e+03,5.360000000000000000e+02,1.208000000000000000e+03,5.360000000000000000e+02,0.000000000000000000e+00,0.000000000000000000e+00,4.000000000000000000e+00
-1.000000000000000000e+00,1.600000000000000000e+01,1.600000000000000000e+01,1.224000000000000000e+03,5.360000000000000000e+02,1.224000000000000000e+03,5.360000000000000000e+02,0.000000000000000000e+00,0.000000000000000000e+00,4.000000000000000000e+00
-1.000000000000000000e+00,1.600000000000000000e+01,1.600000000000000000e+01,1.240000000000000000e+03,5.360000000000000000e+02,1.240000000000000000e+03,5.360000000000000000e+02,0.000000000000000000e+00,0.000000000000000000e+00,4.000000000000000000e+00
-1.000000000000000000e+00,1.600000000000000000e+01,1.600000000000000000e+01,1.256000000000000000e+03,5.360000000000000000e+02,1.256000000000000000e+03,5.360000000000000000e+02,0.000000000000000000e+00,0.000000000000000000e+00,4.000000000000000000e+00
-1.000000000000000000e+00,1.600000000000000000e+01,1.600000000000000000e+01,1.272000000000000000e+03,5.360000000000000000e+02,1.272000000000000000e+03,5.360000000000000000e+02,0.000000000000000000e+00,0.000000000000000000e+00,4.000000000000000000e+00
1.000000000000000000e+00,1.600000000000000000e+01,1.600000000000000000e+01,1.272000000000000000e+03,5.360000000000000000e+02,1.272000000000000000e+03,5.360000000000000000e+02,0.000000000000000000e+00,0.000000000000000000e+00,4.000000000000000000e+00
1.000000000000000000e+00,1.600000000000000000e+01,1.600000000000000000e+01,3.700000000000000000e+01,5.280000000000000000e+02,8.000000000000000000e+00,5.520000000000000000e+02,1.160000000000000000e+02,-9.600000000000000000e+01,4.000000000000000000e+00
1.000000000000000000e+00,1.600000000000000000e+01,1.600000000000000000e+01,5.200000000000000000e+01,5.290000000000000000e+02,2.400000000000000000e+01,5.520000000000000000e+02,1.130000000000000000e+02,-9.200000000000000000e+01,4.000000000000000000e+00
1.000000000000000000e+00,1.600000000000000000e+01,1.600000000000000000e+01,6.800000000000000000e+01,5.290000000000000000e+02,4.000000000000000000e+01,5.520000000000000000e+02,1.120000000000000000e+02,-9.200000000000000000e+01,4.000000000000000000e+00
-1.000000000000000000e+00,1.600000000000000000e+01,1.600000000000000000e+01,3.300000000000000000e+01,5.720000000000000000e+02,5.600000000000000000e+01,5.520000000000000000e+02,-9.200000000000000000e+01,8.000000000000000000e+01,4.000000000000000000e+00
1.000000000000000000e+00,1.600000000000000000e+01,1.600000000000000000e+01,8.100000000000000000e+01,5.310000000000000000e+02,5.600000000000000000e+01,5.520000000000000000e+02,1.000000000000000000e+02,-8.700000000000000000e+01,4.000000000000000000e+00
-1.000000000000000000e+00,1.600000000000000000e+01,1.600000000000000000e+01,4.900000000000000000e+01,5.720000000000000000e+02,7.200000000000000000e+01,5.520000000000000000e+02,-9.200000000000000000e+01,8.000000000000000000e+01,4.000000000000000000e+00
1.000000000000000000e+00,1.600000000000000000e+01,1.600000000000000000e+01,9.700000000000000000e+01,5.310000000000000000e+02,7.200000000000000000e+01,5.520000000000000000e+02,1.000000000000000000e+02,-8.700000000000000000e+01,4.000000000000000000e+00
1.000000000000000000e+00,1.600000000000000000e+01,1.600000000000000000e+01,1.150000000000000000e+02,5.300000000000000000e+02,8.800000000000000000e+01,5.520000000000000000e+02,1.090000000000000000e+02,-8.800000000000000000e+01,4.000000000000000000e+00
-1.000000000000000000e+00,1.600000000000000000e+01,1.600000000000000000e+01,7.900000000000000000e+01,5.730000000000000000e+02,1.040000000000000000e+02,5.520000000000000000e+02,-1.000000000000000000e+02,8.600000000000000000e+01,4.000000000000000000e+00
-1.000000000000000000e+00,1.600000000000000000e+01,1.600000000000000000e+01,9.700000000000000000e+01,5.730000000000000000e+02,1.200000000000000000e+02,5.520000000000000000e+02,-9.200000000000000000e+01,8.600000000000000000e+01,4.000000000000000000e+00
-1.000000000000000000e+00,1.600000000000000000e+01,1.600000000000000000e+01,1.130000000000000000e+02,5.730000000000000000e+02,1.360000000000000000e+02,5.520000000000000000e+02,-9.500000000000000000e+01,8.400000000000000000e+01,4.000000000000000000e+00
1.000000000000000000e+00,1.600000000000000000e+01,1.600000000000000000e+01,1.600000000000000000e+02,5.300000000000000000e+02,1.360000000000000000e+02,5.520000000000000000e+02,9.600000000000000000e+01,-8.800000000000000000e+01,4.000000000000000000e+00
-1.000000000000000000e+00,1.600000000000000000e+01,1.600000000000000000e+01,1.290000000000000000e+02,5.730000000000000000e+02,1.520000000000000000e+02,5.520000000000000000e+02,-9.500000000000000000e+01,8.400000000000000000e+01,4.000000000000000000e+00
1.000000000000000000e+00,1.600000000000000000e+01,1.600000000000000000e+01,1.760000000000000000e+02,5.300000000000000000e+02,1.520000000000000000e+02,5.520000000000000000e+02,9.700000000000000000e+01,-8.800000000000000000e+01,4.000000000000000000e+00
-1.000000000000000000e+00,1.600000000000000000e+01,1.600000000000000000e+01,1.440000000000000000e+02,5.730000000000000000e+02,1.680000000000000000e+02,5.520000000000000000e+02,-9.600000000000000000e+01,8.400000000000000000e+01,4.000000000000000000e+00
1.000000000000000000e+00,1.600000000000000000e+01,1.600000000000000000e+01,1.930000000000000000e+02,5.300000000000000000e+02,1.680000000000000000e+02,5.520000000000000000e+02,1.000000000000000000e+02,-8.800000000000000000e+01,4.000000000000000000e+00
-1.000000000000000000e+00,1.600000000000000000e+01,1.600000000000000000e+01,1.600000000000000000e+02,5.730000000000000000e+02,1.840000000000000000e+02,5.520000000000000000e+02,-9.600000000000000000e+01,8.400000000000000000e+01,4.000000000000000000e+00
1.000000000000000000e+00,1.600000000000000000e+01,1.600000000000000000e+01,2.090000000000000000e+02,5.310000000000000000e+02,1.840000000000000000e+02,5.520000000000000000e+02,1.000000000000000000e+02,-8.700000000000000000e+01,4.000000000000000000e+00
-1.000000000000000000e+00,1.600000000000000000e+01,1.600000000000000000e+01,1.760000000000000000e+02,5.730000000000000000e+02,2.000000000000000000e+02,5.520000000000000000e+02,-9.600000000000000000e+01,8.400000000000000000e+01,4.000000000000000000e+00
1.000000000000000000e+00,1.600000000000000000e+01,1.600000000000000000e+01,2.250000000000000000e+02,5.310000000000000000e+02,2.000000000000000000e+02,5.520000000000000000e+02,1.000000000000000000e+02,-8.700000000000000000e+01,4.000000000000000000e+00
-1.000000000000000000e+00,1.600000000000000000e+01,1.600000000000000000e+01,1.920000000000000000e+02,5.730000000000000000e+02,2.160000000000000000e+02,5.520000000000000000e+02,-9.600000000000000000e+01,8.400000000000000000e+01,4.000000000000000000e+00
1.000000000000000000e+00,1.600000000000000000e+01,1.600000000000000000e+01,2.410000000000000000e+02,5.310000000000000000e+02,2.160000000000000000e+02,5.520000000000000000e+02,1.000000000000000000e+02,-8.700000000000000000e+01,4.000000000000000000e+00
-1.000000000000000000e+00,1.600000000000000000e+01,1.600000000000000000e+01,2.080000000000000000e+02,5.730000000000000000e+02,2.320000000000000000e+02,5.520000000000000000e+02,-9.600000000000000000e+01,8.400000000000000000e+01,4.000000000000000000e+00
1.000000000000000000e+00,1.600000000000000000e+01,1.600000000000000000e+01,2.570000000000000000e+02,5.310000000000000000e+02,2.320000000000000000e+02,5.520000000000000000e+02,1.000000000000000000e+02,-8.700000000000000000e+01,4.000000000000000000e+00
-1.000000000000000000e+00,1.600000000000000000e+01,1.600000000000000000e+01,2.240000000000000000e+02,5.730000000000000000e+02,2.480000000000000000e+02,5.520000000000000000e+02,-9.600000000000000000e+01,8.400000000000000000e+01,4.000000000000000000e+00
1.000000000000000000e+00,1.600000000000000000e+01,1.600000000000000000e+01,2.730000000000000000e+02,5.310000000000000000e+02,2.480000000000000000e+02,5.520000000000000000e+02,1.000000000000000000e+02,-8.700000000000000000e+01,4.000000000000000000e+00
1.000000000000000000e+00,8.000000000000000000e+00,1.600000000000000000e+01,2.840000000000000000e+02,5.310000000000000000e+02,2.600000000000000000e+02,5.520000000000000000e+02,9.800000000000000000e+01,-8.500000000000000000e+01,4.000000000000000000e+00
1.000000000000000000e+00,8.000000000000000000e+00,1.600000000000000000e+01,2.930000000000000000e+02,5.310000000000000000e+02,2.680000000000000000e+02,5.520000000000000000e+02,1.010000000000000000e+02,-8.700000000000000000e+01,4.000000000000000000e+00
1.000000000000000000e+00,1.600000000000000000e+01,1.600000000000000000e+01,3.050000000000000000e+02,5.310000000000000000e+02,2.800000000000000000e+02,5.520000000000000000e+02,1.020000000000000000e+02,-8.700000000000000000e+01,4.000000000000000000e+00
1.000000000000000000e+00,1.600000000000000000e+01,1.600000000000000000e+01,3.190000000000000000e+02,5.320000000000000000e+02,2.960000000000000000e+02,5.520000000000000000e+02,9.500000000000000000e+01,-8.100000000000000000e+01,4.000000000000000000e+00
-1.000000000000000000e+00,1.600000000000000000e+01,1.600000000000000000e+01,3.020000000000000000e+02,5.710000000000000000e+02,3.280000000000000000e+02,5.520000000000000000e+02,-1.040000000000000000e+02,7.900000000000000000e+01,4.000000000000000000e+00
1.000000000000000000e+00,1.600000000000000000e+01,1.600000000000000000e+01,3.510000000000000000e+02,5.320000000000000000e+02,3.280000000000000000e+02,5.520000000000000000e+02,9.500000000000000000e+01,-8.100000000000000000e+01,4.000000000000000000e+00
-1.000000000000000000e+00,1.600000000000000000e+01,1.600000000000000000e+01,3.180000000000000000e+02,5.710000000000000000e+02,3.440000000000000000e+02,5.520000000000000000e+02,-1.040000000000000000e+02,7.900000000000000000e+01,4.000000000000000000e+00
1.000000000000000000e+00,1.600000000000000000e+01,1.600000000000000000e+01,3.670000000000000000e+02,5.320000000000000000e+02,3.440000000000000000e+02,5.520000000000000000e+02,9.500000000000000000e+01,-8.100000000000000000e+01,4.000000000000000000e+00
-1.000000000000000000e+00,1.600000000000000000e+01,1.600000000000000000e+01,3.600000000000000000e+02,5.520000000000000000e+02,3.600000000000000000e+02,5.520000000000000000e+02,0.000000000000000000e+00,0.000000000000000000e+00,4.000000000000000000e+00
1.000000000000000000e+00,1.600000000000000000e+01,1.600000000000000000e+01,3.600000000000000000e+02,5.520000000000000000e+02,3.600000000000000000e+02,5.520000000000000000e+02,0.000000000000000000e+00,0.000000000000000000e+00,4.000000000000000000e+00
-1.000000000000000000e+00,1.600000000000000000e+01,1.600000000000000000e+01,3.500000000000000000e+02,5.710000000000000000e+02,3.760000000000000000e+02,5.520000000000000000e+02,-1.040000000000000000e+02,7.700000000000000000e+01,4.000000000000000000e+00
1.000000000000000000e+00,1.600000000000000000e+01,1.600000000000000000e+01,4.010000000000000000e+02,5.320000000000000000e+02,3.760000000000000000e+02,5.520000000000000000e+02,1.000000000000000000e+02,-8.000000000000000000e+01,4.000000000000000000e+00
-1.000000000000000000e+00,1.600000000000000000e+01,1.600000000000000000e+01,3.660000000000000000e+02,5.710000000000000000e+02,3.920000000000000000e+02,5.520000000000000000e+02,-1.040000000000000000e+02,7.700000000000000000e+01,4.000000000000000000e+00
1.000000000000000000e+00,1.600000000000000000e+01,1.600000000000000000e+01,4.170000000000000000e+02,5.320000000000000000e+02,3.920000000000000000e+02,5.520000000000000000e+02,1.000000000000000000e+02,-8.000000000000000000e+01,4.000000000000000000e+00
1.000000000000000000e+00,1.600000000000000000e+01,1.600000000000000000e+01,4.320000000000000000e+02,5.320000000000000000e+02,4.080000000000000000e+02,5.520000000000000000e+02,9.900000000000000000e+01,-8.000000000000000000e+01,4.000000000000000000e+00
-1.000000000000000000e+00,1.600000000000000000e+01,1.600000000000000000e+01,4.280000000000000000e+02,5.520000000000000000e+02,4.560000000000000000e+02,5.520000000000000000e+02,-1.150000000000000000e+02,0.000000000000000000e+00,4.000000000000000000e+00
1.000000000000000000e+00,1.600000000000000000e+01,1.600000000000000000e+01,4.870000000000000000e+02,5.370000000000000000e+02,4.560000000000000000e+02,5.520000000000000000e+02,1.260000000000000000e+02,-6.000000000000000000e+01,4.000000000000000000e+00
-1.000000000000000000e+00,1.600000000000000000e+01,1.600000000000000000e+01,4.440000000000000000e+02,5.520000000000000000e+02,4.720000000000000000e+02,5.520000000000000000e+02,-1.150000000000000000e+02,0.000000000000000000e+00,4.000000000000000000e+00
1.000000000000000000e+00,1.600000000000000000e+01,1.600000000000000000e+01,5.030000000000000000e+02,5.370000000000000000e+02,4.720000000000000000e+02,5.520000000000000000e+02,1.260000000000000000e+02,-6.000000000000000000e+01,4.000000000000000000e+00
-1.000000000000000000e+00,1.600000000000000000e+01,1.600000000000000000e+01,4.610000000000000000e+02,5.610000000000000000e+02,4.880000000000000000e+02,5.520000000000000000e+02,-1.080000000000000000e+02,3.700000000000000000e+01,4.000000000000000000e+00
1.000000000000000000e+00,1.600000000000000000e+01,1.600000000000000000e+01,5.170000000000000000e+02,5.310000000000000000e+02,4.880000000000000000e+02,5.520000000000000000e+02,1.180000000000000000e+02,-8.700000000000000000e+01,4.000000000000000000e+00
1.000000000000000000e+00,1.600000000000000000e+01,1.600000000000000000e+01,5.350000000000000000e+02,5.310000000000000000e+02,5.040000000000000000e+02,5.520000000000000000e+02,1.240000000000000000e+02,-8.700000000000000000e+01,4.000000000000000000e+00
-1.000000000000000000e+00,1.600000000000000000e+01,1.600000000000000000e+01,5.150000000000000000e+02,5.720000000000000000e+02,5.360000000000000000e+02,5.520000000000000000e+02,-8.700000000000000000e+01,8.000000000000000000e+01,4.000000000000000000e+00
1.000000000000000000e+00,1.600000000000000000e+01,1.600000000000000000e+01,5.430000000000000000e+02,5.390000000000000000e+02,5.360000000000000000e+02,5.520000000000000000e+02,2.900000000000000000e+01,-5.200000000000000000e+01,4.000000000000000000e+00
1.000000000000000000e+00,1.600000000000000000e+01,1.600000000000000000e+01,5.590000000000000000e+02,5.390000000000000000e+02,5.520000000000000000e+02,5.520000000000000000e+02,2.900000000000000000e+01,-5.200000000000000000e+01,4.000000000000000000e+00
-1.000000000000000000e+00,1.600000000000000000e+01,1.600000000000000000e+01,5.680000000000000000e+02,5.520000000000000000e+02,5.680000000000000000e+02,5.520000000000000000e+02,0.000000000000000000e+00,0.000000000000000000e+00,4.000000000000000000e+00
-1.000000000000000000e+00,1.600000000000000000e+01,1.600000000000000000e+01,5.840000000000000000e+02,5.520000000000000000e+02,5.840000000000000000e+02,5.520000000000000000e+02,0.000000000000000000e+00,0.000000000000000000e+00,4.000000000000000000e+00
-1.000000000000000000e+00,1.600000000000000000e+01,1.600000000000000000e+01,6.000000000000000000e+02,5.520000000000000000e+02,6.000000000000000000e+02,5.520000000000000000e+02,0.000000000000000000e+00,0.000000000000000000e+00,4.000000000000000000e+00
1.000000000000000000e+00,1.600000000000000000e+01,1.600000000000000000e+01,6.000000000000000000e+02,5.520000000000000000e+02,6.000000000000000000e+02,5.520000000000000000e+02,0.000000000000000000e+00,0.000000000000000000e+00,4.000000000000000000e+00
-1.000000000000000000e+00,1.600000000000000000e+01,1.600000000000000000e+01,6.160000000000000000e+02,5.520000000000000000e+02,6.160000000000000000e+02,5.520000000000000000e+02,0.000000000000000000e+00,0.000000000000000000e+00,4.000000000000000000e+00
1.000000000000000000e+00,1.600000000000000000e+01,1.600000000000000000e+01,6.160000000000000000e+02,5.520000000000000000e+02,6.160000000000000000e+02,5.520000000000000000e+02,0.000000000000000000e+00,0.000000000000000000e+00,4.000000000000000000e+00
-1.000000000000000000e+00,1.600000000000000000e+01,1.600000000000000000e+01,6.320000000000000000e+02,5.520000000000000000e+02,6.320000000000000000e+02,5.520000000000000000e+02,0.000000000000000000e+00,0.000000000000000000e+00,4.000000000000000000e+00
1.000000000000000000e+00,1.600000000000000000e+01,1.600000000000000000e+01,6.320000000000000000e+02,5.520000000000000000e+02,6.320000000000000000e+02,5.520000000000000000e+02,0.000000000000000000e+00,0.000000000000000000e+00,4.000000000000000000e+00
1.000000000000000000e+00,1.600000000000000000e+01,1.600000000000000000e+01,6.480000000000000000e+02,5.520000000000000000e+02,6.480000000000000000e+02,5.520000000000000000e+02,0.000000000000000000e+00,0.000000000000000000e+00,4.000000000000000000e+00
-1.000000000000000000e+00,1.600000000000000000e+01,1.600000000000000000e+01,6.620000000000000000e+02,5.610000000000000000e+02,6.640000000000000000e+02,5.520000000000000000e+02,-9.000000000000000000e+00,3.900000000000000000e+01,4.000000000000000000e+00
1.000000000000000000e+00,1.600000000000000000e+01,1.600000000000000000e+01,6.640000000000000000e+02,5.410000000000000000e+02,6.640000000000000000e+02,5.520000000000000000e+02,0.000000000000000000e+00,-4.600000000000000000e+01,4.000000000000000000e+00
-1.000000000000000000e+00,1.600000000000000000e+01,1.600000000000000000e+01,6.780000000000000000e+02,5.610000000000000000e+02,6.800000000000000000e+02,5.520000000000000000e+02,-9.000000000000000000e+00,3.900000000000000000e+01,4.000000000000000000e+00
1.000000000000000000e+00,1.600000000000000000e+01,1.600000000000000000e+01,6.820000000000000000e+02,5.410000000000000000e+02,6.800000000000000000e+02,5.520000000000000000e+02,8.000000000000000000e+00,-4.600000000000000000e+01,4.000000000000000000e+00
1.000000000000000000e+00,1.600000000000000000e+01,1.600000000000000000e+01,6.980000000000000000e+02,5.410000000000000000e+02,6.960000000000000000e+02,5.520000000000000000e+02,1.100000000000000000e+01,-4.600000000000000000e+01,4.000000000000000000e+00
1.000000000000000000e+00,1.600000000000000000e+01,1.600000000000000000e+01,7.140000000000000000e+02,5.400000000000000000e+02,7.120000000000000000e+02,5.520000000000000000e+02,9.000000000000000000e+00,-4.900000000000000000e+01,4.000000000000000000e+00
1.000000000000000000e+00,1.600000000000000000e+01,1.600000000000000000e+01,7.300000000000000000e+02,5.400000000000000000e+02,7.280000000000000000e+02,5.520000000000000000e+02,9.000000000000000000e+00,-5.100000000000000000e+01,4.000000000000000000e+00
1.000000000000000000e+00,1.600000000000000000e+01,1.600000000000000000e+01,7.460000000000000000e+02,5.400000000000000000e+02,7.440000000000000000e+02,5.520000000000000000e+02,9.000000000000000000e+00,-5.100000000000000000e+01,4.000000000000000000e+00
-1.000000000000000000e+00,1.600000000000000000e+01,1.600000000000000000e+01,7.530000000000000000e+02,5.620000000000000000e+02,7.600000000000000000e+02,5.520000000000000000e+02,-2.800000000000000000e+01,4.300000000000000000e+01,4.000000000000000000e+00
-1.000000000000000000e+00,8.000000000000000000e+00,8.000000000000000000e+00,7.650000000000000000e+02,5.580000000000000000e+02,7.720000000000000000e+02,5.480000000000000000e+02,-2.800000000000000000e+01,4.300000000000000000e+01,4.000000000000000000e+00
-1.000000000000000000e+00,8.000000000000000000e+00,8.000000000000000000e+00,7.730000000000000000e+02,5.580000000000000000e+02,7.800000000000000000e+02,5.480000000000000000e+02,-2.800000000000000000e+01,4.300000000000000000e+01,4.000000000000000000e+00
-1.000000000000000000e+00,8.000000000000000000e+00,8.000000000000000000e+00,7.650000000000000000e+02,5.660000000000000000e+02,7.720000000000000000e+02,5.560000000000000000e+02,-2.800000000000000000e+01,4.300000000000000000e+01,4.000000000000000000e+00
-1.000000000000000000e+00,8.000000000000000000e+00,8.000000000000000000e+00,7.800000000000000000e+02,5.560000000000000000e+02,7.800000000000000000e+02,5.560000000000000000e+02,0.000000000000000000e+00,0.000000000000000000e+00,4.000000000000000000e+00
1.000000000000000000e+00,8.000000000000000000e+00,8.000000000000000000e+00,7.740000000000000000e+02,5.360000000000000000e+02,7.720000000000000000e+02,5.480000000000000000e+02,9.000000000000000000e+00,-5.000000000000000000e+01,4.000000000000000000e+00
1.000000000000000000e+00,8.000000000000000000e+00,8.000000000000000000e+00,7.820000000000000000e+02,5.360000000000000000e+02,7.800000000000000000e+02,5.480000000000000000e+02,9.000000000000000000e+00,-5.000000000000000000e+01,4.000000000000000000e+00
1.000000000000000000e+00,8.000000000000000000e+00,8.000000000000000000e+00,7.720000000000000000e+02,5.560000000000000000e+02,7.720000000000000000e+02,5.560000000000000000e+02,0.000000000000000000e+00,0.000000000000000000e+00,4.000000000000000000e+00
1.000000000000000000e+00,8.000000000000000000e+00,8.000000000000000000e+00,7.870000000000000000e+02,5.440000000000000000e+02,7.800000000000000000e+02,5.560000000000000000e+02,3.100000000000000000e+01,-5.000000000000000000e+01,4.000000000000000000e+00
1.000000000000000000e+00,1.600000000000000000e+01,1.600000000000000000e+01,8.080000000000000000e+02,5.280000000000000000e+02,7.920000000000000000e+02,5.520000000000000000e+02,6.500000000000000000e+01,-9.700000000000000000e+01,4.000000000000000000e+00
-1.000000000000000000e+00,8.000000000000000000e+00,1.600000000000000000e+01,8.270000000000000000e+02,5.730000000000000000e+02,8.360000000000000000e+02,5.520000000000000000e+02,-3.800000000000000000e+01,8.500000000000000000e+01,4.000000000000000000e+00
-1.000000000000000000e+00,8.000000000000000000e+00,1.600000000000000000e+01,8.440000000000000000e+02,5.520000000000000000e+02,8.440000000000000000e+02,5.520000000000000000e+02,0.000000000000000000e+00,0.000000000000000000e+00,4.000000000000000000e+00
1.000000000000000000e+00,8.000000000000000000e+00,1.600000000000000000e+01,8.360000000000000000e+02,5.520000000000000000e+02,8.360000000000000000e+02,5.520000000000000000e+02,0.000000000000000000e+00,0.000000000000000000e+00,4.000000000000000000e+00
1.000000000000000000e+00,8.000000000000000000e+00,1.600000000000000000e+01,8.470000000000000000e+02,5.330000000000000000e+02,8.440000000000000000e+02,5.520000000000000000e+02,1.400000000000000000e+01,-7.800000000000000000e+01,4.000000000000000000e+00
-1.000000000000000000e+00,1.600000000000000000e+01,1.600000000000000000e+01,8.500000000000000000e+02,5.650000000000000000e+02,8.560000000000000000e+02,5.520000000000000000e+02,-2.700000000000000000e+01,5.300000000000000000e+01,4.000000000000000000e+00
1.000000000000000000e+00,1.600000000000000000e+01,1.600000000000000000e+01,8.590000000000000000e+02,5.330000000000000000e+02,8.560000000000000000e+02,5.520000000000000000e+02,1.400000000000000000e+01,-7.800000000000000000e+01,4.000000000000000000e+00
-1.000000000000000000e+00,1.600000000000000000e+01,1.600000000000000000e+01,9.050000000000000000e+02,5.670000000000000000e+02,9.200000000000000000e+02,5.520000000000000000e+02,-6.300000000000000000e+01,6.100000000000000000e+01,4.000000000000000000e+00
-1.000000000000000000e+00,1.600000000000000000e+01,1.600000000000000000e+01,9.210000000000000000e+02,5.670000000000000000e+02,9.360000000000000000e+02,5.520000000000000000e+02,-6.300000000000000000e+01,6.100000000000000000e+01,4.000000000000000000e+00
-1.000000000000000000e+00,1.600000000000000000e+01,1.600000000000000000e+01,9.520000000000000000e+02,5.520000000000000000e+02,9.520000000000000000e+02,5.520000000000000000e+02,0.000000000000000000e+00,0.000000000000000000e+00,4.000000000000000000e+00
-1.000000000000000000e+00,1.600000000000000000e+01,1.600000000000000000e+01,9.680000000000000000e+02,5.520000000000000000e+02,9.680000000000000000e+02,5.520000000000000000e+02,0.000000000000000000e+00,0.000000000000000000e+00,4.000000000000000000e+00
1.000000000000000000e+00,1.600000000000000000e+01,1.600000000000000000e+01,9.680000000000000000e+02,5.520000000000000000e+02,9.680000000000000000e+02,5.520000000000000000e+02,0.000000000000000000e+00,0.000000000000000000e+00,4.000000000000000000e+00
-1.000000000000000000e+00,1.600000000000000000e+01,1.600000000000000000e+01,9.840000000000000000e+02,5.520000000000000000e+02,9.840000000000000000e+02,5.520000000000000000e+02,0.000000000000000000e+00,0.000000000000000000e+00,4.000000000000000000e+00
1.000000000000000000e+00,1.600000000000000000e+01,1.600000000000000000e+01,9.840000000000000000e+02,5.520000000000000000e+02,9.840000000000000000e+02,5.520000000000000000e+02,0.000000000000000000e+00,0.000000000000000000e+00,4.000000000000000000e+00
-1.000000000000000000e+00,1.600000000000000000e+01,1.600000000000000000e+01,1.000000000000000000e+03,5.520000000000000000e+02,1.000000000000000000e+03,5.520000000000000000e+02,0.000000000000000000e+00,0.000000000000000000e+00,4.000000000000000000e+00
1.000000000000000000e+00,1.600000000000000000e+01,1.600000000000000000e+01,1.000000000000000000e+03,5.520000000000000000e+02,1.000000000000000000e+03,5.520000000000000000e+02,0.000000000000000000e+00,0.000000000000000000e+00,4.000000000000000000e+00
-1.000000000000000000e+00,1.600000000000000000e+01,1.600000000000000000e+01,1.016000000000000000e+03,5.520000000000000000e+02,1.016000000000000000e+03,5.520000000000000000e+02,0.000000000000000000e+00,0.000000000000000000e+00,4.000000000000000000e+00
1.000000000000000000e+00,1.600000000000000000e+01,1.600000000000000000e+01,1.016000000000000000e+03,5.520000000000000000e+02,1.016000000000000000e+03,5.520000000000000000e+02,0.000000000000000000e+00,0.000000000000000000e+00,4.000000000000000000e+00
-1.000000000000000000e+00,1.600000000000000000e+01,1.600000000000000000e+01,1.032000000000000000e+03,5.520000000000000000e+02,1.032000000000000000e+03,5.520000000000000000e+02,0.000000000000000000e+00,0.000000000000000000e+00,4.000000000000000000e+00
1.000000000000000000e+00,1.600000000000000000e+01,1.600000000000000000e+01,1.032000000000000000e+03,5.520000000000000000e+02,1.032000000000000000e+03,5.520000000000000000e+02,0.000000000000000000e+00,0.000000000000000000e+00,4.000000000000000000e+00
-1.000000000000000000e+00,1.600000000000000000e+01,1.600000000000000000e+01,1.048000000000000000e+03,5.520000000000000000e+02,1.048000000000000000e+03,5.520000000000000000e+02,0.000000000000000000e+00,0.000000000000000000e+00,4.000000000000000000e+00
1.000000000000000000e+00,1.600000000000000000e+01,1.600000000000000000e+01,1.048000000000000000e+03,5.520000000000000000e+02,1.048000000000000000e+03,5.520000000000000000e+02,0.000000000000000000e+00,0.000000000000000000e+00,4.000000000000000000e+00
-1.000000000000000000e+00,1.600000000000000000e+01,1.600000000000000000e+01,1.064000000000000000e+03,5.520000000000000000e+02,1.064000000000000000e+03,5.520000000000000000e+02,0.000000000000000000e+00,0.000000000000000000e+00,4.000000000000000000e+00
1.000000000000000000e+00,1.600000000000000000e+01,1.600000000000000000e+01,1.064000000000000000e+03,5.520000000000000000e+02,1.064000000000000000e+03,5.520000000000000000e+02,0.000000000000000000e+00,0.000000000000000000e+00,4.000000000000000000e+00
-1.000000000000000000e+00,1.600000000000000000e+01,1.600000000000000000e+01,1.080000000000000000e+03,5.520000000000000000e+02,1.080000000000000000e+03,5.520000000000000000e+02,0.000000000000000000e+00,0.000000000000000000e+00,4.000000000000000000e+00
-1.000000000000000000e+00,1.600000000000000000e+01,1.600000000000000000e+01,1.096000000000000000e+03,5.520000000000000000e+02,1.096000000000000000e+03,5.520000000000000000e+02,0.000000000000000000e+00,0.000000000000000000e+00,4.000000000000000000e+00
1.000000000000000000e+00,1.600000000000000000e+01,1.600000000000000000e+01,1.096000000000000000e+03,5.520000000000000000e+02,1.096000000000000000e+03,5.520000000000000000e+02,0.000000000000000000e+00,0.000000000000000000e+00,4.000000000000000000e+00
-1.000000000000000000e+00,1.600000000000000000e+01,1.600000000000000000e+01,1.112000000000000000e+03,5.520000000000000000e+02,1.112000000000000000e+03,5.520000000000000000e+02,0.000000000000000000e+00,0.000000000000000000e+00,4.000000000000000000e+00
-1.000000000000000000e+00,1.600000000000000000e+01,1.600000000000000000e+01,1.128000000000000000e+03,5.520000000000000000e+02,1.128000000000000000e+03,5.520000000000000000e+02,0.000000000000000000e+00,0.000000000000000000e+00,4.000000000000000000e+00
1.000000000000000000e+00,1.600000000000000000e+01,1.600000000000000000e+01,1.128000000000000000e+03,5.520000000000000000e+02,1.128000000000000000e+03,5.520000000000000000e+02,0.000000000000000000e+00,0.000000000000000000e+00,4.000000000000000000e+00
-1.000000000000000000e+00,1.600000000000000000e+01,1.600000000000000000e+01,1.144000000000000000e+03,5.520000000000000000e+02,1.144000000000000000e+03,5.520000000000000000e+02,0.000000000000000000e+00,0.000000000000000000e+00,4.000000000000000000e+00
1.000000000000000000e+00,1.600000000000000000e+01,1.600000000000000000e+01,1.144000000000000000e+03,5.520000000000000000e+02,1.144000000000000000e+03,5.520000000000000000e+02,0.000000000000000000e+00,0.000000000000000000e+00,4.000000000000000000e+00
-1.000000000000000000e+00,1.600000000000000000e+01,1.600000000000000000e+01,1.173000000000000000e+03,5.520000000000000000e+02,1.160000000000000000e+03,5.520000000000000000e+02,5.200000000000000000e+01,0.000000000000000000e+00,4.000000000000000000e+00
-1.000000000000000000e+00,1.600000000000000000e+01,1.600000000000000000e+01,1.176000000000000000e+03,5.520000000000000000e+02,1.176000000000000000e+03,5.520000000000000000e+02,0.000000000000000000e+00,0.000000000000000000e+00,4.000000000000000000e+00
1.000000000000000000e+00,1.600000000000000000e+01,1.600000000000000000e+01,1.219000000000000000e+03,5.350000000000000000e+02,1.192000000000000000e+03,5.520000000000000000e+02,1.110000000000000000e+02,-7.100000000000000000e+01,4.000000000000000000e+00
1.000000000000000000e+00,8.000000000000000000e+00,1.600000000000000000e+01,1.234000000000000000e+03,5.350000000000000000e+02,1.204000000000000000e+03,5.520000000000000000e+02,1.220000000000000000e+02,-7.100000000000000000e+01,4.000000000000000000e+00
1.000000000000000000e+00,8.000000000000000000e+00,1.600000000000000000e+01,1.242000000000000000e+03,5.350000000000000000e+02,1.212000000000000000e+03,5.520000000000000000e+02,1.220000000000000000e+02,-7.100000000000000000e+01,4.000000000000000000e+00
-1.000000000000000000e+00,1.600000000000000000e+01,1.600000000000000000e+01,1.224000000000000000e+03,5.520000000000000000e+02,1.224000000000000000e+03,5.520000000000000000e+02,0.000000000000000000e+00,0.000000000000000000e+00,4.000000000000000000e+00
1.000000000000000000e+00,1.600000000000000000e+01,1.600000000000000000e+01,1.254000000000000000e+03,5.350000000000000000e+02,1.224000000000000000e+03,5.520000000000000000e+02,1.220000000000000000e+02,-7.100000000000000000e+01,4.000000000000000000e+00
-1.000000000000000000e+00,1.600000000000000000e+01,1.600000000000000000e+01,1.240000000000000000e+03,5.520000000000000000e+02,1.240000000000000000e+03,5.520000000000000000e+02,0.000000000000000000e+00,0.000000000000000000e+00,4.000000000000000000e+00
-1.000000000000000000e+00,1.600000000000000000e+01,1.600000000000000000e+01,1.256000000000000000e+03,5.520000000000000000e+02,1.256000000000000000e+03,5.520000000000000000e+02,0.000000000000000000e+00,0.000000000000000000e+00,4.000000000000000000e+00
1.000000000000000000e+00,1.600000000000000000e+01,1.600000000000000000e+01,1.256000000000000000e+03,5.520000000000000000e+02,1.256000000000000000e+03,5.520000000000000000e+02,0.000000000000000000e+00,0.000000000000000000e+00,4.000000000000000000e+00
-1.000000000000000000e+00,1.600000000000000000e+01,1.600000000000000000e+01,1.272000000000000000e+03,5.520000000000000000e+02,1.272000000000000000e+03,5.520000000000000000e+02,0.000000000000000000e+00,0.000000000000000000e+00,4.000000000000000000e+00
1.000000000000000000e+00,1.600000000000000000e+01,1.600000000000000000e+01,1.272000000000000000e+03,5.520000000000000000e+02,1.272000000000000000e+03,5.520000000000000000e+02,0.000000000000000000e+00,0.000000000000000000e+00,4.000000000000000000e+00
1.000000000000000000e+00,1.600000000000000000e+01,1.600000000000000000e+01,3.600000000000000000e+01,5.450000000000000000e+02,8.000000000000000000e+00,5.680000000000000000e+02,1.130000000000000000e+02,-9.200000000000000000e+01,4.000000000000000000e+00
1.000000000000000000e+00,1.600000000000000000e+01,1.600000000000000000e+01,5.200000000000000000e+01,5.450000000000000000e+02,2.400000000000000000e+01,5.680000000000000000e+02,1.130000000000000000e+02,-9.300000000000000000e+01,4.000000000000000000e+00
1.000000000000000000e+00,1.600000000000000000e+01,1.600000000000000000e+01,6.800000000000000000e+01,5.450000000000000000e+02,4.000000000000000000e+01,5.680000000000000000e+02,1.120000000000000000e+02,-9.200000000000000000e+01,4.000000000000000000e+00
-1.000000000000000000e+00,1.600000000000000000e+01,1.600000000000000000e+01,3.400000000000000000e+01,5.880000000000000000e+02,5.600000000000000000e+01,5.680000000000000000e+02,-8.900000000000000000e+01,8.000000000000000000e+01,4.000000000000000000e+00
1.000000000000000000e+00,1.600000000000000000e+01,1.600000000000000000e+01,8.200000000000000000e+01,5.470000000000000000e+02,5.600000000000000000e+01,5.680000000000000000e+02,1.070000000000000000e+02,-8.700000000000000000e+01,4.000000000000000000e+00
-1.000000000000000000e+00,1.600000000000000000e+01,1.600000000000000000e+01,4.700000000000000000e+01,5.890000000000000000e+02,7.200000000000000000e+01,5.680000000000000000e+02,-1.030000000000000000e+02,8.700000000000000000e+01,4.000000000000000000e+00
-1.000000000000000000e+00,1.600000000000000000e+01,1.600000000000000000e+01,6.300000000000000000e+01,5.890000000000000000e+02,8.800000000000000000e+01,5.680000000000000000e+02,-1.000000000000000000e+02,8.600000000000000000e+01,4.000000000000000000e+00
1.000000000000000000e+00,1.600000000000000000e+01,1.600000000000000000e+01,1.150000000000000000e+02,5.460000000000000000e+02,8.800000000000000000e+01,5.680000000000000000e+02,1.090000000000000000e+02,-8.800000000000000000e+01,4.000000000000000000e+00
-1.000000000000000000e+00,1.600000000000000000e+01,1.600000000000000000e+01,7.900000000000000000e+01,5.890000000000000000e+02,1.040000000000000000e+02,5.680000000000000000e+02,-1.000000000000000000e+02,8.600000000000000000e+01,4.000000000000000000e+00
1.000000000000000000e+00,1.600000000000000000e+01,1.600000000000000000e+01,1.310000000000000000e+02,5.460000000000000000e+02,1.040000000000000000e+02,5.680000000000000000e+02,1.090000000000000000e+02,-8.800000000000000000e+01,4.000000000000000000e+00
-1.000000000000000000e+00,1.600000000000000000e+01,1.600000000000000000e+01,9.700000000000000000e+01,5.890000000000000000e+02,1.200000000000000000e+02,5.680000000000000000e+02,-9.500000000000000000e+01,8.600000000000000000e+01,4.000000000000000000e+00
1.000000000000000000e+00,1.600000000000000000e+01,1.600000000000000000e+01,1.440000000000000000e+02,5.460000000000000000e+02,1.200000000000000000e+02,5.680000000000000000e+02,9.600000000000000000e+01,-8.800000000000000000e+01,4.000000000000000000e+00
-1.000000000000000000e+00,1.600000000000000000e+01,1.600000000000000000e+01,1.130000000000000000e+02,5.890000000000000000e+02,1.360000000000000000e+02,5.680000000000000000e+02,-9.500000000000000000e+01,8.400000000000000000e+01,4.000000000000000000e+00
1.000000000000000000e+00,1.600000000000000000e+01,1.600000000000000000e+01,1.600000000000000000e+02,5.460000000000000000e+02,1.360000000000000000e+02,5.680000000000000000e+02,9.600000000000000000e+01,-8.800000000000000000e+01,4.000000000000000000e+00
-1.000000000000000000e+00,1.600000000000000000e+01,1.600000000000000000e+01,1.290000000000000000e+02,5.890000000000000000e+02,1.520000000000000000e+02,5.680000000000000000e+02,-9.500000000000000000e+01,8.400000000000000000e+01,4.000000000000000000e+00
1.000000000000000000e+00,1.600000000000000000e+01,1.600000000000000000e+01,1.760000000000000000e+02,5.460000000000000000e+02,1.520000000000000000e+02,5.680000000000000000e+02,9.700000000000000000e+01,-8.800000000000000000e+01,4.000000000000000000e+00
1.000000000000000000e+00,1.600000000000000000e+01,1.600000000000000000e+01,1.930000000000000000e+02,5.460000000000000000e+02,1.680000000000000000e+02,5.680000000000000000e+02,1.000000000000000000e+02,-8.800000000000000000e+01,4.000000000000000000e+00
-1.000000000000000000e+00,1.600000000000000000e+01,1.600000000000000000e+01,1.600000000000000000e+02,5.890000000000000000e+02,1.840000000000000000e+02,5.680000000000000000e+02,-9.600000000000000000e+01,8.400000000000000000e+01,4.000000000000000000e+00
1.000000000000000000e+00,1.600000000000000000e+01,1.600000000000000000e+01,2.090000000000000000e+02,5.470000000000000000e+02,1.840000000000000000e+02,5.680000000000000000e+02,1.000000000000000000e+02,-8.700000000000000000e+01,4.000000000000000000e+00
-1.000000000000000000e+00,1.600000000000000000e+01,1.600000000000000000e+01,1.760000000000000000e+02,5.890000000000000000e+02,2.000000000000000000e+02,5.680000000000000000e+02,-9.600000000000000000e+01,8.400000000000000000e+01,4.000000000000000000e+00
1.000000000000000000e+00,1.600000000000000000e+01,1.600000000000000000e+01,2.250000000000000000e+02,5.470000000000000000e+02,2.000000000000000000e+02,5.680000000000000000e+02,1.000000000000000000e+02,-8.700000000000000000e+01,4.000000000000000000e+00
-1.000000000000000000e+00,1.600000000000000000e+01,1.600000000000000000e+01,1.920000000000000000e+02,5.890000000000000000e+02,2.160000000000000000e+02,5.680000000000000000e+02,-9.600000000000000000e+01,8.400000000000000000e+01,4.000000000000000000e+00
1.000000000000000000e+00,1.600000000000000000e+01,1.600000000000000000e+01,2.410000000000000000e+02,5.470000000000000000e+02,2.160000000000000000e+02,5.680000000000000000e+02,1.000000000000000000e+02,-8.700000000000000000e+01,4.000000000000000000e+00
-1.000000000000000000e+00,1.600000000000000000e+01,1.600000000000000000e+01,2.080000000000000000e+02,5.890000000000000000e+02,2.320000000000000000e+02,5.680000000000000000e+02,-9.600000000000000000e+01,8.400000000000000000e+01,4.000000000000000000e+00
1.000000000000000000e+00,1.600000000000000000e+01,1.600000000000000000e+01,2.570000000000000000e+02,5.470000000000000000e+02,2.320000000000000000e+02,5.680000000000000000e+02,1.000000000000000000e+02,-8.700000000000000000e+01,4.000000000000000000e+00
1.000000000000000000e+00,1.600000000000000000e+01,1.600000000000000000e+01,2.730000000000000000e+02,5.470000000000000000e+02,2.480000000000000000e+02,5.680000000000000000e+02,1.020000000000000000e+02,-8.600000000000000000e+01,4.000000000000000000e+00
1.000000000000000000e+00,1.600000000000000000e+01,1.600000000000000000e+01,2.890000000000000000e+02,5.470000000000000000e+02,2.640000000000000000e+02,5.680000000000000000e+02,1.020000000000000000e+02,-8.600000000000000000e+01,4.000000000000000000e+00
1.000000000000000000e+00,1.600000000000000000e+01,1.600000000000000000e+01,2.940000000000000000e+02,5.480000000000000000e+02,2.800000000000000000e+02,5.680000000000000000e+02,5.800000000000000000e+01,-8.100000000000000000e+01,4.000000000000000000e+00
-1.000000000000000000e+00,8.000000000000000000e+00,1.600000000000000000e+01,2.920000000000000000e+02,5.680000000000000000e+02,2.920000000000000000e+02,5.680000000000000000e+02,0.000000000000000000e+00,0.000000000000000000e+00,4.000000000000000000e+00
-1.000000000000000000e+00,8.000000000000000000e+00,1.600000000000000000e+01,3.000000000000000000e+02,5.680000000000000000e+02,3.000000000000000000e+02,5.680000000000000000e+02,0.000000000000000000e+00,0.000000000000000000e+00,4.000000000000000000e+00
1.000000000000000000e+00,8.000000000000000000e+00,1.600000000000000000e+01,2.920000000000000000e+02,5.680000000000000000e+02,2.920000000000000000e+02,5.680000000000000000e+02,0.000000000000000000e+00,0.000000000000000000e+00,4.000000000000000000e+00
1.000000000000000000e+00,8.000000000000000000e+00,1.600000000000000000e+01,3.230000000000000000e+02,5.480000000000000000e+02,3.000000000000000000e+02,5.680000000000000000e+02,9.500000000000000000e+01,-8.100000000000000000e+01,4.000000000000000000e+00
-1.000000000000000000e+00,1.600000000000000000e+01,1.600000000000000000e+01,3.120000000000000000e+02,5.680000000000000000e+02,3.120000000000000000e+02,5.680000000000000000e+02,0.000000000000000000e+00,0.000000000000000000e+00,4.000000000000000000e+00
1.000000000000000000e+00,1.600000000000000000e+01,1.600000000000000000e+01,3.120000000000000000e+02,5.680000000000000000e+02,3.120000000000000000e+02,5.680000000000000000e+02,0.000000000000000000e+00,0.000000000000000000e+00,4.000000000000000000e+00
-1.000000000000000000e+00,1.600000000000000000e+01,1.600000000000000000e+01,3.020000000000000000e+02,5.870000000000000000e+02,3.280000000000000000e+02,5.680000000000000000e+02,-1.040000000000000000e+02,7.900000000000000000e+01,4.000000000000000000e+00
1.000000000000000000e+00,1.600000000000000000e+01,1.600000000000000000e+01,3.510000000000000000e+02,5.480000000000000000e+02,3.280000000000000000e+02,5.680000000000000000e+02,9.500000000000000000e+01,-8.100000000000000000e+01,4.000000000000000000e+00
-1.000000000000000000e+00,1.600000000000000000e+01,1.600000000000000000e+01,3.440000000000000000e+02,5.680000000000000000e+02,3.440000000000000000e+02,5.680000000000000000e+02,0.000000000000000000e+00,0.000000000000000000e+00,4.000000000000000000e+00
1.000000000000000000e+00,1.600000000000000000e+01,1.600000000000000000e+01,3.440000000000000000e+02,5.680000000000000000e+02,3.440000000000000000e+02,5.680000000000000000e+02,0.000000000000000000e+00,0.000000000000000000e+00,4.000000000000000000e+00
-1.000000000000000000e+00,1.600000000000000000e+01,1.600000000000000000e+01,3.600000000000000000e+02,5.680000000000000000e+02,3.600000000000000000e+02,5.680000000000000000e+02,0.000000000000000000e+00,0.000000000000000000e+00,4.000000000000000000e+00
1.000000000000000000e+00,1.600000000000000000e+01,1.600000000000000000e+01,3.600000000000000000e+02,5.680000000000000000e+02,3.600000000000000000e+02,5.680000000000000000e+02,0.000000000000000000e+00,0.000000000000000000e+00,4.000000000000000000e+00
-1.000000000000000000e+00,1.600000000000000000e+01,1.600000000000000000e+01,3.760000000000000000e+02,5.680000000000000000e+02,3.760000000000000000e+02,5.680000000000000000e+02,0.000000000000000000e+00,0.000000000000000000e+00,4.000000000000000000e+00
1.000000000000000000e+00,1.600000000000000000e+01,1.600000000000000000e+01,3.760000000000000000e+02,5.680000000000000000e+02,3.760000000000000000e+02,5.680000000000000000e+02,0.000000000000000000e+00,0.000000000000000000e+00,4.000000000000000000e+00
1.000000000000000000e+00,1.600000000000000000e+01,1.600000000000000000e+01,4.240000000000000000e+02,5.370000000000000000e+02,4.240000000000000000e+02,5.680000000000000000e+02,0.000000000000000000e+00,-1.240000000000000000e+02,4.000000000000000000e+00
-1.000000000000000000e+00,1.600000000000000000e+01,1.600000000000000000e+01,4.150000000000000000e+02,5.840000000000000000e+02,4.400000000000000000e+02,5.680000000000000000e+02,-1.020000000000000000e+02,6.400000000000000000e+01,4.000000000000000000e+00
-1.000000000000000000e+00,1.600000000000000000e+01,1.600000000000000000e+01,4.650000000000000000e+02,5.890000000000000000e+02,4.880000000000000000e+02,5.680000000000000000e+02,-9.400000000000000000e+01,8.500000000000000000e+01,4.000000000000000000e+00
-1.000000000000000000e+00,1.600000000000000000e+01,8.000000000000000000e+00,4.810000000000000000e+02,5.850000000000000000e+02,5.040000000000000000e+02,5.640000000000000000e+02,-9.400000000000000000e+01,8.500000000000000000e+01,4.000000000000000000e+00
-1.000000000000000000e+00,1.600000000000000000e+01,8.000000000000000000e+00,4.810000000000000000e+02,5.910000000000000000e+02,5.040000000000000000e+02,5.720000000000000000e+02,-9.500000000000000000e+01,7.600000000000000000e+01,4.000000000000000000e+00
-1.000000000000000000e+00,1.600000000000000000e+01,1.600000000000000000e+01,5.150000000000000000e+02,5.880000000000000000e+02,5.360000000000000000e+02,5.680000000000000000e+02,-8.700000000000000000e+01,8.000000000000000000e+01,4.000000000000000000e+00
1.000000000000000000e+00,1.600000000000000000e+01,1.600000000000000000e+01,5.430000000000000000e+02,5.550000000000000000e+02,5.360000000000000000e+02,5.680000000000000000e+02,2.900000000000000000e+01,-5.200000000000000000e+01,4.000000000000000000e+00
1.000000000000000000e+00,1.600000000000000000e+01,1.600000000000000000e+01,5.590000000000000000e+02,5.530000000000000000e+02,5.520000000000000000e+02,5.680000000000000000e+02,2.900000000000000000e+01,-6.000000000000000000e+01,4.000000000000000000e+00
-1.000000000000000000e+00,1.600000000000000000e+01,1.600000000000000000e+01,5.680000000000000000e+02,5.680000000000000000e+02,5.680000000000000000e+02,5.680000000000000000e+02,0.000000000000000000e+00,0.000000000000000000e+00,4.000000000000000000e+00
1.000000000000000000e+00,1.600000000000000000e+01,1.600000000000000000e+01,5.750000000000000000e+02,5.530000000000000000e+02,5.680000000000000000e+02,5.680000000000000000e+02,2.900000000000000000e+01,-6.000000000000000000e+01,4.000000000000000000e+00
-1.000000000000000000e+00,1.600000000000000000e+01,1.600000000000000000e+01,5.840000000000000000e+02,5.680000000000000000e+02,5.840000000000000000e+02,5.680000000000000000e+02,0.000000000000000000e+00,0.000000000000000000e+00,4.000000000000000000e+00
-1.000000000000000000e+00,1.600000000000000000e+01,1.600000000000000000e+01,6.000000000000000000e+02,5.680000000000000000e+02,6.000000000000000000e+02,5.680000000000000000e+02,0.000000000000000000e+00,0.000000000000000000e+00,4.000000000000000000e+00
1.000000000000000000e+00,1.600000000000000000e+01,1.600000000000000000e+01,6.000000000000000000e+02,5.680000000000000000e+02,6.000000000000000000e+02,5.680000000000000000e+02,0.000000000000000000e+00,0.000000000000000000e+00,4.000000000000000000e+00
-1.000000000000000000e+00,1.600000000000000000e+01,1.600000000000000000e+01,6.160000000000000000e+02,5.680000000000000000e+02,6.160000000000000000e+02,5.680000000000000000e+02,0.000000000000000000e+00,0.000000000000000000e+00,4.000000000000000000e+00
1.000000000000000000e+00,1.600000000000000000e+01,1.600000000000000000e+01,6.160000000000000000e+02,5.680000000000000000e+02,6.160000000000000000e+02,5.680000000000000000e+02,0.000000000000000000e+00,0.000000000000000000e+00,4.000000000000000000e+00
1.000000000000000000e+00,1.600000000000000000e+01,1.600000000000000000e+01,6.320000000000000000e+02,5.680000000000000000e+02,6.320000000000000000e+02,5.680000000000000000e+02,0.000000000000000000e+00,0.000000000000000000e+00,4.000000000000000000e+00
-1.000000000000000000e+00,1.600000000000000000e+01,1.600000000000000000e+01,6.480000000000000000e+02,5.680000000000000000e+02,6.480000000000000000e+02,5.680000000000000000e+02,0.000000000000000000e+00,0.000000000000000000e+00,4.000000000000000000e+00
1.000000000000000000e+00,1.600000000000000000e+01,1.600000000000000000e+01,6.480000000000000000e+02,5.680000000000000000e+02,6.480000000000000000e+02,5.680000000000000000e+02,0.000000000000000000e+00,0.000000000000000000e+00,4.000000000000000000e+00
1.000000000000000000e+00,1.600000000000000000e+01,1.600000000000000000e+01,6.640000000000000000e+02,5.570000000000000000e+02,6.640000000000000000e+02,5.680000000000000000e+02,0.000000000000000000e+00,-4.600000000000000000e+01,4.000000000000000000e+00
-1.000000000000000000e+00,1.600000000000000000e+01,1.600000000000000000e+01,6.780000000000000000e+02,5.800000000000000000e+02,6.800000000000000000e+02,5.680000000000000000e+02,-9.000000000000000000e+00,4.800000000000000000e+01,4.000000000000000000e+00
-1.000000000000000000e+00,1.600000000000000000e+01,1.600000000000000000e+01,6.940000000000000000e+02,5.800000000000000000e+02,6.960000000000000000e+02,5.680000000000000000e+02,-9.000000000000000000e+00,4.800000000000000000e+01,4.000000000000000000e+00
1.000000000000000000e+00,1.600000000000000000e+01,1.600000000000000000e+01,6.980000000000000000e+02,5.570000000000000000e+02,6.960000000000000000e+02,5.680000000000000000e+02,9.000000000000000000e+00,-4.600000000000000000e+01,4.000000000000000000e+00
1.000000000000000000e+00,1.600000000000000000e+01,1.600000000000000000e+01,7.140000000000000000e+02,5.560000000000000000e+02,7.120000000000000000e+02,5.680000000000000000e+02,9.000000000000000000e+00,-4.900000000000000000e+01,4.000000000000000000e+00
1.000000000000000000e+00,1.600000000000000000e+01,1.600000000000000000e+01,7.290000000000000000e+02,5.550000000000000000e+02,7.280000000000000000e+02,5.680000000000000000e+02,7.000000000000000000e+00,-5.200000000000000000e+01,4.000000000000000000e+00
-1.000000000000000000e+00,1.600000000000000000e+01,1.600000000000000000e+01,7.370000000000000000e+02,5.780000000000000000e+02,7.440000000000000000e+02,5.680000000000000000e+02,-2.800000000000000000e+01,4.300000000000000000e+01,4.000000000000000000e+00
1.000000000000000000e+00,1.600000000000000000e+01,1.600000000000000000e+01,7.450000000000000000e+02,5.560000000000000000e+02,7.440000000000000000e+02,5.680000000000000000e+02,7.000000000000000000e+00,-5.100000000000000000e+01,4.000000000000000000e+00
-1.000000000000000000e+00,1.600000000000000000e+01,1.600000000000000000e+01,7.530000000000000000e+02,5.780000000000000000e+02,7.600000000000000000e+02,5.680000000000000000e+02,-2.800000000000000000e+01,4.300000000000000000e+01,4.000000000000000000e+00
1.000000000000000000e+00,1.600000000000000000e+01,1.600000000000000000e+01,7.610000000000000000e+02,5.560000000000000000e+02,7.600000000000000000e+02,5.680000000000000000e+02,7.000000000000000000e+00,-5.100000000000000000e+01,4.000000000000000000e+00
-1.000000000000000000e+00,1.600000000000000000e+01,1.600000000000000000e+01,7.690000000000000000e+02,5.780000000000000000e+02,7.760000000000000000e+02,5.680000000000000000e+02,-2.800000000000000000e+01,4.300000000000000000e+01,4.000000000000000000e+00
1.000000000000000000e+00,1.600000000000000000e+01,1.600000000000000000e+01,7.770000000000000000e+02,5.560000000000000000e+02,7.760000000000000000e+02,5.680000000000000000e+02,7.000000000000000000e+00,-5.100000000000000000e+01,4.000000000000000000e+00
-1.000000000000000000e+00,1.600000000000000000e+01,1.600000000000000000e+01,8.510000000000000000e+02,5.720000000000000000e+02,8.560000000000000000e+02,5.680000000000000000e+02,-2.200000000000000000e+01,1.900000000000000000e+01,4.000000000000000000e+00
-1.000000000000000000e+00,1.600000000000000000e+01,1.600000000000000000e+01,8.670000000000000000e+02,5.720000000000000000e+02,8.720000000000000000e+02,5.680000000000000000e+02,-2.200000000000000000e+01,1.900000000000000000e+01,4.000000000000000000e+00
1.000000000000000000e+00,1.600000000000000000e+01,1.600000000000000000e+01,8.720000000000000000e+02,5.620000000000000000e+02,8.720000000000000000e+02,5.680000000000000000e+02,0.000000000000000000e+00,-2.700000000000000000e+01,4.000000000000000000e+00
-1.000000000000000000e+00,8.000000000000000000e+00,1.600000000000000000e+01,8.760000000000000000e+02,5.720000000000000000e+02,8.840000000000000000e+02,5.680000000000000000e+02,-3.200000000000000000e+01,1.900000000000000000e+01,4.000000000000000000e+00
-1.000000000000000000e+00,8.000000000000000000e+00,1.600000000000000000e+01,8.920000000000000000e+02,5.680000000000000000e+02,8.920000000000000000e+02,5.680000000000000000e+02,0.000000000000000000e+00,0.000000000000000000e+00,4.000000000000000000e+00
1.000000000000000000e+00,8.000000000000000000e+00,1.600000000000000000e+01,8.840000000000000000e+02,5.680000000000000000e+02,8.840000000000000000e+02,5.680000000000000000e+02,0.000000000000000000e+00,0.000000000000000000e+00,4.000000000000000000e+00
1.000000000000000000e+00,8.000000000000000000e+00,1.600000000000000000e+01,8.920000000000000000e+02,5.680000000000000000e+02,8.920000000000000000e+02,5.680000000000000000e+02,0.000000000000000000e+00,0.000000000000000000e+00,4.000000000000000000e+00
1.000000000000000000e+00,1.600000000000000000e+01,1.600000000000000000e+01,9.700000000000000000e+02,5.700000000000000000e+02,9.200000000000000000e+02,5.680000000000000000e+02,2.000000000000000000e+02,8.000000000000000000e+00,4.000000000000000000e+00
-1.000000000000000000e+00,1.600000000000000000e+01,1.600000000000000000e+01,9.360000000000000000e+02,5.680000000000000000e+02,9.360000000000000000e+02,5.680000000000000000e+02,1.000000000000000000e+00,0.000000000000000000e+00,4.000000000000000000e+00
-1.000000000000000000e+00,1.600000000000000000e+01,8.000000000000000000e+00,9.520000000000000000e+02,5.640000000000000000e+02,9.520000000000000000e+02,5.640000000000000000e+02,0.000000000000000000e+00,0.000000000000000000e+00,4.000000000000000000e+00
-1.000000000000000000e+00,1.600000000000000000e+01,8.000000000000000000e+00,9.520000000000000000e+02,5.790000000000000000e+02,9.520000000000000000e+02,5.720000000000000000e+02,0.000000000000000000e+00,3.000000000000000000e+01,4.000000000000000000e+00
-1.000000000000000000e+00,1.600000000000000000e+01,1.600000000000000000e+01,9.680000000000000000e+02,5.680000000000000000e+02,9.680000000000000000e+02,5.680000000000000000e+02,0.000000000000000000e+00,0.000000000000000000e+00,4.000000000000000000e+00
-1.000000000000000000e+00,1.600000000000000000e+01,1.600000000000000000e+01,9.840000000000000000e+02,5.680000000000000000e+02,9.840000000000000000e+02,5.680000000000000000e+02,0.000000000000000000e+00,0.000000000000000000e+00,4.000000000000000000e+00
1.000000000000000000e+00,1.600000000000000000e+01,1.600000000000000000e+01,9.840000000000000000e+02,5.680000000000000000e+02,9.840000000000000000e+02,5.680000000000000000e+02,0.000000000000000000e+00,0.000000000000000000e+00,4.000000000000000000e+00
-1.000000000000000000e+00,1.600000000000000000e+01,1.600000000000000000e+01,1.000000000000000000e+03,5.680000000000000000e+02,1.000000000000000000e+03,5.680000000000000000e+02,0.000000000000000000e+00,0.000000000000000000e+00,4.000000000000000000e+00
-1.000000000000000000e+00,1.600000000000000000e+01,1.600000000000000000e+01,1.016000000000000000e+03,5.680000000000000000e+02,1.016000000000000000e+03,5.680000000000000000e+02,0.000000000000000000e+00,0.000000000000000000e+00,4.000000000000000000e+00
-1.000000000000000000e+00,1.600000000000000000e+01,1.600000000000000000e+01,1.032000000000000000e+03,5.680000000000000000e+02,1.032000000000000000e+03,5.680000000000000000e+02,0.000000000000000000e+00,0.000000000000000000e+00,4.000000000000000000e+00
1.000000000000000000e+00,1.600000000000000000e+01,1.600000000000000000e+01,1.032000000000000000e+03,5.680000000000000000e+02,1.032000000000000000e+03,5.680000000000000000e+02,0.000000000000000000e+00,0.000000000000000000e+00,4.000000000000000000e+00
-1.000000000000000000e+00,1.600000000000000000e+01,1.600000000000000000e+01,1.048000000000000000e+03,5.680000000000000000e+02,1.048000000000000000e+03,5.680000000000000000e+02,0.000000000000000000e+00,0.000000000000000000e+00,4.000000000000000000e+00
-1.000000000000000000e+00,1.600000000000000000e+01,1.600000000000000000e+01,1.064000000000000000e+03,5.730000000000000000e+02,1.064000000000000000e+03,5.680000000000000000e+02,1.000000000000000000e+00,2.000000000000000000e+01,4.000000000000000000e+00
-1.000000000000000000e+00,1.600000000000000000e+01,1.600000000000000000e+01,1.080000000000000000e+03,5.680000000000000000e+02,1.080000000000000000e+03,5.680000000000000000e+02,0.000000000000000000e+00,0.000000000000000000e+00,4.000000000000000000e+00
1.000000000000000000e+00,1.600000000000000000e+01,1.600000000000000000e+01,1.080000000000000000e+03,5.680000000000000000e+02,1.080000000000000000e+03,5.680000000000000000e+02,0.000000000000000000e+00,0.000000000000000000e+00,4.000000000000000000e+00
-1.000000000000000000e+00,1.600000000000000000e+01,1.600000000000000000e+01,1.096000000000000000e+03,5.680000000000000000e+02,1.096000000000000000e+03,5.680000000000000000e+02,0.000000000000000000e+00,0.000000000000000000e+00,4.000000000000000000e+00
1.000000000000000000e+00,1.600000000000000000e+01,1.600000000000000000e+01,1.096000000000000000e+03,5.680000000000000000e+02,1.096000000000000000e+03,5.680000000000000000e+02,0.000000000000000000e+00,0.000000000000000000e+00,4.000000000000000000e+00
-1.000000000000000000e+00,1.600000000000000000e+01,1.600000000000000000e+01,1.112000000000000000e+03,5.680000000000000000e+02,1.112000000000000000e+03,5.680000000000000000e+02,0.000000000000000000e+00,0.000000000000000000e+00,4.000000000000000000e+00
-1.000000000000000000e+00,1.600000000000000000e+01,1.600000000000000000e+01,1.128000000000000000e+03,5.680000000000000000e+02,1.128000000000000000e+03,5.680000000000000000e+02,0.000000000000000000e+00,0.000000000000000000e+00,4.000000000000000000e+00
1.000000000000000000e+00,1.600000000000000000e+01,1.600000000000000000e+01,1.128000000000000000e+03,5.680000000000000000e+02,1.128000000000000000e+03,5.680000000000000000e+02,0.000000000000000000e+00,0.000000000000000000e+00,4.000000000000000000e+00
-1.000000000000000000e+00,1.600000000000000000e+01,1.600000000000000000e+01,1.144000000000000000e+03,5.680000000000000000e+02,1.144000000000000000e+03,5.680000000000000000e+02,0.000000000000000000e+00,0.000000000000000000e+00,4.000000000000000000e+00
1.000000000000000000e+00,1.600000000000000000e+01,1.600000000000000000e+01,1.204000000000000000e+03,5.470000000000000000e+02,1.176000000000000000e+03,5.680000000000000000e+02,1.120000000000000000e+02,-8.700000000000000000e+01,4.000000000000000000e+00
1.000000000000000000e+00,1.600000000000000000e+01,1.600000000000000000e+01,1.221000000000000000e+03,5.510000000000000000e+02,1.192000000000000000e+03,5.680000000000000000e+02,1.170000000000000000e+02,-7.100000000000000000e+01,4.000000000000000000e+00
-1.000000000000000000e+00,1.600000000000000000e+01,1.600000000000000000e+01,1.208000000000000000e+03,5.680000000000000000e+02,1.208000000000000000e+03,5.680000000000000000e+02,0.000000000000000000e+00,0.000000000000000000e+00,4.000000000000000000e+00
1.000000000000000000e+00,1.600000000000000000e+01,1.600000000000000000e+01,1.208000000000000000e+03,5.680000000000000000e+02,1.208000000000000000e+03,5.680000000000000000e+02,0.000000000000000000e+00,0.000000000000000000e+00,4.000000000000000000e+00
-1.000000000000000000e+00,1.600000000000000000e+01,1.600000000000000000e+01,1.224000000000000000e+03,5.680000000000000000e+02,1.224000000000000000e+03,5.680000000000000000e+02,0.000000000000000000e+00,0.000000000000000000e+00,4.000000000000000000e+00
1.000000000000000000e+00,1.600000000000000000e+01,1.600000000000000000e+01,1.224000000000000000e+03,5.680000000000000000e+02,1.224000000000000000e+03,5.680000000000000000e+02,0.000000000000000000e+00,0.000000000000000000e+00,4.000000000000000000e+00
-1.000000000000000000e+00,1.600000000000000000e+01,1.600000000000000000e+01,1.240000000000000000e+03,5.680000000000000000e+02,1.240000000000000000e+03,5.680000000000000000e+02,0.000000000000000000e+00,0.000000000000000000e+00,4.000000000000000000e+00
1.000000000000000000e+00,1.600000000000000000e+01,1.600000000000000000e+01,1.240000000000000000e+03,5.680000000000000000e+02,1.240000000000000000e+03,5.680000000000000000e+02,0.000000000000000000e+00,0.000000000000000000e+00,4.000000000000000000e+00
-1.000000000000000000e+00,1.600000000000000000e+01,1.600000000000000000e+01,1.256000000000000000e+03,5.680000000000000000e+02,1.256000000000000000e+03,5.680000000000000000e+02,0.000000000000000000e+00,0.000000000000000000e+00,4.000000000000000000e+00
1.000000000000000000e+00,1.600000000000000000e+01,1.600000000000000000e+01,1.256000000000000000e+03,5.680000000000000000e+02,1.256000000000000000e+03,5.680000000000000000e+02,0.000000000000000000e+00,0.000000000000000000e+00,4.000000000000000000e+00
-1.000000000000000000e+00,1.600000000000000000e+01,1.600000000000000000e+01,1.272000000000000000e+03,5.680000000000000000e+02,1.272000000000000000e+03,5.680000000000000000e+02,0.000000000000000000e+00,0.000000000000000000e+00,4.000000000000000000e+00
1.000000000000000000e+00,1.600000000000000000e+01,1.600000000000000000e+01,1.272000000000000000e+03,5.680000000000000000e+02,1.272000000000000000e+03,5.680000000000000000e+02,0.000000000000000000e+00,0.000000000000000000e+00,4.000000000000000000e+00
1.000000000000000000e+00,1.600000000000000000e+01,1.600000000000000000e+01,3.600000000000000000e+01,5.610000000000000000e+02,8.000000000000000000e+00,5.840000000000000000e+02,1.130000000000000000e+02,-9.200000000000000000e+01,4.000000000000000000e+00
1.000000000000000000e+00,1.600000000000000000e+01,1.600000000000000000e+01,5.200000000000000000e+01,5.610000000000000000e+02,2.400000000000000000e+01,5.840000000000000000e+02,1.150000000000000000e+02,-9.400000000000000000e+01,4.000000000000000000e+00
1.000000000000000000e+00,1.600000000000000000e+01,8.000000000000000000e+00,6.800000000000000000e+01,5.570000000000000000e+02,4.000000000000000000e+01,5.800000000000000000e+02,1.120000000000000000e+02,-9.200000000000000000e+01,4.000000000000000000e+00
1.000000000000000000e+00,1.600000000000000000e+01,8.000000000000000000e+00,6.800000000000000000e+01,5.650000000000000000e+02,4.000000000000000000e+01,5.880000000000000000e+02,1.150000000000000000e+02,-9.500000000000000000e+01,4.000000000000000000e+00
1.000000000000000000e+00,1.600000000000000000e+01,1.600000000000000000e+01,8.400000000000000000e+01,5.620000000000000000e+02,5.600000000000000000e+01,5.840000000000000000e+02,1.140000000000000000e+02,-9.000000000000000000e+01,4.000000000000000000e+00
1.000000000000000000e+00,1.600000000000000000e+01,1.600000000000000000e+01,9.900000000000000000e+01,5.620000000000000000e+02,7.200000000000000000e+01,5.840000000000000000e+02,1.090000000000000000e+02,-8.800000000000000000e+01,4.000000000000000000e+00
-1.000000000000000000e+00,1.600000000000000000e+01,1.600000000000000000e+01,6.300000000000000000e+01,6.050000000000000000e+02,8.800000000000000000e+01,5.840000000000000000e+02,-1.000000000000000000e+02,8.600000000000000000e+01,4.000000000000000000e+00
1.000000000000000000e+00,1.600000000000000000e+01,1.600000000000000000e+01,1.150000000000000000e+02,5.620000000000000000e+02,8.800000000000000000e+01,5.840000000000000000e+02,1.090000000000000000e+02,-8.800000000000000000e+01,4.000000000000000000e+00
-1.000000000000000000e+00,1.600000000000000000e+01,1.600000000000000000e+01,7.900000000000000000e+01,6.050000000000000000e+02,1.040000000000000000e+02,5.840000000000000000e+02,-1.000000000000000000e+02,8.600000000000000000e+01,4.000000000000000000e+00
1.000000000000000000e+00,1.600000000000000000e+01,1.600000000000000000e+01,1.310000000000000000e+02,5.620000000000000000e+02,1.040000000000000000e+02,5.840000000000000000e+02,1.090000000000000000e+02,-8.800000000000000000e+01,4.000000000000000000e+00
-1.000000000000000000e+00,1.600000000000000000e+01,1.600000000000000000e+01,9.700000000000000000e+01,6.050000000000000000e+02,1.200000000000000000e+02,5.840000000000000000e+02,-9.500000000000000000e+01,8.600000000000000000e+01,4.000000000000000000e+00
1.000000000000000000e+00,1.600000000000000000e+01,1.600000000000000000e+01,1.440000000000000000e+02,5.620000000000000000e+02,1.200000000000000000e+02,5.840000000000000000e+02,9.600000000000000000e+01,-8.800000000000000000e+01,4.000000000000000000e+00
-1.000000000000000000e+00,1.600000000000000000e+01,1.600000000000000000e+01,1.130000000000000000e+02,6.050000000000000000e+02,1.360000000000000000e+02,5.840000000000000000e+02,-9.500000000000000000e+01,8.400000000000000000e+01,4.000000000000000000e+00
1.000000000000000000e+00,1.600000000000000000e+01,1.600000000000000000e+01,1.600000000000000000e+02,5.620000000000000000e+02,1.360000000000000000e+02,5.840000000000000000e+02,9.600000000000000000e+01,-8.800000000000000000e+01,4.000000000000000000e+00
-1.000000000000000000e+00,1.600000000000000000e+01,1.600000000000000000e+01,1.290000000000000000e+02,6.050000000000000000e+02,1.520000000000000000e+02,5.840000000000000000e+02,-9.500000000000000000e+01,8.400000000000000000e+01,4.000000000000000000e+00
1.000000000000000000e+00,1.600000000000000000e+01,1.600000000000000000e+01,1.760000000000000000e+02,5.620000000000000000e+02,1.520000000000000000e+02,5.840000000000000000e+02,9.700000000000000000e+01,-8.800000000000000000e+01,4.000000000000000000e+00
-1.000000000000000000e+00,1.600000000000000000e+01,1.600000000000000000e+01,1.450000000000000000e+02,6.050000000000000000e+02,1.680000000000000000e+02,5.840000000000000000e+02,-9.500000000000000000e+01,8.500000000000000000e+01,4.000000000000000000e+00
-1.000000000000000000e+00,1.600000000000000000e+01,1.600000000000000000e+01,1.600000000000000000e+02,6.050000000000000000e+02,1.840000000000000000e+02,5.840000000000000000e+02,-9.600000000000000000e+01,8.400000000000000000e+01,4.000000000000000000e+00
1.000000000000000000e+00,1.600000000000000000e+01,1.600000000000000000e+01,2.090000000000000000e+02,5.630000000000000000e+02,1.840000000000000000e+02,5.840000000000000000e+02,1.000000000000000000e+02,-8.700000000000000000e+01,4.000000000000000000e+00
1.000000000000000000e+00,1.600000000000000000e+01,1.600000000000000000e+01,2.250000000000000000e+02,5.680000000000000000e+02,2.000000000000000000e+02,5.840000000000000000e+02,1.000000000000000000e+02,-6.600000000000000000e+01,4.000000000000000000e+00
1.000000000000000000e+00,1.600000000000000000e+01,1.600000000000000000e+01,2.410000000000000000e+02,5.680000000000000000e+02,2.160000000000000000e+02,5.840000000000000000e+02,1.000000000000000000e+02,-6.400000000000000000e+01,4.000000000000000000e+00
-1.000000000000000000e+00,1.600000000000000000e+01,1.600000000000000000e+01,2.080000000000000000e+02,6.050000000000000000e+02,2.320000000000000000e+02,5.840000000000000000e+02,-9.600000000000000000e+01,8.400000000000000000e+01,4.000000000000000000e+00
1.000000000000000000e+00,1.600000000000000000e+01,1.600000000000000000e+01,2.570000000000000000e+02,5.630000000000000000e+02,2.320000000000000000e+02,5.840000000000000000e+02,1.000000000000000000e+02,-8.600000000000000000e+01,4.000000000000000000e+00
-1.000000000000000000e+00,1.600000000000000000e+01,1.600000000000000000e+01,2.240000000000000000e+02,6.050000000000000000e+02,2.480000000000000000e+02,5.840000000000000000e+02,-9.600000000000000000e+01,8.400000000000000000e+01,4.000000000000000000e+00
-1.000000000000000000e+00,1.600000000000000000e+01,1.600000000000000000e+01,2.400000000000000000e+02,6.050000000000000000e+02,2.640000000000000000e+02,5.840000000000000000e+02,-9.600000000000000000e+01,8.400000000000000000e+01,4.000000000000000000e+00
-1.000000000000000000e+00,1.600000000000000000e+01,1.600000000000000000e+01,2.800000000000000000e+02,5.840000000000000000e+02,2.800000000000000000e+02,5.840000000000000000e+02,0.000000000000000000e+00,0.000000000000000000e+00,4.000000000000000000e+00
1.000000000000000000e+00,1.600000000000000000e+01,1.600000000000000000e+01,2.940000000000000000e+02,5.640000000000000000e+02,2.800000000000000000e+02,5.840000000000000000e+02,5.800000000000000000e+01,-8.100000000000000000e+01,4.000000000000000000e+00
-1.000000000000000000e+00,1.600000000000000000e+01,1.600000000000000000e+01,2.960000000000000000e+02,5.840000000000000000e+02,2.960000000000000000e+02,5.840000000000000000e+02,0.000000000000000000e+00,0.000000000000000000e+00,4.000000000000000000e+00
-1.000000000000000000e+00,1.600000000000000000e+01,1.600000000000000000e+01,3.120000000000000000e+02,5.840000000000000000e+02,3.120000000000000000e+02,5.840000000000000000e+02,0.000000000000000000e+00,0.000000000000000000e+00,4.000000000000000000e+00
1.000000000000000000e+00,1.600000000000000000e+01,1.600000000000000000e+01,3.120000000000000000e+02,5.840000000000000000e+02,3.120000000000000000e+02,5.840000000000000000e+02,0.000000000000000000e+00,0.000000000000000000e+00,4.000000000000000000e+00
-1.000000000000000000e+00,1.600000000000000000e+01,1.600000000000000000e+01,3.280000000000000000e+02,5.840000000000000000e+02,3.280000000000000000e+02,5.840000000000000000e+02,0.000000000000000000e+00,0.000000000000000000e+00,4.000000000000000000e+00
1.000000000000000000e+00,1.600000000000000000e+01,1.600000000000000000e+01,3.280000000000000000e+02,5.840000000000000000e+02,3.280000000000000000e+02,5.840000000000000000e+02,0.000000000000000000e+00,0.000000000000000000e+00,4.000000000000000000e+00
-1.000000000000000000e+00,1.600000000000000000e+01,1.600000000000000000e+01,3.440000000000000000e+02,5.840000000000000000e+02,3.440000000000000000e+02,5.840000000000000000e+02,0.000000000000000000e+00,0.000000000000000000e+00,4.000000000000000000e+00
1.000000000000000000e+00,1.600000000000000000e+01,1.600000000000000000e+01,3.440000000000000000e+02,5.840000000000000000e+02,3.440000000000000000e+02,5.840000000000000000e+02,0.000000000000000000e+00,0.000000000000000000e+00,4.000000000000000000e+00
-1.000000000000000000e+00,1.600000000000000000e+01,1.600000000000000000e+01,3.600000000000000000e+02,5.840000000000000000e+02,3.600000000000000000e+02,5.840000000000000000e+02,0.000000000000000000e+00,0.000000000000000000e+00,4.000000000000000000e+00
1.000000000000000000e+00,1.600000000000000000e+01,1.600000000000000000e+01,3.600000000000000000e+02,5.840000000000000000e+02,3.600000000000000000e+02,5.840000000000000000e+02,0.000000000000000000e+00,0.000000000000000000e+00,4.000000000000000000e+00
1.000000000000000000e+00,1.600000000000000000e+01,1.600000000000000000e+01,3.760000000000000000e+02,5.840000000000000000e+02,3.760000000000000000e+02,5.840000000000000000e+02,0.000000000000000000e+00,0.000000000000000000e+00,4.000000000000000000e+00
1.000000000000000000e+00,1.600000000000000000e+01,1.600000000000000000e+01,4.240000000000000000e+02,5.540000000000000000e+02,4.240000000000000000e+02,5.840000000000000000e+02,0.000000000000000000e+00,-1.200000000000000000e+02,4.000000000000000000e+00
-1.000000000000000000e+00,8.000000000000000000e+00,1.600000000000000000e+01,4.110000000000000000e+02,6.000000000000000000e+02,4.360000000000000000e+02,5.840000000000000000e+02,-1.020000000000000000e+02,6.400000000000000000e+01,4.000000000000000000e+00
-1.000000000000000000e+00,8.000000000000000000e+00,1.600000000000000000e+01,4.440000000000000000e+02,5.840000000000000000e+02,4.440000000000000000e+02,5.840000000000000000e+02,0.000000000000000000e+00,0.000000000000000000e+00,4.000000000000000000e+00
1.000000000000000000e+00,8.000000000000000000e+00,1.600000000000000000e+01,4.360000000000000000e+02,5.540000000000000000e+02,4.360000000000000000e+02,5.840000000000000000e+02,0.000000000000000000e+00,-1.200000000000000000e+02,4.000000000000000000e+00
1.000000000000000000e+00,8.000000000000000000e+00,1.600000000000000000e+01,4.700000000000000000e+02,5.640000000000000000e+02,4.440000000000000000e+02,5.840000000000000000e+02,1.070000000000000000e+02,-8.300000000000000000e+01,4.000000000000000000e+00
-1.000000000000000000e+00,1.600000000000000000e+01,1.600000000000000000e+01,4.510000000000000000e+02,6.050000000000000000e+02,4.720000000000000000e+02,5.840000000000000000e+02,-8.600000000000000000e+01,8.600000000000000000e+01,4.000000000000000000e+00
1.000000000000000000e+00,1.600000000000000000e+01,1.600000000000000000e+01,5.120000000000000000e+02,5.660000000000000000e+02,4.880000000000000000e+02,5.840000000000000000e+02,9.900000000000000000e+01,-7.500000000000000000e+01,4.000000000000000000e+00
-1.000000000000000000e+00,1.600000000000000000e+01,1.600000000000000000e+01,4.810000000000000000e+02,6.030000000000000000e+02,5.040000000000000000e+02,5.840000000000000000e+02,-9.500000000000000000e+01,7.600000000000000000e+01,4.000000000000000000e+00
1.000000000000000000e+00,1.600000000000000000e+01,1.600000000000000000e+01,5.280000000000000000e+02,5.660000000000000000e+02,5.040000000000000000e+02,5.840000000000000000e+02,9.900000000000000000e+01,-7.500000000000000000e+01,4.000000000000000000e+00
-1.000000000000000000e+00,1.600000000000000000e+01,1.600000000000000000e+01,5.420000000000000000e+02,5.920000000000000000e+02,5.520000000000000000e+02,5.840000000000000000e+02,-4.000000000000000000e+01,3.500000000000000000e+01,4.000000000000000000e+00
-1.000000000000000000e+00,1.600000000000000000e+01,1.600000000000000000e+01,5.600000000000000000e+02,5.930000000000000000e+02,5.680000000000000000e+02,5.840000000000000000e+02,-3.500000000000000000e+01,3.700000000000000000e+01,4.000000000000000000e+00
-1.000000000000000000e+00,1.600000000000000000e+01,1.600000000000000000e+01,5.840000000000000000e+02,5.840000000000000000e+02,5.840000000000000000e+02,5.840000000000000000e+02,0.000000000000000000e+00,0.000000000000000000e+00,4.000000000000000000e+00
-1.000000000000000000e+00,1.600000000000000000e+01,1.600000000000000000e+01,6.000000000000000000e+02,5.840000000000000000e+02,6.000000000000000000e+02,5.840000000000000000e+02,0.000000000000000000e+00,0.000000000000000000e+00,4.000000000000000000e+00
1.000000000000000000e+00,1.600000000000000000e+01,1.600000000000000000e+01,6.000000000000000000e+02,5.840000000000000000e+02,6.000000000000000000e+02,5.840000000000000000e+02,0.000000000000000000e+00,0.000000000000000000e+00,4.000000000000000000e+00
-1.000000000000000000e+00,1.600000000000000000e+01,1.600000000000000000e+01,6.160000000000000000e+02,5.840000000000000000e+02,6.160000000000000000e+02,5.840000000000000000e+02,0.000000000000000000e+00,0.000000000000000000e+00,4.000000000000000000e+00
1.000000000000000000e+00,1.600000000000000000e+01,1.600000000000000000e+01,6.160000000000000000e+02,5.840000000000000000e+02,6.160000000000000000e+02,5.840000000000000000e+02,0.000000000000000000e+00,0.000000000000000000e+00,4.000000000000000000e+00
1.000000000000000000e+00,1.600000000000000000e+01,1.600000000000000000e+01,6.320000000000000000e+02,5.770000000000000000e+02,6.320000000000000000e+02,5.840000000000000000e+02,0.000000000000000000e+00,-2.800000000000000000e+01,4.000000000000000000e+00
-1.000000000000000000e+00,1.600000000000000000e+01,1.600000000000000000e+01,6.480000000000000000e+02,5.840000000000000000e+02,6.480000000000000000e+02,5.840000000000000000e+02,0.000000000000000000e+00,0.000000000000000000e+00,4.000000000000000000e+00
1.000000000000000000e+00,1.600000000000000000e+01,1.600000000000000000e+01,6.480000000000000000e+02,5.840000000000000000e+02,6.480000000000000000e+02,5.840000000000000000e+02,0.000000000000000000e+00,0.000000000000000000e+00,4.000000000000000000e+00
-1.000000000000000000e+00,1.600000000000000000e+01,1.600000000000000000e+01,6.640000000000000000e+02,5.840000000000000000e+02,6.640000000000000000e+02,5.840000000000000000e+02,0.000000000000000000e+00,0.000000000000000000e+00,4.000000000000000000e+00
1.000000000000000000e+00,1.600000000000000000e+01,1.600000000000000000e+01,6.640000000000000000e+02,5.840000000000000000e+02,6.640000000000000000e+02,5.840000000000000000e+02,0.000000000000000000e+00,0.000000000000000000e+00,4.000000000000000000e+00
1.000000000000000000e+00,1.600000000000000000e+01,8.000000000000000000e+00,6.800000000000000000e+02,5.800000000000000000e+02,6.800000000000000000e+02,5.800000000000000000e+02,0.000000000000000000e+00,0.000000000000000000e+00,4.000000000000000000e+00
1.000000000000000000e+00,1.600000000000000000e+01,8.000000000000000000e+00,6.800000000000000000e+02,5.870000000000000000e+02,6.800000000000000000e+02,5.880000000000000000e+02,0.000000000000000000e+00,-4.000000000000000000e+00,4.000000000000000000e+00
-1.000000000000000000e+00,1.600000000000000000e+01,1.600000000000000000e+01,6.940000000000000000e+02,5.850000000000000000e+02,6.960000000000000000e+02,5.840000000000000000e+02,-9.000000000000000000e+00,5.000000000000000000e+00,4.000000000000000000e+00
1.000000000000000000e+00,1.600000000000000000e+01,1.600000000000000000e+01,7.160000000000000000e+02,5.720000000000000000e+02,7.120000000000000000e+02,5.840000000000000000e+02,1.600000000000000000e+01,-4.900000000000000000e+01,4.000000000000000000e+00
-1.000000000000000000e+00,1.600000000000000000e+01,1.600000000000000000e+01,7.230000000000000000e+02,5.950000000000000000e+02,7.280000000000000000e+02,5.840000000000000000e+02,-2.300000000000000000e+01,4.600000000000000000e+01,4.000000000000000000e+00
-1.000000000000000000e+00,1.600000000000000000e+01,1.600000000000000000e+01,7.370000000000000000e+02,5.950000000000000000e+02,7.440000000000000000e+02,5.840000000000000000e+02,-2.800000000000000000e+01,4.400000000000000000e+01,4.000000000000000000e+00
1.000000000000000000e+00,1.600000000000000000e+01,1.600000000000000000e+01,7.510000000000000000e+02,5.720000000000000000e+02,7.440000000000000000e+02,5.840000000000000000e+02,2.900000000000000000e+01,-5.100000000000000000e+01,4.000000000000000000e+00
-1.000000000000000000e+00,1.600000000000000000e+01,1.600000000000000000e+01,7.530000000000000000e+02,5.940000000000000000e+02,7.600000000000000000e+02,5.840000000000000000e+02,-2.800000000000000000e+01,4.300000000000000000e+01,4.000000000000000000e+00
1.000000000000000000e+00,1.600000000000000000e+01,1.600000000000000000e+01,7.610000000000000000e+02,5.720000000000000000e+02,7.600000000000000000e+02,5.840000000000000000e+02,7.000000000000000000e+00,-5.100000000000000000e+01,4.000000000000000000e+00
-1.000000000000000000e+00,1.600000000000000000e+01,8.000000000000000000e+00,7.660000000000000000e+02,5.900000000000000000e+02,7.760000000000000000e+02,5.800000000000000000e+02,-4.000000000000000000e+01,4.300000000000000000e+01,4.000000000000000000e+00
-1.000000000000000000e+00,1.600000000000000000e+01,8.000000000000000000e+00,7.690000000000000000e+02,5.790000000000000000e+02,7.760000000000000000e+02,5.880000000000000000e+02,-2.800000000000000000e+01,-3.600000000000000000e+01,4.000000000000000000e+00
1.000000000000000000e+00,1.600000000000000000e+01,1.600000000000000000e+01,8.260000000000000000e+02,5.660000000000000000e+02,8.080000000000000000e+02,5.840000000000000000e+02,7.500000000000000000e+01,-7.200000000000000000e+01,4.000000000000000000e+00
-1.000000000000000000e+00,1.600000000000000000e+01,1.600000000000000000e+01,8.510000000000000000e+02,5.880000000000000000e+02,8.560000000000000000e+02,5.840000000000000000e+02,-2.200000000000000000e+01,1.900000000000000000e+01,4.000000000000000000e+00
1.000000000000000000e+00,1.600000000000000000e+01,1.600000000000000000e+01,8.560000000000000000e+02,5.780000000000000000e+02,8.560000000000000000e+02,5.840000000000000000e+02,0.000000000000000000e+00,-2.700000000000000000e+01,4.000000000000000000e+00
1.000000000000000000e+00,1.600000000000000000e+01,1.600000000000000000e+01,8.700000000000000000e+02,5.770000000000000000e+02,8.720000000000000000e+02,5.840000000000000000e+02,-9.000000000000000000e+00,-2.800000000000000000e+01,4.000000000000000000e+00
1.000000000000000000e+00,1.600000000000000000e+01,8.000000000000000000e+00,8.870000000000000000e+02,5.780000000000000000e+02,8.880000000000000000e+02,5.800000000000000000e+02,-4.000000000000000000e+00,-8.000000000000000000e+00,4.000000000000000000e+00
1.000000000000000000e+00,1.600000000000000000e+01,8.000000000000000000e+00,8.860000000000000000e+02,5.820000000000000000e+02,8.880000000000000000e+02,5.880000000000000000e+02,-1.000000000000000000e+01,-2.700000000000000000e+01,4.000000000000000000e+00
-1.000000000000000000e+00,1.600000000000000000e+01,1.600000000000000000e+01,9.520000000000000000e+02,5.840000000000000000e+02,9.520000000000000000e+02,5.840000000000000000e+02,0.000000000000000000e+00,0.000000000000000000e+00,4.000000000000000000e+00
-1.000000000000000000e+00,1.600000000000000000e+01,1.600000000000000000e+01,9.680000000000000000e+02,5.840000000000000000e+02,9.680000000000000000e+02,5.840000000000000000e+02,0.000000000000000000e+00,0.000000000000000000e+00,4.000000000000000000e+00
-1.000000000000000000e+00,1.600000000000000000e+01,1.600000000000000000e+01,9.840000000000000000e+02,5.840000000000000000e+02,9.840000000000000000e+02,5.840000000000000000e+02,0.000000000000000000e+00,0.000000000000000000e+00,4.000000000000000000e+00
1.000000000000000000e+00,1.600000000000000000e+01,1.600000000000000000e+01,9.840000000000000000e+02,5.840000000000000000e+02,9.840000000000000000e+02,5.840000000000000000e+02,0.000000000000000000e+00,0.000000000000000000e+00,4.000000000000000000e+00
-1.000000000000000000e+00,1.600000000000000000e+01,1.600000000000000000e+01,1.016000000000000000e+03,5.840000000000000000e+02,1.016000000000000000e+03,5.840000000000000000e+02,0.000000000000000000e+00,0.000000000000000000e+00,4.000000000000000000e+00
-1.000000000000000000e+00,1.600000000000000000e+01,1.600000000000000000e+01,1.032000000000000000e+03,5.840000000000000000e+02,1.032000000000000000e+03,5.840000000000000000e+02,0.000000000000000000e+00,0.000000000000000000e+00,4.000000000000000000e+00
1.000000000000000000e+00,1.600000000000000000e+01,1.600000000000000000e+01,1.032000000000000000e+03,5.840000000000000000e+02,1.032000000000000000e+03,5.840000000000000000e+02,0.000000000000000000e+00,0.000000000000000000e+00,4.000000000000000000e+00
-1.000000000000000000e+00,1.600000000000000000e+01,1.600000000000000000e+01,1.048000000000000000e+03,5.840000000000000000e+02,1.048000000000000000e+03,5.840000000000000000e+02,0.000000000000000000e+00,0.000000000000000000e+00,4.000000000000000000e+00
1.000000000000000000e+00,1.600000000000000000e+01,1.600000000000000000e+01,1.048000000000000000e+03,5.840000000000000000e+02,1.048000000000000000e+03,5.840000000000000000e+02,0.000000000000000000e+00,0.000000000000000000e+00,4.000000000000000000e+00
-1.000000000000000000e+00,1.600000000000000000e+01,1.600000000000000000e+01,1.064000000000000000e+03,5.840000000000000000e+02,1.064000000000000000e+03,5.840000000000000000e+02,0.000000000000000000e+00,0.000000000000000000e+00,4.000000000000000000e+00
1.000000000000000000e+00,1.600000000000000000e+01,1.600000000000000000e+01,1.064000000000000000e+03,5.840000000000000000e+02,1.064000000000000000e+03,5.840000000000000000e+02,0.000000000000000000e+00,0.000000000000000000e+00,4.000000000000000000e+00
-1.000000000000000000e+00,1.600000000000000000e+01,1.600000000000000000e+01,1.080000000000000000e+03,5.840000000000000000e+02,1.080000000000000000e+03,5.840000000000000000e+02,0.000000000000000000e+00,0.000000000000000000e+00,4.000000000000000000e+00
-1.000000000000000000e+00,1.600000000000000000e+01,1.600000000000000000e+01,1.096000000000000000e+03,5.840000000000000000e+02,1.096000000000000000e+03,5.840000000000000000e+02,0.000000000000000000e+00,0.000000000000000000e+00,4.000000000000000000e+00
1.000000000000000000e+00,1.600000000000000000e+01,1.600000000000000000e+01,1.096000000000000000e+03,5.840000000000000000e+02,1.096000000000000000e+03,5.840000000000000000e+02,0.000000000000000000e+00,0.000000000000000000e+00,4.000000000000000000e+00
-1.000000000000000000e+00,1.600000000000000000e+01,1.600000000000000000e+01,1.112000000000000000e+03,5.840000000000000000e+02,1.112000000000000000e+03,5.840000000000000000e+02,0.000000000000000000e+00,0.000000000000000000e+00,4.000000000000000000e+00
-1.000000000000000000e+00,1.600000000000000000e+01,1.600000000000000000e+01,1.128000000000000000e+03,5.840000000000000000e+02,1.128000000000000000e+03,5.840000000000000000e+02,0.000000000000000000e+00,0.000000000000000000e+00,4.000000000000000000e+00
1.000000000000000000e+00,1.600000000000000000e+01,1.600000000000000000e+01,1.128000000000000000e+03,5.840000000000000000e+02,1.128000000000000000e+03,5.840000000000000000e+02,0.000000000000000000e+00,0.000000000000000000e+00,4.000000000000000000e+00
1.000000000000000000e+00,1.600000000000000000e+01,1.600000000000000000e+01,1.144000000000000000e+03,5.840000000000000000e+02,1.144000000000000000e+03,5.840000000000000000e+02,0.000000000000000000e+00,0.000000000000000000e+00,4.000000000000000000e+00
1.000000000000000000e+00,1.600000000000000000e+01,1.600000000000000000e+01,1.160000000000000000e+03,5.840000000000000000e+02,1.160000000000000000e+03,5.840000000000000000e+02,0.000000000000000000e+00,0.000000000000000000e+00,4.000000000000000000e+00
1.000000000000000000e+00,1.600000000000000000e+01,1.600000000000000000e+01,1.204000000000000000e+03,5.670000000000000000e+02,1.176000000000000000e+03,5.840000000000000000e+02,1.120000000000000000e+02,-7.100000000000000000e+01,4.000000000000000000e+00
-1.000000000000000000e+00,1.600000000000000000e+01,1.600000000000000000e+01,1.192000000000000000e+03,5.840000000000000000e+02,1.192000000000000000e+03,5.840000000000000000e+02,0.000000000000000000e+00,0.000000000000000000e+00,4.000000000000000000e+00
-1.000000000000000000e+00,1.600000000000000000e+01,1.600000000000000000e+01,1.208000000000000000e+03,5.840000000000000000e+02,1.208000000000000000e+03,5.840000000000000000e+02,0.000000000000000000e+00,0.000000000000000000e+00,4.000000000000000000e+00
1.000000000000000000e+00,1.600000000000000000e+01,1.600000000000000000e+01,1.208000000000000000e+03,5.840000000000000000e+02,1.208000000000000000e+03,5.840000000000000000e+02,0.000000000000000000e+00,0.000000000000000000e+00,4.000000000000000000e+00
1.000000000000000000e+00,1.600000000000000000e+01,1.600000000000000000e+01,1.224000000000000000e+03,5.840000000000000000e+02,1.224000000000000000e+03,5.840000000000000000e+02,0.000000000000000000e+00,0.000000000000000000e+00,4.000000000000000000e+00
-1.000000000000000000e+00,1.600000000000000000e+01,1.600000000000000000e+01,1.240000000000000000e+03,5.840000000000000000e+02,1.240000000000000000e+03,5.840000000000000000e+02,0.000000000000000000e+00,0.000000000000000000e+00,4.000000000000000000e+00
1.000000000000000000e+00,1.600000000000000000e+01,1.600000000000000000e+01,1.240000000000000000e+03,5.840000000000000000e+02,1.240000000000000000e+03,5.840000000000000000e+02,0.000000000000000000e+00,0.000000000000000000e+00,4.000000000000000000e+00
-1.000000000000000000e+00,1.600000000000000000e+01,1.600000000000000000e+01,1.256000000000000000e+03,5.840000000000000000e+02,1.256000000000000000e+03,5.840000000000000000e+02,0.000000000000000000e+00,0.000000000000000000e+00,4.000000000000000000e+00
1.000000000000000000e+00,1.600000000000000000e+01,1.600000000000000000e+01,1.256000000000000000e+03,5.840000000000000000e+02,1.256000000000000000e+03,5.840000000000000000e+02,0.000000000000000000e+00,0.000000000000000000e+00,4.000000000000000000e+00
-1.000000000000000000e+00,1.600000000000000000e+01,1.600000000000000000e+01,1.272000000000000000e+03,5.840000000000000000e+02,1.272000000000000000e+03,5.840000000000000000e+02,0.000000000000000000e+00,0.000000000000000000e+00,4.000000000000000000e+00
1.000000000000000000e+00,1.600000000000000000e+01,1.600000000000000000e+01,1.272000000000000000e+03,5.840000000000000000e+02,1.272000000000000000e+03,5.840000000000000000e+02,0.000000000000000000e+00,0.000000000000000000e+00,4.000000000000000000e+00
-1.000000000000000000e+00,1.600000000000000000e+01,1.600000000000000000e+01,-6.000000000000000000e+00,6.150000000000000000e+02,8.000000000000000000e+00,6.000000000000000000e+02,-5.800000000000000000e+01,6.300000000000000000e+01,4.000000000000000000e+00
1.000000000000000000e+00,1.600000000000000000e+01,1.600000000000000000e+01,5.200000000000000000e+01,5.770000000000000000e+02,2.400000000000000000e+01,6.000000000000000000e+02,1.150000000000000000e+02,-9.400000000000000000e+01,4.000000000000000000e+00
1.000000000000000000e+00,1.600000000000000000e+01,1.600000000000000000e+01,6.900000000000000000e+01,5.770000000000000000e+02,4.000000000000000000e+01,6.000000000000000000e+02,1.160000000000000000e+02,-9.300000000000000000e+01,4.000000000000000000e+00
1.000000000000000000e+00,1.600000000000000000e+01,1.600000000000000000e+01,8.400000000000000000e+01,5.770000000000000000e+02,5.600000000000000000e+01,6.000000000000000000e+02,1.140000000000000000e+02,-9.300000000000000000e+01,4.000000000000000000e+00
-1.000000000000000000e+00,1.600000000000000000e+01,1.600000000000000000e+01,4.700000000000000000e+01,6.210000000000000000e+02,7.200000000000000000e+01,6.000000000000000000e+02,-1.000000000000000000e+02,8.600000000000000000e+01,4.000000000000000000e+00
1.000000000000000000e+00,1.600000000000000000e+01,1.600000000000000000e+01,9.900000000000000000e+01,5.780000000000000000e+02,7.200000000000000000e+01,6.000000000000000000e+02,1.090000000000000000e+02,-8.800000000000000000e+01,4.000000000000000000e+00
1.000000000000000000e+00,1.600000000000000000e+01,1.600000000000000000e+01,1.140000000000000000e+02,5.780000000000000000e+02,8.800000000000000000e+01,6.000000000000000000e+02,1.070000000000000000e+02,-8.800000000000000000e+01,4.000000000000000000e+00
-1.000000000000000000e+00,1.600000000000000000e+01,1.600000000000000000e+01,8.100000000000000000e+01,6.210000000000000000e+02,1.040000000000000000e+02,6.000000000000000000e+02,-9.500000000000000000e+01,8.600000000000000000e+01,4.000000000000000000e+00
1.000000000000000000e+00,1.600000000000000000e+01,1.600000000000000000e+01,1.300000000000000000e+02,5.780000000000000000e+02,1.040000000000000000e+02,6.000000000000000000e+02,1.070000000000000000e+02,-8.800000000000000000e+01,4.000000000000000000e+00
-1.000000000000000000e+00,1.600000000000000000e+01,1.600000000000000000e+01,9.700000000000000000e+01,6.210000000000000000e+02,1.200000000000000000e+02,6.000000000000000000e+02,-9.500000000000000000e+01,8.600000000000000000e+01,4.000000000000000000e+00
1.000000000000000000e+00,1.600000000000000000e+01,1.600000000000000000e+01,1.440000000000000000e+02,5.780000000000000000e+02,1.200000000000000000e+02,6.000000000000000000e+02,9.600000000000000000e+01,-8.800000000000000000e+01,4.000000000000000000e+00
-1.000000000000000000e+00,1.600000000000000000e+01,1.600000000000000000e+01,1.130000000000000000e+02,6.210000000000000000e+02,1.360000000000000000e+02,6.000000000000000000e+02,-9.500000000000000000e+01,8.400000000000000000e+01,4.000000000000000000e+00
1.000000000000000000e+00,1.600000000000000000e+01,1.600000000000000000e+01,1.600000000000000000e+02,5.780000000000000000e+02,1.360000000000000000e+02,6.000000000000000000e+02,9.600000000000000000e+01,-8.800000000000000000e+01,4.000000000000000000e+00
-1.000000000000000000e+00,8.000000000000000000e+00,1.600000000000000000e+01,1.480000000000000000e+02,6.000000000000000000e+02,1.480000000000000000e+02,6.000000000000000000e+02,0.000000000000000000e+00,0.000000000000000000e+00,4.000000000000000000e+00
-1.000000000000000000e+00,8.000000000000000000e+00,1.600000000000000000e+01,1.330000000000000000e+02,6.210000000000000000e+02,1.560000000000000000e+02,6.000000000000000000e+02,-9.500000000000000000e+01,8.500000000000000000e+01,4.000000000000000000e+00
1.000000000000000000e+00,8.000000000000000000e+00,1.600000000000000000e+01,1.720000000000000000e+02,5.780000000000000000e+02,1.480000000000000000e+02,6.000000000000000000e+02,9.600000000000000000e+01,-8.800000000000000000e+01,4.000000000000000000e+00
1.000000000000000000e+00,8.000000000000000000e+00,1.600000000000000000e+01,1.560000000000000000e+02,6.000000000000000000e+02,1.560000000000000000e+02,6.000000000000000000e+02,0.000000000000000000e+00,0.000000000000000000e+00,4.000000000000000000e+00
-1.000000000000000000e+00,1.600000000000000000e+01,1.600000000000000000e+01,1.450000000000000000e+02,6.210000000000000000e+02,1.680000000000000000e+02,6.000000000000000000e+02,-9.500000000000000000e+01,8.500000000000000000e+01,4.000000000000000000e+00
1.000000000000000000e+00,1.600000000000000000e+01,1.600000000000000000e+01,1.930000000000000000e+02,5.790000000000000000e+02,1.680000000000000000e+02,6.000000000000000000e+02,1.000000000000000000e+02,-8.700000000000000000e+01,4.000000000000000000e+00
-1.000000000000000000e+00,1.600000000000000000e+01,1.600000000000000000e+01,1.610000000000000000e+02,6.210000000000000000e+02,1.840000000000000000e+02,6.000000000000000000e+02,-9.500000000000000000e+01,8.400000000000000000e+01,4.000000000000000000e+00
1.000000000000000000e+00,1.600000000000000000e+01,1.600000000000000000e+01,2.090000000000000000e+02,5.790000000000000000e+02,1.840000000000000000e+02,6.000000000000000000e+02,1.000000000000000000e+02,-8.700000000000000000e+01,4.000000000000000000e+00
-1.000000000000000000e+00,1.600000000000000000e+01,1.600000000000000000e+01,1.770000000000000000e+02,6.210000000000000000e+02,2.000000000000000000e+02,6.000000000000000000e+02,-9.500000000000000000e+01,8.400000000000000000e+01,4.000000000000000000e+00
1.000000000000000000e+00,1.600000000000000000e+01,1.600000000000000000e+01,2.250000000000000000e+02,5.840000000000000000e+02,2.000000000000000000e+02,6.000000000000000000e+02,1.000000000000000000e+02,-6.600000000000000000e+01,4.000000000000000000e+00
-1.000000000000000000e+00,1.600000000000000000e+01,8.000000000000000000e+00,1.930000000000000000e+02,6.170000000000000000e+02,2.160000000000000000e+02,5.960000000000000000e+02,-9.500000000000000000e+01,8.400000000000000000e+01,4.000000000000000000e+00
-1.000000000000000000e+00,1.600000000000000000e+01,8.000000000000000000e+00,2.160000000000000000e+02,6.040000000000000000e+02,2.160000000000000000e+02,6.040000000000000000e+02,0.000000000000000000e+00,0.000000000000000000e+00,4.000000000000000000e+00
1.000000000000000000e+00,1.600000000000000000e+01,8.000000000000000000e+00,2.160000000000000000e+02,5.960000000000000000e+02,2.160000000000000000e+02,5.960000000000000000e+02,0.000000000000000000e+00,0.000000000000000000e+00,4.000000000000000000e+00
1.000000000000000000e+00,1.600000000000000000e+01,8.000000000000000000e+00,2.410000000000000000e+02,5.840000000000000000e+02,2.160000000000000000e+02,6.040000000000000000e+02,1.000000000000000000e+02,-8.000000000000000000e+01,4.000000000000000000e+00
-1.000000000000000000e+00,1.600000000000000000e+01,1.600000000000000000e+01,2.080000000000000000e+02,6.210000000000000000e+02,2.320000000000000000e+02,6.000000000000000000e+02,-9.600000000000000000e+01,8.400000000000000000e+01,4.000000000000000000e+00
1.000000000000000000e+00,1.600000000000000000e+01,1.600000000000000000e+01,2.740000000000000000e+02,5.790000000000000000e+02,2.480000000000000000e+02,6.000000000000000000e+02,1.040000000000000000e+02,-8.400000000000000000e+01,4.000000000000000000e+00
-1.000000000000000000e+00,1.600000000000000000e+01,8.000000000000000000e+00,2.410000000000000000e+02,6.160000000000000000e+02,2.640000000000000000e+02,5.960000000000000000e+02,-9.500000000000000000e+01,8.300000000000000000e+01,4.000000000000000000e+00
-1.000000000000000000e+00,1.600000000000000000e+01,8.000000000000000000e+00,2.640000000000000000e+02,6.040000000000000000e+02,2.640000000000000000e+02,6.040000000000000000e+02,0.000000000000000000e+00,0.000000000000000000e+00,4.000000000000000000e+00
1.000000000000000000e+00,1.600000000000000000e+01,8.000000000000000000e+00,2.640000000000000000e+02,5.960000000000000000e+02,2.640000000000000000e+02,5.960000000000000000e+02,0.000000000000000000e+00,0.000000000000000000e+00,4.000000000000000000e+00
1.000000000000000000e+00,1.600000000000000000e+01,8.000000000000000000e+00,2.900000000000000000e+02,5.840000000000000000e+02,2.640000000000000000e+02,6.040000000000000000e+02,1.040000000000000000e+02,-8.300000000000000000e+01,4.000000000000000000e+00
1.000000000000000000e+00,1.600000000000000000e+01,1.600000000000000000e+01,3.010000000000000000e+02,5.800000000000000000e+02,2.800000000000000000e+02,6.000000000000000000e+02,8.600000000000000000e+01,-8.000000000000000000e+01,4.000000000000000000e+00
-1.000000000000000000e+00,1.600000000000000000e+01,1.600000000000000000e+01,2.960000000000000000e+02,6.000000000000000000e+02,2.960000000000000000e+02,6.000000000000000000e+02,0.000000000000000000e+00,0.000000000000000000e+00,4.000000000000000000e+00
-1.000000000000000000e+00,1.600000000000000000e+01,1.600000000000000000e+01,3.120000000000000000e+02,6.000000000000000000e+02,3.120000000000000000e+02,6.000000000000000000e+02,0.000000000000000000e+00,0.000000000000000000e+00,4.000000000000000000e+00
-1.000000000000000000e+00,1.600000000000000000e+01,1.600000000000000000e+01,3.280000000000000000e+02,6.000000000000000000e+02,3.280000000000000000e+02,6.000000000000000000e+02,0.000000000000000000e+00,0.000000000000000000e+00,4.000000000000000000e+00
-1.000000000000000000e+00,1.600000000000000000e+01,1.600000000000000000e+01,3.440000000000000000e+02,6.000000000000000000e+02,3.440000000000000000e+02,6.000000000000000000e+02,0.000000000000000000e+00,0.000000000000000000e+00,4.000000000000000000e+00
-1.000000000000000000e+00,1.600000000000000000e+01,1.600000000000000000e+01,3.600000000000000000e+02,6.000000000000000000e+02,3.600000000000000000e+02,6.000000000000000000e+02,0.000000000000000000e+00,0.000000000000000000e+00,4.000000000000000000e+00
-1.000000000000000000e+00,1.600000000000000000e+01,1.600000000000000000e+01,3.760000000000000000e+02,6.160000000000000000e+02,3.760000000000000000e+02,6.000000000000000000e+02,0.000000000000000000e+00,6.400000000000000000e+01,4.000000000000000000e+00
-1.000000000000000000e+00,1.600000000000000000e+01,1.600000000000000000e+01,3.920000000000000000e+02,6.160000000000000000e+02,3.920000000000000000e+02,6.000000000000000000e+02,0.000000000000000000e+00,6.500000000000000000e+01,4.000000000000000000e+00
1.000000000000000000e+00,1.600000000000000000e+01,1.600000000000000000e+01,4.240000000000000000e+02,5.730000000000000000e+02,4.240000000000000000e+02,6.000000000000000000e+02,0.000000000000000000e+00,-1.100000000000000000e+02,4.000000000000000000e+00
-1.000000000000000000e+00,1.600000000000000000e+01,1.600000000000000000e+01,4.130000000000000000e+02,6.160000000000000000e+02,4.400000000000000000e+02,6.000000000000000000e+02,-1.090000000000000000e+02,6.400000000000000000e+01,4.000000000000000000e+00
-1.000000000000000000e+00,1.600000000000000000e+01,8.000000000000000000e+00,4.350000000000000000e+02,6.170000000000000000e+02,4.560000000000000000e+02,5.960000000000000000e+02,-8.400000000000000000e+01,8.700000000000000000e+01,4.000000000000000000e+00
-1.000000000000000000e+00,1.600000000000000000e+01,8.000000000000000000e+00,4.560000000000000000e+02,6.040000000000000000e+02,4.560000000000000000e+02,6.040000000000000000e+02,0.000000000000000000e+00,0.000000000000000000e+00,4.000000000000000000e+00
1.000000000000000000e+00,1.600000000000000000e+01,8.000000000000000000e+00,4.560000000000000000e+02,5.960000000000000000e+02,4.560000000000000000e+02,5.960000000000000000e+02,0.000000000000000000e+00,0.000000000000000000e+00,4.000000000000000000e+00
1.000000000000000000e+00,1.600000000000000000e+01,8.000000000000000000e+00,4.560000000000000000e+02,6.040000000000000000e+02,4.560000000000000000e+02,6.040000000000000000e+02,0.000000000000000000e+00,0.000000000000000000e+00,4.000000000000000000e+00
-1.000000000000000000e+00,1.600000000000000000e+01,1.600000000000000000e+01,4.510000000000000000e+02,6.200000000000000000e+02,4.720000000000000000e+02,6.000000000000000000e+02,-8.400000000000000000e+01,8.300000000000000000e+01,4.000000000000000000e+00
-1.000000000000000000e+00,1.600000000000000000e+01,1.600000000000000000e+01,4.670000000000000000e+02,6.190000000000000000e+02,4.880000000000000000e+02,6.000000000000000000e+02,-8.400000000000000000e+01,7.600000000000000000e+01,4.000000000000000000e+00
1.000000000000000000e+00,1.600000000000000000e+01,1.600000000000000000e+01,5.120000000000000000e+02,5.820000000000000000e+02,4.880000000000000000e+02,6.000000000000000000e+02,9.900000000000000000e+01,-7.500000000000000000e+01,4.000000000000000000e+00
-1.000000000000000000e+00,1.600000000000000000e+01,1.600000000000000000e+01,4.840000000000000000e+02,6.200000000000000000e+02,5.040000000000000000e+02,6.000000000000000000e+02,-8.200000000000000000e+01,8.100000000000000000e+01,4.000000000000000000e+00
-1.000000000000000000e+00,1.600000000000000000e+01,1.600000000000000000e+01,5.000000000000000000e+02,6.190000000000000000e+02,5.200000000000000000e+02,6.000000000000000000e+02,-8.200000000000000000e+01,7.600000000000000000e+01,4.000000000000000000e+00
-1.000000000000000000e+00,1.600000000000000000e+01,1.600000000000000000e+01,5.130000000000000000e+02,6.210000000000000000e+02,5.360000000000000000e+02,6.000000000000000000e+02,-9.200000000000000000e+01,8.600000000000000000e+01,4.000000000000000000e+00
-1.000000000000000000e+00,1.600000000000000000e+01,1.600000000000000000e+01,5.300000000000000000e+02,6.210000000000000000e+02,5.520000000000000000e+02,6.000000000000000000e+02,-9.100000000000000000e+01,8.400000000000000000e+01,4.000000000000000000e+00
1.000000000000000000e+00,1.600000000000000000e+01,1.600000000000000000e+01,5.800000000000000000e+02,5.950000000000000000e+02,5.680000000000000000e+02,6.000000000000000000e+02,4.800000000000000000e+01,-2.300000000000000000e+01,4.000000000000000000e+00
-1.000000000000000000e+00,1.600000000000000000e+01,1.600000000000000000e+01,5.730000000000000000e+02,6.050000000000000000e+02,5.840000000000000000e+02,6.000000000000000000e+02,-4.400000000000000000e+01,2.000000000000000000e+01,4.000000000000000000e+00
-1.000000000000000000e+00,1.600000000000000000e+01,1.600000000000000000e+01,5.980000000000000000e+02,6.000000000000000000e+02,6.000000000000000000e+02,6.000000000000000000e+02,-8.000000000000000000e+00,-1.000000000000000000e+00,4.000000000000000000e+00
-1.000000000000000000e+00,1.600000000000000000e+01,1.600000000000000000e+01,6.160000000000000000e+02,6.000000000000000000e+02,6.160000000000000000e+02,6.000000000000000000e+02,0.000000000000000000e+00,0.000000000000000000e+00,4.000000000000000000e+00
-1.000000000000000000e+00,1.600000000000000000e+01,1.600000000000000000e+01,6.320000000000000000e+02,6.000000000000000000e+02,6.320000000000000000e+02,6.000000000000000000e+02,0.000000000000000000e+00,0.000000000000000000e+00,4.000000000000000000e+00
-1.000000000000000000e+00,1.600000000000000000e+01,1.600000000000000000e+01,6.480000000000000000e+02,6.070000000000000000e+02,6.480000000000000000e+02,6.000000000000000000e+02,0.000000000000000000e+00,3.000000000000000000e+01,4.000000000000000000e+00
-1.000000000000000000e+00,1.600000000000000000e+01,1.600000000000000000e+01,6.640000000000000000e+02,6.210000000000000000e+02,6.640000000000000000e+02,6.000000000000000000e+02,0.000000000000000000e+00,8.400000000000000000e+01,4.000000000000000000e+00
1.000000000000000000e+00,1.600000000000000000e+01,8.000000000000000000e+00,6.800000000000000000e+02,5.860000000000000000e+02,6.800000000000000000e+02,5.960000000000000000e+02,0.000000000000000000e+00,-4.000000000000000000e+01,4.000000000000000000e+00
1.000000000000000000e+00,1.600000000000000000e+01,8.000000000000000000e+00,6.800000000000000000e+02,5.940000000000000000e+02,6.800000000000000000e+02,6.040000000000000000e+02,0.000000000000000000e+00,-4.200000000000000000e+01,4.000000000000000000e+00
-1.000000000000000000e+00,1.600000000000000000e+01,1.600000000000000000e+01,6.900000000000000000e+02,6.110000000000000000e+02,6.960000000000000000e+02,6.000000000000000000e+02,-2.700000000000000000e+01,4.500000000000000000e+01,4.000000000000000000e+00
-1.000000000000000000e+00,1.600000000000000000e+01,1.600000000000000000e+01,7.070000000000000000e+02,6.110000000000000000e+02,7.120000000000000000e+02,6.000000000000000000e+02,-2.300000000000000000e+01,4.500000000000000000e+01,4.000000000000000000e+00
1.000000000000000000e+00,1.600000000000000000e+01,1.600000000000000000e+01,7.160000000000000000e+02,5.880000000000000000e+02,7.120000000000000000e+02,6.000000000000000000e+02,1.600000000000000000e+01,-4.900000000000000000e+01,4.000000000000000000e+00
-1.000000000000000000e+00,1.600000000000000000e+01,1.600000000000000000e+01,7.230000000000000000e+02,6.110000000000000000e+02,7.280000000000000000e+02,6.000000000000000000e+02,-2.300000000000000000e+01,4.500000000000000000e+01,4.000000000000000000e+00
1.000000000000000000e+00,1.600000000000000000e+01,1.600000000000000000e+01,7.320000000000000000e+02,5.880000000000000000e+02,7.280000000000000000e+02,6.000000000000000000e+02,1.600000000000000000e+01,-4.900000000000000000e+01,4.000000000000000000e+00
1.000000000000000000e+00,1.600000000000000000e+01,8.000000000000000000e+00,7.830000000000000000e+02,5.810000000000000000e+02,7.600000000000000000e+02,5.960000000000000000e+02,9.300000000000000000e+01,-6.300000000000000000e+01,4.000000000000000000e+00
1.000000000000000000e+00,1.600000000000000000e+01,8.000000000000000000e+00,7.830000000000000000e+02,5.890000000000000000e+02,7.600000000000000000e+02,6.040000000000000000e+02,9.300000000000000000e+01,-6.300000000000000000e+01,4.000000000000000000e+00
1.000000000000000000e+00,1.600000000000000000e+01,1.600000000000000000e+01,8.010000000000000000e+02,5.820000000000000000e+02,7.760000000000000000e+02,6.000000000000000000e+02,1.020000000000000000e+02,-7.200000000000000000e+01,4.000000000000000000e+00
1.000000000000000000e+00,1.600000000000000000e+01,1.600000000000000000e+01,8.170000000000000000e+02,5.840000000000000000e+02,7.920000000000000000e+02,6.000000000000000000e+02,1.030000000000000000e+02,-6.400000000000000000e+01,4.000000000000000000e+00
-1.000000000000000000e+00,1.600000000000000000e+01,1.600000000000000000e+01,7.780000000000000000e+02,6.110000000000000000e+02,8.080000000000000000e+02,6.000000000000000000e+02,-1.200000000000000000e+02,4.400000000000000000e+01,4.000000000000000000e+00
-1.000000000000000000e+00,1.600000000000000000e+01,1.600000000000000000e+01,8.510000000000000000e+02,6.040000000000000000e+02,8.560000000000000000e+02,6.000000000000000000e+02,-2.200000000000000000e+01,1.900000000000000000e+01,4.000000000000000000e+00
1.000000000000000000e+00,1.600000000000000000e+01,1.600000000000000000e+01,8.700000000000000000e+02,5.940000000000000000e+02,8.720000000000000000e+02,6.000000000000000000e+02,-1.100000000000000000e+01,-2.700000000000000000e+01,4.000000000000000000e+00
1.000000000000000000e+00,1.600000000000000000e+01,1.600000000000000000e+01,8.860000000000000000e+02,5.940000000000000000e+02,8.880000000000000000e+02,6.000000000000000000e+02,-1.000000000000000000e+01,-2.700000000000000000e+01,4.000000000000000000e+00
-1.000000000000000000e+00,1.600000000000000000e+01,8.000000000000000000e+00,9.680000000000000000e+02,5.960000000000000000e+02,9.680000000000000000e+02,5.960000000000000000e+02,0.000000000000000000e+00,0.000000000000000000e+00,4.000000000000000000e+00
-1.000000000000000000e+00,1.600000000000000000e+01,8.000000000000000000e+00,9.680000000000000000e+02,6.040000000000000000e+02,9.680000000000000000e+02,6.040000000000000000e+02,0.000000000000000000e+00,0.000000000000000000e+00,4.000000000000000000e+00
-1.000000000000000000e+00,1.600000000000000000e+01,1.600000000000000000e+01,9.840000000000000000e+02,6.000000000000000000e+02,9.840000000000000000e+02,6.000000000000000000e+02,0.000000000000000000e+00,0.000000000000000000e+00,4.000000000000000000e+00
1.000000000000000000e+00,1.600000000000000000e+01,1.600000000000000000e+01,9.840000000000000000e+02,6.000000000000000000e+02,9.840000000000000000e+02,6.000000000000000000e+02,0.000000000000000000e+00,0.000000000000000000e+00,4.000000000000000000e+00
-1.000000000000000000e+00,1.600000000000000000e+01,1.600000000000000000e+01,1.000000000000000000e+03,6.000000000000000000e+02,1.000000000000000000e+03,6.000000000000000000e+02,0.000000000000000000e+00,0.000000000000000000e+00,4.000000000000000000e+00
-1.000000000000000000e+00,1.600000000000000000e+01,1.600000000000000000e+01,1.032000000000000000e+03,6.000000000000000000e+02,1.032000000000000000e+03,6.000000000000000000e+02,0.000000000000000000e+00,0.000000000000000000e+00,4.000000000000000000e+00
-1.000000000000000000e+00,1.600000000000000000e+01,1.600000000000000000e+01,1.048000000000000000e+03,6.000000000000000000e+02,1.048000000000000000e+03,6.000000000000000000e+02,0.000000000000000000e+00,0.000000000000000000e+00,4.000000000000000000e+00
-1.000000000000000000e+00,1.600000000000000000e+01,1.600000000000000000e+01,1.064000000000000000e+03,6.000000000000000000e+02,1.064000000000000000e+03,6.000000000000000000e+02,0.000000000000000000e+00,0.000000000000000000e+00,4.000000000000000000e+00
1.000000000000000000e+00,1.600000000000000000e+01,1.600000000000000000e+01,1.064000000000000000e+03,6.000000000000000000e+02,1.064000000000000000e+03,6.000000000000000000e+02,0.000000000000000000e+00,0.000000000000000000e+00,4.000000000000000000e+00
-1.000000000000000000e+00,1.600000000000000000e+01,1.600000000000000000e+01,1.080000000000000000e+03,6.000000000000000000e+02,1.080000000000000000e+03,6.000000000000000000e+02,0.000000000000000000e+00,0.000000000000000000e+00,4.000000000000000000e+00
-1.000000000000000000e+00,1.600000000000000000e+01,1.600000000000000000e+01,1.096000000000000000e+03,6.000000000000000000e+02,1.096000000000000000e+03,6.000000000000000000e+02,0.000000000000000000e+00,0.000000000000000000e+00,4.000000000000000000e+00
1.000000000000000000e+00,1.600000000000000000e+01,1.600000000000000000e+01,1.096000000000000000e+03,6.000000000000000000e+02,1.096000000000000000e+03,6.000000000000000000e+02,0.000000000000000000e+00,0.000000000000000000e+00,4.000000000000000000e+00
-1.000000000000000000e+00,1.600000000000000000e+01,1.600000000000000000e+01,1.112000000000000000e+03,6.000000000000000000e+02,1.112000000000000000e+03,6.000000000000000000e+02,0.000000000000000000e+00,0.000000000000000000e+00,4.000000000000000000e+00
1.000000000000000000e+00,1.600000000000000000e+01,1.600000000000000000e+01,1.112000000000000000e+03,6.000000000000000000e+02,1.112000000000000000e+03,6.000000000000000000e+02,0.000000000000000000e+00,0.000000000000000000e+00,4.000000000000000000e+00
-1.000000000000000000e+00,1.600000000000000000e+01,1.600000000000000000e+01,1.128000000000000000e+03,6.000000000000000000e+02,1.128000000000000000e+03,6.000000000000000000e+02,0.000000000000000000e+00,0.000000000000000000e+00,4.000000000000000000e+00
1.000000000000000000e+00,1.600000000000000000e+01,1.600000000000000000e+01,1.128000000000000000e+03,6.000000000000000000e+02,1.128000000000000000e+03,6.000000000000000000e+02,0.000000000000000000e+00,0.000000000000000000e+00,4.000000000000000000e+00
-1.000000000000000000e+00,1.600000000000000000e+01,1.600000000000000000e+01,1.144000000000000000e+03,6.000000000000000000e+02,1.144000000000000000e+03,6.000000000000000000e+02,0.000000000000000000e+00,0.000000000000000000e+00,4.000000000000000000e+00
1.000000000000000000e+00,1.600000000000000000e+01,1.600000000000000000e+01,1.144000000000000000e+03,6.000000000000000000e+02,1.144000000000000000e+03,6.000000000000000000e+02,0.000000000000000000e+00,0.000000000000000000e+00,4.000000000000000000e+00
-1.000000000000000000e+00,1.600000000000000000e+01,1.600000000000000000e+01,1.160000000000000000e+03,6.000000000000000000e+02,1.160000000000000000e+03,6.000000000000000000e+02,0.000000000000000000e+00,0.000000000000000000e+00,4.000000000000000000e+00
1.000000000000000000e+00,1.600000000000000000e+01,1.600000000000000000e+01,1.160000000000000000e+03,6.000000000000000000e+02,1.160000000000000000e+03,6.000000000000000000e+02,0.000000000000000000e+00,0.000000000000000000e+00,4.000000000000000000e+00
-1.000000000000000000e+00,1.600000000000000000e+01,1.600000000000000000e+01,1.176000000000000000e+03,6.000000000000000000e+02,1.176000000000000000e+03,6.000000000000000000e+02,0.000000000000000000e+00,0.000000000000000000e+00,4.000000000000000000e+00
1.000000000000000000e+00,1.600000000000000000e+01,1.600000000000000000e+01,1.176000000000000000e+03,6.000000000000000000e+02,1.176000000000000000e+03,6.000000000000000000e+02,0.000000000000000000e+00,0.000000000000000000e+00,4.000000000000000000e+00
-1.000000000000000000e+00,1.600000000000000000e+01,1.600000000000000000e+01,1.192000000000000000e+03,6.000000000000000000e+02,1.192000000000000000e+03,6.000000000000000000e+02,0.000000000000000000e+00,0.000000000000000000e+00,4.000000000000000000e+00
-1.000000000000000000e+00,1.600000000000000000e+01,1.600000000000000000e+01,1.208000000000000000e+03,6.000000000000000000e+02,1.208000000000000000e+03,6.000000000000000000e+02,0.000000000000000000e+00,0.000000000000000000e+00,4.000000000000000000e+00
-1.000000000000000000e+00,1.600000000000000000e+01,1.600000000000000000e+01,1.224000000000000000e+03,5.960000000000000000e+02,1.224000000000000000e+03,6.000000000000000000e+02,0.000000000000000000e+00,-1.800000000000000000e+01,4.000000000000000000e+00
-1.000000000000000000e+00,1.600000000000000000e+01,1.600000000000000000e+01,1.256000000000000000e+03,6.000000000000000000e+02,1.256000000000000000e+03,6.000000000000000000e+02,0.000000000000000000e+00,0.000000000000000000e+00,4.000000000000000000e+00
-1.000000000000000000e+00,1.600000000000000000e+01,1.600000000000000000e+01,1.272000000000000000e+03,6.000000000000000000e+02,1.272000000000000000e+03,6.000000000000000000e+02,0.000000000000000000e+00,0.000000000000000000e+00,4.000000000000000000e+00
1.000000000000000000e+00,1.600000000000000000e+01,1.600000000000000000e+01,3.600000000000000000e+01,5.930000000000000000e+02,8.000000000000000000e+00,6.160000000000000000e+02,1.150000000000000000e+02,-9.500000000000000000e+01,4.000000000000000000e+00
1.000000000000000000e+00,1.600000000000000000e+01,1.600000000000000000e+01,5.200000000000000000e+01,5.930000000000000000e+02,2.400000000000000000e+01,6.160000000000000000e+02,1.150000000000000000e+02,-9.400000000000000000e+01,4.000000000000000000e+00
1.000000000000000000e+00,1.600000000000000000e+01,1.600000000000000000e+01,6.900000000000000000e+01,5.930000000000000000e+02,4.000000000000000000e+01,6.160000000000000000e+02,1.170000000000000000e+02,-9.300000000000000000e+01,4.000000000000000000e+00
1.000000000000000000e+00,1.600000000000000000e+01,1.600000000000000000e+01,8.300000000000000000e+01,5.930000000000000000e+02,5.600000000000000000e+01,6.160000000000000000e+02,1.110000000000000000e+02,-9.200000000000000000e+01,4.000000000000000000e+00
1.000000000000000000e+00,1.600000000000000000e+01,1.600000000000000000e+01,9.900000000000000000e+01,5.930000000000000000e+02,7.200000000000000000e+01,6.160000000000000000e+02,1.110000000000000000e+02,-9.300000000000000000e+01,4.000000000000000000e+00
1.000000000000000000e+00,1.600000000000000000e+01,1.600000000000000000e+01,1.150000000000000000e+02,5.920000000000000000e+02,8.800000000000000000e+01,6.160000000000000000e+02,1.080000000000000000e+02,-9.600000000000000000e+01,4.000000000000000000e+00
1.000000000000000000e+00,1.600000000000000000e+01,8.000000000000000000e+00,1.300000000000000000e+02,5.900000000000000000e+02,1.040000000000000000e+02,6.120000000000000000e+02,1.070000000000000000e+02,-8.800000000000000000e+01,4.000000000000000000e+00
1.000000000000000000e+00,1.600000000000000000e+01,8.000000000000000000e+00,1.310000000000000000e+02,5.960000000000000000e+02,1.040000000000000000e+02,6.200000000000000000e+02,1.080000000000000000e+02,-9.600000000000000000e+01,4.000000000000000000e+00
-1.000000000000000000e+00,1.600000000000000000e+01,1.600000000000000000e+01,9.600000000000000000e+01,6.370000000000000000e+02,1.200000000000000000e+02,6.160000000000000000e+02,-9.600000000000000000e+01,8.400000000000000000e+01,4.000000000000000000e+00
-1.000000000000000000e+00,1.600000000000000000e+01,1.600000000000000000e+01,1.290000000000000000e+02,6.370000000000000000e+02,1.520000000000000000e+02,6.160000000000000000e+02,-9.500000000000000000e+01,8.500000000000000000e+01,4.000000000000000000e+00
1.000000000000000000e+00,1.600000000000000000e+01,1.600000000000000000e+01,1.760000000000000000e+02,5.950000000000000000e+02,1.520000000000000000e+02,6.160000000000000000e+02,9.600000000000000000e+01,-8.700000000000000000e+01,4.000000000000000000e+00
-1.000000000000000000e+00,1.600000000000000000e+01,1.600000000000000000e+01,1.450000000000000000e+02,6.320000000000000000e+02,1.680000000000000000e+02,6.160000000000000000e+02,-9.500000000000000000e+01,6.400000000000000000e+01,4.000000000000000000e+00
1.000000000000000000e+00,1.600000000000000000e+01,8.000000000000000000e+00,2.090000000000000000e+02,5.910000000000000000e+02,1.840000000000000000e+02,6.120000000000000000e+02,1.000000000000000000e+02,-8.700000000000000000e+01,4.000000000000000000e+00
1.000000000000000000e+00,1.600000000000000000e+01,8.000000000000000000e+00,2.090000000000000000e+02,5.990000000000000000e+02,1.840000000000000000e+02,6.200000000000000000e+02,1.000000000000000000e+02,-8.700000000000000000e+01,4.000000000000000000e+00
1.000000000000000000e+00,1.600000000000000000e+01,1.600000000000000000e+01,2.240000000000000000e+02,5.950000000000000000e+02,2.000000000000000000e+02,6.160000000000000000e+02,9.600000000000000000e+01,-8.400000000000000000e+01,4.000000000000000000e+00
1.000000000000000000e+00,1.600000000000000000e+01,8.000000000000000000e+00,2.740000000000000000e+02,5.920000000000000000e+02,2.480000000000000000e+02,6.120000000000000000e+02,1.040000000000000000e+02,-8.300000000000000000e+01,4.000000000000000000e+00
1.000000000000000000e+00,1.600000000000000000e+01,8.000000000000000000e+00,2.740000000000000000e+02,6.040000000000000000e+02,2.480000000000000000e+02,6.200000000000000000e+02,1.040000000000000000e+02,-6.400000000000000000e+01,4.000000000000000000e+00
1.000000000000000000e+00,1.600000000000000000e+01,8.000000000000000000e+00,2.900000000000000000e+02,5.920000000000000000e+02,2.640000000000000000e+02,6.120000000000000000e+02,1.040000000000000000e+02,-8.300000000000000000e+01,4.000000000000000000e+00
1.000000000000000000e+00,1.600000000000000000e+01,8.000000000000000000e+00,2.900000000000000000e+02,6.040000000000000000e+02,2.640000000000000000e+02,6.200000000000000000e+02,1.040000000000000000e+02,-6.400000000000000000e+01,4.000000000000000000e+00
1.000000000000000000e+00,1.600000000000000000e+01,8.000000000000000000e+00,3.010000000000000000e+02,5.920000000000000000e+02,2.800000000000000000e+02,6.120000000000000000e+02,8.600000000000000000e+01,-8.000000000000000000e+01,4.000000000000000000e+00
1.000000000000000000e+00,1.600000000000000000e+01,8.000000000000000000e+00,3.060000000000000000e+02,6.040000000000000000e+02,2.800000000000000000e+02,6.200000000000000000e+02,1.040000000000000000e+02,-6.400000000000000000e+01,4.000000000000000000e+00
1.000000000000000000e+00,1.600000000000000000e+01,1.600000000000000000e+01,3.170000000000000000e+02,5.970000000000000000e+02,2.960000000000000000e+02,6.160000000000000000e+02,8.600000000000000000e+01,-7.900000000000000000e+01,4.000000000000000000e+00
1.000000000000000000e+00,1.600000000000000000e+01,1.600000000000000000e+01,3.330000000000000000e+02,5.990000000000000000e+02,3.120000000000000000e+02,6.160000000000000000e+02,8.600000000000000000e+01,-7.100000000000000000e+01,4.000000000000000000e+00
-1.000000000000000000e+00,8.000000000000000000e+00,1.600000000000000000e+01,3.240000000000000000e+02,6.160000000000000000e+02,3.240000000000000000e+02,6.160000000000000000e+02,0.000000000000000000e+00,0.000000000000000000e+00,4.000000000000000000e+00
-1.000000000000000000e+00,8.000000000000000000e+00,1.600000000000000000e+01,3.320000000000000000e+02,6.270000000000000000e+02,3.320000000000000000e+02,6.160000000000000000e+02,0.000000000000000000e+00,4.400000000000000000e+01,4.000000000000000000e+00
1.000000000000000000e+00,8.000000000000000000e+00,1.600000000000000000e+01,3.450000000000000000e+02,5.990000000000000000e+02,3.240000000000000000e+02,6.160000000000000000e+02,8.600000000000000000e+01,-7.100000000000000000e+01,4.000000000000000000e+00
1.000000000000000000e+00,8.000000000000000000e+00,1.600000000000000000e+01,3.320000000000000000e+02,6.160000000000000000e+02,3.320000000000000000e+02,6.160000000000000000e+02,0.000000000000000000e+00,0.000000000000000000e+00,4.000000000000000000e+00
-1.000000000000000000e+00,1.600000000000000000e+01,1.600000000000000000e+01,3.760000000000000000e+02,6.330000000000000000e+02,3.760000000000000000e+02,6.160000000000000000e+02,0.000000000000000000e+00,6.900000000000000000e+01,4.000000000000000000e+00
1.000000000000000000e+00,1.600000000000000000e+01,1.600000000000000000e+01,3.920000000000000000e+02,6.000000000000000000e+02,3.920000000000000000e+02,6.160000000000000000e+02,0.000000000000000000e+00,-6.400000000000000000e+01,4.000000000000000000e+00
1.000000000000000000e+00,1.600000000000000000e+01,1.600000000000000000e+01,4.080000000000000000e+02,6.000000000000000000e+02,4.080000000000000000e+02,6.160000000000000000e+02,0.000000000000000000e+00,-6.400000000000000000e+01,4.000000000000000000e+00
-1.000000000000000000e+00,1.600000000000000000e+01,1.600000000000000000e+01,3.970000000000000000e+02,6.320000000000000000e+02,4.240000000000000000e+02,6.160000000000000000e+02,-1.090000000000000000e+02,6.400000000000000000e+01,4.000000000000000000e+00
1.000000000000000000e+00,1.600000000000000000e+01,1.600000000000000000e+01,4.240000000000000000e+02,6.000000000000000000e+02,4.240000000000000000e+02,6.160000000000000000e+02,0.000000000000000000e+00,-6.400000000000000000e+01,4.000000000000000000e+00
1.000000000000000000e+00,1.600000000000000000e+01,1.600000000000000000e+01,4.400000000000000000e+02,5.980000000000000000e+02,4.400000000000000000e+02,6.160000000000000000e+02,0.000000000000000000e+00,-7.200000000000000000e+01,4.000000000000000000e+00
1.000000000000000000e+00,1.600000000000000000e+01,1.600000000000000000e+01,4.720000000000000000e+02,6.010000000000000000e+02,4.720000000000000000e+02,6.160000000000000000e+02,0.000000000000000000e+00,-6.300000000000000000e+01,4.000000000000000000e+00
-1.000000000000000000e+00,1.600000000000000000e+01,1.600000000000000000e+01,4.680000000000000000e+02,6.350000000000000000e+02,4.880000000000000000e+02,6.160000000000000000e+02,-8.200000000000000000e+01,7.600000000000000000e+01,4.000000000000000000e+00
1.000000000000000000e+00,1.600000000000000000e+01,1.600000000000000000e+01,4.880000000000000000e+02,6.010000000000000000e+02,4.880000000000000000e+02,6.160000000000000000e+02,0.000000000000000000e+00,-6.300000000000000000e+01,4.000000000000000000e+00
-1.000000000000000000e+00,1.600000000000000000e+01,1.600000000000000000e+01,4.850000000000000000e+02,6.360000000000000000e+02,5.040000000000000000e+02,6.160000000000000000e+02,-7.600000000000000000e+01,8.300000000000000000e+01,4.000000000000000000e+00
-1.000000000000000000e+00,1.600000000000000000e+01,1.600000000000000000e+01,5.140000000000000000e+02,6.370000000000000000e+02,5.360000000000000000e+02,6.160000000000000000e+02,-9.100000000000000000e+01,8.400000000000000000e+01,4.000000000000000000e+00
-1.000000000000000000e+00,1.600000000000000000e+01,1.600000000000000000e+01,5.300000000000000000e+02,6.370000000000000000e+02,5.520000000000000000e+02,6.160000000000000000e+02,-9.100000000000000000e+01,8.400000000000000000e+01,4.000000000000000000e+00
1.000000000000000000e+00,1.600000000000000000e+01,1.600000000000000000e+01,5.640000000000000000e+02,6.110000000000000000e+02,5.520000000000000000e+02,6.160000000000000000e+02,4.800000000000000000e+01,-2.300000000000000000e+01,4.000000000000000000e+00
-1.000000000000000000e+00,1.600000000000000000e+01,1.600000000000000000e+01,5.590000000000000000e+02,6.260000000000000000e+02,5.680000000000000000e+02,6.160000000000000000e+02,-3.900000000000000000e+01,4.200000000000000000e+01,4.000000000000000000e+00
1.000000000000000000e+00,1.600000000000000000e+01,1.600000000000000000e+01,5.800000000000000000e+02,6.050000000000000000e+02,5.680000000000000000e+02,6.160000000000000000e+02,4.800000000000000000e+01,-4.500000000000000000e+01,4.000000000000000000e+00
-1.000000000000000000e+00,1.600000000000000000e+01,1.600000000000000000e+01,5.760000000000000000e+02,6.260000000000000000e+02,5.840000000000000000e+02,6.160000000000000000e+02,-3.500000000000000000e+01,4.100000000000000000e+01,4.000000000000000000e+00
1.000000000000000000e+00,1.600000000000000000e+01,1.600000000000000000e+01,5.920000000000000000e+02,6.030000000000000000e+02,5.840000000000000000e+02,6.160000000000000000e+02,3.200000000000000000e+01,-5.500000000000000000e+01,4.000000000000000000e+00
-1.000000000000000000e+00,1.600000000000000000e+01,1.600000000000000000e+01,5.930000000000000000e+02,6.270000000000000000e+02,6.000000000000000000e+02,6.160000000000000000e+02,-2.900000000000000000e+01,4.500000000000000000e+01,4.000000000000000000e+00
-1.000000000000000000e+00,1.600000000000000000e+01,1.600000000000000000e+01,6.110000000000000000e+02,6.270000000000000000e+02,6.160000000000000000e+02,6.160000000000000000e+02,-2.300000000000000000e+01,4.400000000000000000e+01,4.000000000000000000e+00
-1.000000000000000000e+00,1.600000000000000000e+01,1.600000000000000000e+01,6.260000000000000000e+02,6.270000000000000000e+02,6.320000000000000000e+02,6.160000000000000000e+02,-2.500000000000000000e+01,4.400000000000000000e+01,4.000000000000000000e+00
-1.000000000000000000e+00,1.600000000000000000e+01,1.600000000000000000e+01,6.420000000000000000e+02,6.270000000000000000e+02,6.480000000000000000e+02,6.160000000000000000e+02,-2.400000000000000000e+01,4.400000000000000000e+01,4.000000000000000000e+00
-1.000000000000000000e+00,1.600000000000000000e+01,1.600000000000000000e+01,6.570000000000000000e+02,6.270000000000000000e+02,6.640000000000000000e+02,6.160000000000000000e+02,-3.000000000000000000e+01,4.400000000000000000e+01,4.000000000000000000e+00
1.000000000000000000e+00,1.600000000000000000e+01,1.600000000000000000e+01,6.710000000000000000e+02,6.030000000000000000e+02,6.640000000000000000e+02,6.160000000000000000e+02,2.800000000000000000e+01,-5.200000000000000000e+01,4.000000000000000000e+00
-1.000000000000000000e+00,1.600000000000000000e+01,1.600000000000000000e+01,6.740000000000000000e+02,6.270000000000000000e+02,6.800000000000000000e+02,6.160000000000000000e+02,-2.500000000000000000e+01,4.400000000000000000e+01,4.000000000000000000e+00
-1.000000000000000000e+00,1.600000000000000000e+01,1.600000000000000000e+01,6.900000000000000000e+02,6.270000000000000000e+02,6.960000000000000000e+02,6.160000000000000000e+02,-2.500000000000000000e+01,4.500000000000000000e+01,4.000000000000000000e+00
1.000000000000000000e+00,1.600000000000000000e+01,1.600000000000000000e+01,7.000000000000000000e+02,6.040000000000000000e+02,6.960000000000000000e+02,6.160000000000000000e+02,1.600000000000000000e+01,-4.900000000000000000e+01,4.000000000000000000e+00
1.000000000000000000e+00,8.000000000000000000e+00,1.600000000000000000e+01,7.170000000000000000e+02,6.020000000000000000e+02,7.080000000000000000e+02,6.160000000000000000e+02,3.700000000000000000e+01,-5.700000000000000000e+01,4.000000000000000000e+00
1.000000000000000000e+00,8.000000000000000000e+00,1.600000000000000000e+01,7.280000000000000000e+02,6.010000000000000000e+02,7.160000000000000000e+02,6.160000000000000000e+02,4.800000000000000000e+01,-6.300000000000000000e+01,4.000000000000000000e+00
1.000000000000000000e+00,1.600000000000000000e+01,1.600000000000000000e+01,7.510000000000000000e+02,5.930000000000000000e+02,7.280000000000000000e+02,6.160000000000000000e+02,9.500000000000000000e+01,-9.300000000000000000e+01,4.000000000000000000e+00
1.000000000000000000e+00,1.600000000000000000e+01,1.600000000000000000e+01,7.860000000000000000e+02,6.140000000000000000e+02,7.600000000000000000e+02,6.160000000000000000e+02,1.070000000000000000e+02,-8.000000000000000000e+00,4.000000000000000000e+00
1.000000000000000000e+00,8.000000000000000000e+00,1.600000000000000000e+01,7.970000000000000000e+02,6.060000000000000000e+02,7.720000000000000000e+02,6.160000000000000000e+02,1.000000000000000000e+02,-4.100000000000000000e+01,4.000000000000000000e+00
1.000000000000000000e+00,8.000000000000000000e+00,1.600000000000000000e+01,8.050000000000000000e+02,6.000000000000000000e+02,7.800000000000000000e+02,6.160000000000000000e+02,1.030000000000000000e+02,-6.400000000000000000e+01,4.000000000000000000e+00
-1.000000000000000000e+00,1.600000000000000000e+01,1.600000000000000000e+01,7.620000000000000000e+02,6.270000000000000000e+02,7.920000000000000000e+02,6.160000000000000000e+02,-1.200000000000000000e+02,4.400000000000000000e+01,4.000000000000000000e+00
1.000000000000000000e+00,1.600000000000000000e+01,1.600000000000000000e+01,8.170000000000000000e+02,6.000000000000000000e+02,7.920000000000000000e+02,6.160000000000000000e+02,1.030000000000000000e+02,-6.400000000000000000e+01,4.000000000000000000e+00
-1.000000000000000000e+00,1.600000000000000000e+01,1.600000000000000000e+01,7.920000000000000000e+02,6.210000000000000000e+02,8.240000000000000000e+02,6.160000000000000000e+02,-1.310000000000000000e+02,2.100000000000000000e+01,4.000000000000000000e+00
-1.000000000000000000e+00,1.600000000000000000e+01,1.600000000000000000e+01,8.520000000000000000e+02,6.220000000000000000e+02,8.560000000000000000e+02,6.160000000000000000e+02,-1.800000000000000000e+01,2.500000000000000000e+01,4.000000000000000000e+00
-1.000000000000000000e+00,1.600000000000000000e+01,1.600000000000000000e+01,8.650000000000000000e+02,6.220000000000000000e+02,8.720000000000000000e+02,6.160000000000000000e+02,-2.800000000000000000e+01,2.500000000000000000e+01,4.000000000000000000e+00
1.000000000000000000e+00,1.600000000000000000e+01,1.600000000000000000e+01,8.840000000000000000e+02,6.120000000000000000e+02,8.880000000000000000e+02,6.160000000000000000e+02,-1.600000000000000000e+01,-1.700000000000000000e+01,4.000000000000000000e+00
1.000000000000000000e+00,1.600000000000000000e+01,1.600000000000000000e+01,9.030000000000000000e+02,6.120000000000000000e+02,9.040000000000000000e+02,6.160000000000000000e+02,-4.000000000000000000e+00,-1.700000000000000000e+01,4.000000000000000000e+00
1.000000000000000000e+00,1.600000000000000000e+01,1.600000000000000000e+01,9.360000000000000000e+02,6.160000000000000000e+02,9.360000000000000000e+02,6.160000000000000000e+02,0.000000000000000000e+00,0.000000000000000000e+00,4.000000000000000000e+00
1.000000000000000000e+00,1.600000000000000000e+01,1.600000000000000000e+01,9.520000000000000000e+02,6.160000000000000000e+02,9.520000000000000000e+02,6.160000000000000000e+02,0.000000000000000000e+00,0.000000000000000000e+00,4.000000000000000000e+00
-1.000000000000000000e+00,1.600000000000000000e+01,1.600000000000000000e+01,9.680000000000000000e+02,6.160000000000000000e+02,9.680000000000000000e+02,6.160000000000000000e+02,0.000000000000000000e+00,0.000000000000000000e+00,4.000000000000000000e+00
1.000000000000000000e+00,1.600000000000000000e+01,1.600000000000000000e+01,9.680000000000000000e+02,6.160000000000000000e+02,9.680000000000000000e+02,6.160000000000000000e+02,0.000000000000000000e+00,0.000000000000000000e+00,4.000000000000000000e+00
-1.000000000000000000e+00,1.600000000000000000e+01,1.600000000000000000e+01,1.000000000000000000e+03,6.160000000000000000e+02,1.000000000000000000e+03,6.160000000000000000e+02,0.000000000000000000e+00,0.000000000000000000e+00,4.000000000000000000e+00
1.000000000000000000e+00,1.600000000000000000e+01,1.600000000000000000e+01,1.000000000000000000e+03,6.160000000000000000e+02,1.000000000000000000e+03,6.160000000000000000e+02,0.000000000000000000e+00,0.000000000000000000e+00,4.000000000000000000e+00
-1.000000000000000000e+00,1.600000000000000000e+01,1.600000000000000000e+01,1.016000000000000000e+03,6.160000000000000000e+02,1.016000000000000000e+03,6.160000000000000000e+02,0.000000000000000000e+00,0.000000000000000000e+00,4.000000000000000000e+00
1.000000000000000000e+00,1.600000000000000000e+01,1.600000000000000000e+01,1.016000000000000000e+03,6.160000000000000000e+02,1.016000000000000000e+03,6.160000000000000000e+02,0.000000000000000000e+00,0.000000000000000000e+00,4.000000000000000000e+00
-1.000000000000000000e+00,1.600000000000000000e+01,1.600000000000000000e+01,1.032000000000000000e+03,6.160000000000000000e+02,1.032000000000000000e+03,6.160000000000000000e+02,0.000000000000000000e+00,0.000000000000000000e+00,4.000000000000000000e+00
-1.000000000000000000e+00,1.600000000000000000e+01,1.600000000000000000e+01,1.048000000000000000e+03,6.160000000000000000e+02,1.048000000000000000e+03,6.160000000000000000e+02,0.000000000000000000e+00,0.000000000000000000e+00,4.000000000000000000e+00
-1.000000000000000000e+00,1.600000000000000000e+01,1.600000000000000000e+01,1.064000000000000000e+03,6.160000000000000000e+02,1.064000000000000000e+03,6.160000000000000000e+02,0.000000000000000000e+00,0.000000000000000000e+00,4.000000000000000000e+00
1.000000000000000000e+00,1.600000000000000000e+01,1.600000000000000000e+01,1.064000000000000000e+03,6.160000000000000000e+02,1.064000000000000000e+03,6.160000000000000000e+02,0.000000000000000000e+00,0.000000000000000000e+00,4.000000000000000000e+00
-1.000000000000000000e+00,1.600000000000000000e+01,1.600000000000000000e+01,1.080000000000000000e+03,6.160000000000000000e+02,1.080000000000000000e+03,6.160000000000000000e+02,0.000000000000000000e+00,0.000000000000000000e+00,4.000000000000000000e+00
1.000000000000000000e+00,1.600000000000000000e+01,1.600000000000000000e+01,1.080000000000000000e+03,6.160000000000000000e+02,1.080000000000000000e+03,6.160000000000000000e+02,0.000000000000000000e+00,0.000000000000000000e+00,4.000000000000000000e+00
-1.000000000000000000e+00,1.600000000000000000e+01,1.600000000000000000e+01,1.096000000000000000e+03,6.160000000000000000e+02,1.096000000000000000e+03,6.160000000000000000e+02,0.000000000000000000e+00,0.000000000000000000e+00,4.000000000000000000e+00
1.000000000000000000e+00,1.600000000000000000e+01,1.600000000000000000e+01,1.096000000000000000e+03,6.160000000000000000e+02,1.096000000000000000e+03,6.160000000000000000e+02,0.000000000000000000e+00,0.000000000000000000e+00,4.000000000000000000e+00
-1.000000000000000000e+00,1.600000000000000000e+01,1.600000000000000000e+01,1.112000000000000000e+03,6.160000000000000000e+02,1.112000000000000000e+03,6.160000000000000000e+02,0.000000000000000000e+00,0.000000000000000000e+00,4.000000000000000000e+00
1.000000000000000000e+00,1.600000000000000000e+01,1.600000000000000000e+01,1.112000000000000000e+03,6.160000000000000000e+02,1.112000000000000000e+03,6.160000000000000000e+02,0.000000000000000000e+00,0.000000000000000000e+00,4.000000000000000000e+00
-1.000000000000000000e+00,1.600000000000000000e+01,1.600000000000000000e+01,1.128000000000000000e+03,6.160000000000000000e+02,1.128000000000000000e+03,6.160000000000000000e+02,0.000000000000000000e+00,0.000000000000000000e+00,4.000000000000000000e+00
-1.000000000000000000e+00,1.600000000000000000e+01,1.600000000000000000e+01,1.144000000000000000e+03,6.160000000000000000e+02,1.144000000000000000e+03,6.160000000000000000e+02,0.000000000000000000e+00,0.000000000000000000e+00,4.000000000000000000e+00
-1.000000000000000000e+00,1.600000000000000000e+01,1.600000000000000000e+01,1.160000000000000000e+03,6.160000000000000000e+02,1.160000000000000000e+03,6.160000000000000000e+02,0.000000000000000000e+00,0.000000000000000000e+00,4.000000000000000000e+00
1.000000000000000000e+00,1.600000000000000000e+01,1.600000000000000000e+01,1.187000000000000000e+03,6.000000000000000000e+02,1.176000000000000000e+03,6.160000000000000000e+02,4.600000000000000000e+01,-6.400000000000000000e+01,4.000000000000000000e+00
-1.000000000000000000e+00,1.600000000000000000e+01,1.600000000000000000e+01,1.192000000000000000e+03,6.160000000000000000e+02,1.192000000000000000e+03,6.160000000000000000e+02,0.000000000000000000e+00,0.000000000000000000e+00,4.000000000000000000e+00
1.000000000000000000e+00,1.600000000000000000e+01,1.600000000000000000e+01,1.203000000000000000e+03,6.000000000000000000e+02,1.192000000000000000e+03,6.160000000000000000e+02,4.600000000000000000e+01,-6.400000000000000000e+01,4.000000000000000000e+00
1.000000000000000000e+00,1.600000000000000000e+01,1.600000000000000000e+01,1.208000000000000000e+03,6.000000000000000000e+02,1.208000000000000000e+03,6.160000000000000000e+02,0.000000000000000000e+00,-6.400000000000000000e+01,4.000000000000000000e+00
1.000000000000000000e+00,1.600000000000000000e+01,1.600000000000000000e+01,1.224000000000000000e+03,6.000000000000000000e+02,1.224000000000000000e+03,6.160000000000000000e+02,0.000000000000000000e+00,-6.500000000000000000e+01,4.000000000000000000e+00
-1.000000000000000000e+00,1.600000000000000000e+01,1.600000000000000000e+01,1.240000000000000000e+03,6.160000000000000000e+02,1.240000000000000000e+03,6.160000000000000000e+02,0.000000000000000000e+00,-1.000000000000000000e+00,4.000000000000000000e+00
-1.000000000000000000e+00,1.600000000000000000e+01,1.600000000000000000e+01,1.256000000000000000e+03,6.160000000000000000e+02,1.256000000000000000e+03,6.160000000000000000e+02,0.000000000000000000e+00,0.000000000000000000e+00,4.000000000000000000e+00
-1.000000000000000000e+00,1.600000000000000000e+01,1.600000000000000000e+01,1.272000000000000000e+03,6.160000000000000000e+02,1.272000000000000000e+03,6.160000000000000000e+02,0.000000000000000000e+00,1.000000000000000000e+00,4.000000000000000000e+00
1.000000000000000000e+00,1.600000000000000000e+01,1.600000000000000000e+01,3.600000000000000000e+01,6.090000000000000000e+02,8.000000000000000000e+00,6.320000000000000000e+02,1.150000000000000000e+02,-9.400000000000000000e+01,4.000000000000000000e+00
1.000000000000000000e+00,1.600000000000000000e+01,1.600000000000000000e+01,5.200000000000000000e+01,6.090000000000000000e+02,2.400000000000000000e+01,6.320000000000000000e+02,1.150000000000000000e+02,-9.400000000000000000e+01,4.000000000000000000e+00
1.000000000000000000e+00,1.600000000000000000e+01,1.600000000000000000e+01,6.800000000000000000e+01,6.090000000000000000e+02,4.000000000000000000e+01,6.320000000000000000e+02,1.150000000000000000e+02,-9.300000000000000000e+01,4.000000000000000000e+00
1.000000000000000000e+00,8.000000000000000000e+00,1.600000000000000000e+01,8.000000000000000000e+01,6.090000000000000000e+02,5.200000000000000000e+01,6.320000000000000000e+02,1.150000000000000000e+02,-9.200000000000000000e+01,4.000000000000000000e+00
1.000000000000000000e+00,8.000000000000000000e+00,1.600000000000000000e+01,8.700000000000000000e+01,6.090000000000000000e+02,6.000000000000000000e+01,6.320000000000000000e+02,1.110000000000000000e+02,-9.300000000000000000e+01,4.000000000000000000e+00
1.000000000000000000e+00,1.600000000000000000e+01,1.600000000000000000e+01,9.900000000000000000e+01,6.090000000000000000e+02,7.200000000000000000e+01,6.320000000000000000e+02,1.110000000000000000e+02,-9.300000000000000000e+01,4.000000000000000000e+00
1.000000000000000000e+00,1.600000000000000000e+01,1.600000000000000000e+01,1.150000000000000000e+02,6.090000000000000000e+02,8.800000000000000000e+01,6.320000000000000000e+02,1.080000000000000000e+02,-9.300000000000000000e+01,4.000000000000000000e+00
-1.000000000000000000e+00,1.600000000000000000e+01,1.600000000000000000e+01,8.000000000000000000e+01,6.530000000000000000e+02,1.040000000000000000e+02,6.320000000000000000e+02,-9.600000000000000000e+01,8.400000000000000000e+01,4.000000000000000000e+00
1.000000000000000000e+00,1.600000000000000000e+01,1.600000000000000000e+01,1.310000000000000000e+02,6.090000000000000000e+02,1.040000000000000000e+02,6.320000000000000000e+02,1.080000000000000000e+02,-9.300000000000000000e+01,4.000000000000000000e+00
-1.000000000000000000e+00,1.600000000000000000e+01,1.600000000000000000e+01,9.600000000000000000e+01,6.530000000000000000e+02,1.200000000000000000e+02,6.320000000000000000e+02,-9.600000000000000000e+01,8.400000000000000000e+01,4.000000000000000000e+00
1.000000000000000000e+00,1.600000000000000000e+01,1.600000000000000000e+01,1.470000000000000000e+02,6.090000000000000000e+02,1.200000000000000000e+02,6.320000000000000000e+02,1.080000000000000000e+02,-9.300000000000000000e+01,4.000000000000000000e+00
-1.000000000000000000e+00,1.600000000000000000e+01,1.600000000000000000e+01,1.130000000000000000e+02,6.530000000000000000e+02,1.360000000000000000e+02,6.320000000000000000e+02,-9.500000000000000000e+01,8.400000000000000000e+01,4.000000000000000000e+00
1.000000000000000000e+00,1.600000000000000000e+01,1.600000000000000000e+01,1.600000000000000000e+02,6.110000000000000000e+02,1.360000000000000000e+02,6.320000000000000000e+02,9.600000000000000000e+01,-8.700000000000000000e+01,4.000000000000000000e+00
-1.000000000000000000e+00,1.600000000000000000e+01,1.600000000000000000e+01,1.280000000000000000e+02,6.530000000000000000e+02,1.520000000000000000e+02,6.320000000000000000e+02,-9.600000000000000000e+01,8.400000000000000000e+01,4.000000000000000000e+00
-1.000000000000000000e+00,1.600000000000000000e+01,1.600000000000000000e+01,1.450000000000000000e+02,6.480000000000000000e+02,1.680000000000000000e+02,6.320000000000000000e+02,-9.500000000000000000e+01,6.400000000000000000e+01,4.000000000000000000e+00
1.000000000000000000e+00,1.600000000000000000e+01,1.600000000000000000e+01,1.930000000000000000e+02,6.110000000000000000e+02,1.680000000000000000e+02,6.320000000000000000e+02,1.000000000000000000e+02,-8.700000000000000000e+01,4.000000000000000000e+00
-1.000000000000000000e+00,1.600000000000000000e+01,1.600000000000000000e+01,1.610000000000000000e+02,6.470000000000000000e+02,1.840000000000000000e+02,6.320000000000000000e+02,-9.500000000000000000e+01,6.000000000000000000e+01,4.000000000000000000e+00
1.000000000000000000e+00,1.600000000000000000e+01,1.600000000000000000e+01,2.260000000000000000e+02,6.100000000000000000e+02,2.000000000000000000e+02,6.320000000000000000e+02,1.040000000000000000e+02,-9.000000000000000000e+01,4.000000000000000000e+00
1.000000000000000000e+00,1.600000000000000000e+01,1.600000000000000000e+01,2.420000000000000000e+02,6.100000000000000000e+02,2.160000000000000000e+02,6.320000000000000000e+02,1.040000000000000000e+02,-9.000000000000000000e+01,4.000000000000000000e+00
1.000000000000000000e+00,1.600000000000000000e+01,1.600000000000000000e+01,2.580000000000000000e+02,6.160000000000000000e+02,2.320000000000000000e+02,6.320000000000000000e+02,1.040000000000000000e+02,-6.400000000000000000e+01,4.000000000000000000e+00
1.000000000000000000e+00,1.600000000000000000e+01,1.600000000000000000e+01,2.740000000000000000e+02,6.160000000000000000e+02,2.480000000000000000e+02,6.320000000000000000e+02,1.040000000000000000e+02,-6.400000000000000000e+01,4.000000000000000000e+00
1.000000000000000000e+00,1.600000000000000000e+01,1.600000000000000000e+01,2.900000000000000000e+02,6.360000000000000000e+02,2.640000000000000000e+02,6.320000000000000000e+02,1.040000000000000000e+02,1.600000000000000000e+01,4.000000000000000000e+00
-1.000000000000000000e+00,1.600000000000000000e+01,1.600000000000000000e+01,3.440000000000000000e+02,6.530000000000000000e+02,3.440000000000000000e+02,6.320000000000000000e+02,0.000000000000000000e+00,8.400000000000000000e+01,4.000000000000000000e+00
-1.000000000000000000e+00,1.600000000000000000e+01,1.600000000000000000e+01,3.600000000000000000e+02,6.490000000000000000e+02,3.600000000000000000e+02,6.320000000000000000e+02,0.000000000000000000e+00,6.900000000000000000e+01,4.000000000000000000e+00
1.000000000000000000e+00,1.600000000000000000e+01,1.600000000000000000e+01,3.760000000000000000e+02,6.160000000000000000e+02,3.760000000000000000e+02,6.320000000000000000e+02,0.000000000000000000e+00,-6.400000000000000000e+01,4.000000000000000000e+00
1.000000000000000000e+00,1.600000000000000000e+01,1.600000000000000000e+01,3.920000000000000000e+02,6.160000000000000000e+02,3.920000000000000000e+02,6.320000000000000000e+02,0.000000000000000000e+00,-6.400000000000000000e+01,4.000000000000000000e+00
-1.000000000000000000e+00,1.600000000000000000e+01,1.600000000000000000e+01,3.810000000000000000e+02,6.480000000000000000e+02,4.080000000000000000e+02,6.320000000000000000e+02,-1.090000000000000000e+02,6.400000000000000000e+01,4.000000000000000000e+00
1.000000000000000000e+00,1.600000000000000000e+01,1.600000000000000000e+01,4.080000000000000000e+02,6.160000000000000000e+02,4.080000000000000000e+02,6.320000000000000000e+02,0.000000000000000000e+00,-6.400000000000000000e+01,4.000000000000000000e+00
1.000000000000000000e+00,1.600000000000000000e+01,1.600000000000000000e+01,4.240000000000000000e+02,6.160000000000000000e+02,4.240000000000000000e+02,6.320000000000000000e+02,0.000000000000000000e+00,-6.400000000000000000e+01,4.000000000000000000e+00
1.000000000000000000e+00,1.600000000000000000e+01,1.600000000000000000e+01,4.400000000000000000e+02,6.160000000000000000e+02,4.400000000000000000e+02,6.320000000000000000e+02,0.000000000000000000e+00,-6.400000000000000000e+01,4.000000000000000000e+00
1.000000000000000000e+00,1.600000000000000000e+01,1.600000000000000000e+01,4.560000000000000000e+02,6.160000000000000000e+02,4.560000000000000000e+02,6.320000000000000000e+02,0.000000000000000000e+00,-6.400000000000000000e+01,4.000000000000000000e+00
-1.000000000000000000e+00,1.600000000000000000e+01,1.600000000000000000e+01,4.520000000000000000e+02,6.510000000000000000e+02,4.720000000000000000e+02,6.320000000000000000e+02,-8.200000000000000000e+01,7.600000000000000000e+01,4.000000000000000000e+00
1.000000000000000000e+00,1.600000000000000000e+01,1.600000000000000000e+01,4.720000000000000000e+02,6.170000000000000000e+02,4.720000000000000000e+02,6.320000000000000000e+02,0.000000000000000000e+00,-6.300000000000000000e+01,4.000000000000000000e+00
-1.000000000000000000e+00,1.600000000000000000e+01,1.600000000000000000e+01,4.660000000000000000e+02,6.510000000000000000e+02,4.880000000000000000e+02,6.320000000000000000e+02,-9.000000000000000000e+01,7.600000000000000000e+01,4.000000000000000000e+00
-1.000000000000000000e+00,1.600000000000000000e+01,1.600000000000000000e+01,4.850000000000000000e+02,6.510000000000000000e+02,5.040000000000000000e+02,6.320000000000000000e+02,-7.600000000000000000e+01,7.700000000000000000e+01,4.000000000000000000e+00
-1.000000000000000000e+00,1.600000000000000000e+01,1.600000000000000000e+01,4.990000000000000000e+02,6.510000000000000000e+02,5.200000000000000000e+02,6.320000000000000000e+02,-8.600000000000000000e+01,7.900000000000000000e+01,4.000000000000000000e+00
-1.000000000000000000e+00,1.600000000000000000e+01,1.600000000000000000e+01,5.140000000000000000e+02,6.530000000000000000e+02,5.360000000000000000e+02,6.320000000000000000e+02,-9.100000000000000000e+01,8.400000000000000000e+01,4.000000000000000000e+00
-1.000000000000000000e+00,1.600000000000000000e+01,1.600000000000000000e+01,5.290000000000000000e+02,6.520000000000000000e+02,5.520000000000000000e+02,6.320000000000000000e+02,-9.200000000000000000e+01,8.300000000000000000e+01,4.000000000000000000e+00
-1.000000000000000000e+00,1.600000000000000000e+01,1.600000000000000000e+01,5.920000000000000000e+02,6.430000000000000000e+02,6.000000000000000000e+02,6.320000000000000000e+02,-3.300000000000000000e+01,4.400000000000000000e+01,4.000000000000000000e+00
1.000000000000000000e+00,1.600000000000000000e+01,1.600000000000000000e+01,6.070000000000000000e+02,6.190000000000000000e+02,6.000000000000000000e+02,6.320000000000000000e+02,2.900000000000000000e+01,-5.200000000000000000e+01,4.000000000000000000e+00
-1.000000000000000000e+00,1.600000000000000000e+01,1.600000000000000000e+01,6.080000000000000000e+02,6.430000000000000000e+02,6.160000000000000000e+02,6.320000000000000000e+02,-3.200000000000000000e+01,4.400000000000000000e+01,4.000000000000000000e+00
-1.000000000000000000e+00,1.600000000000000000e+01,1.600000000000000000e+01,6.250000000000000000e+02,6.430000000000000000e+02,6.320000000000000000e+02,6.320000000000000000e+02,-3.000000000000000000e+01,4.400000000000000000e+01,4.000000000000000000e+00
-1.000000000000000000e+00,1.600000000000000000e+01,1.600000000000000000e+01,6.420000000000000000e+02,6.430000000000000000e+02,6.480000000000000000e+02,6.320000000000000000e+02,-2.600000000000000000e+01,4.400000000000000000e+01,4.000000000000000000e+00
-1.000000000000000000e+00,1.600000000000000000e+01,1.600000000000000000e+01,6.580000000000000000e+02,6.430000000000000000e+02,6.640000000000000000e+02,6.320000000000000000e+02,-2.600000000000000000e+01,4.400000000000000000e+01,4.000000000000000000e+00
1.000000000000000000e+00,1.600000000000000000e+01,1.600000000000000000e+01,6.710000000000000000e+02,6.190000000000000000e+02,6.640000000000000000e+02,6.320000000000000000e+02,2.800000000000000000e+01,-5.200000000000000000e+01,4.000000000000000000e+00
-1.000000000000000000e+00,1.600000000000000000e+01,1.600000000000000000e+01,6.740000000000000000e+02,6.430000000000000000e+02,6.800000000000000000e+02,6.320000000000000000e+02,-2.500000000000000000e+01,4.400000000000000000e+01,4.000000000000000000e+00
1.000000000000000000e+00,1.600000000000000000e+01,1.600000000000000000e+01,6.840000000000000000e+02,6.200000000000000000e+02,6.800000000000000000e+02,6.320000000000000000e+02,1.600000000000000000e+01,-4.900000000000000000e+01,4.000000000000000000e+00
-1.000000000000000000e+00,1.600000000000000000e+01,1.600000000000000000e+01,6.900000000000000000e+02,6.430000000000000000e+02,6.960000000000000000e+02,6.320000000000000000e+02,-2.500000000000000000e+01,4.400000000000000000e+01,4.000000000000000000e+00
1.000000000000000000e+00,1.600000000000000000e+01,1.600000000000000000e+01,7.000000000000000000e+02,6.200000000000000000e+02,6.960000000000000000e+02,6.320000000000000000e+02,1.600000000000000000e+01,-4.900000000000000000e+01,4.000000000000000000e+00
1.000000000000000000e+00,1.600000000000000000e+01,1.600000000000000000e+01,7.240000000000000000e+02,6.180000000000000000e+02,7.120000000000000000e+02,6.320000000000000000e+02,4.800000000000000000e+01,-5.600000000000000000e+01,4.000000000000000000e+00
1.000000000000000000e+00,1.600000000000000000e+01,1.600000000000000000e+01,7.520000000000000000e+02,6.110000000000000000e+02,7.280000000000000000e+02,6.320000000000000000e+02,9.600000000000000000e+01,-8.700000000000000000e+01,4.000000000000000000e+00
-1.000000000000000000e+00,1.600000000000000000e+01,1.600000000000000000e+01,8.340000000000000000e+02,6.380000000000000000e+02,8.400000000000000000e+02,6.320000000000000000e+02,-2.400000000000000000e+01,2.500000000000000000e+01,4.000000000000000000e+00
1.000000000000000000e+00,1.600000000000000000e+01,1.600000000000000000e+01,8.470000000000000000e+02,6.290000000000000000e+02,8.560000000000000000e+02,6.320000000000000000e+02,-3.600000000000000000e+01,-1.200000000000000000e+01,4.000000000000000000e+00
-1.000000000000000000e+00,8.000000000000000000e+00,8.000000000000000000e+00,8.610000000000000000e+02,6.340000000000000000e+02,8.680000000000000000e+02,6.280000000000000000e+02,-2.800000000000000000e+01,2.500000000000000000e+01,4.000000000000000000e+00
-1.000000000000000000e+00,8.000000000000000000e+00,8.000000000000000000e+00,8.690000000000000000e+02,6.340000000000000000e+02,8.760000000000000000e+02,6.280000000000000000e+02,-2.800000000000000000e+01,2.500000000000000000e+01,4.000000000000000000e+00
-1.000000000000000000e+00,8.000000000000000000e+00,8.000000000000000000e+00,8.610000000000000000e+02,6.290000000000000000e+02,8.680000000000000000e+02,6.360000000000000000e+02,-2.800000000000000000e+01,-2.800000000000000000e+01,4.000000000000000000e+00
-1.000000000000000000e+00,8.000000000000000000e+00,8.000000000000000000e+00,8.690000000000000000e+02,6.420000000000000000e+02,8.760000000000000000e+02,6.360000000000000000e+02,-2.800000000000000000e+01,2.500000000000000000e+01,4.000000000000000000e+00
1.000000000000000000e+00,8.000000000000000000e+00,8.000000000000000000e+00,8.640000000000000000e+02,6.250000000000000000e+02,8.680000000000000000e+02,6.280000000000000000e+02,-1.600000000000000000e+01,-1.200000000000000000e+01,4.000000000000000000e+00
1.000000000000000000e+00,8.000000000000000000e+00,8.000000000000000000e+00,8.720000000000000000e+02,6.250000000000000000e+02,8.760000000000000000e+02,6.280000000000000000e+02,-1.600000000000000000e+01,-1.200000000000000000e+01,4.000000000000000000e+00
1.000000000000000000e+00,8.000000000000000000e+00,8.000000000000000000e+00,8.680000000000000000e+02,6.360000000000000000e+02,8.680000000000000000e+02,6.360000000000000000e+02,0.000000000000000000e+00,0.000000000000000000e+00,4.000000000000000000e+00
1.000000000000000000e+00,8.000000000000000000e+00,8.000000000000000000e+00,8.720000000000000000e+02,6.330000000000000000e+02,8.760000000000000000e+02,6.360000000000000000e+02,-1.600000000000000000e+01,-1.200000000000000000e+01,4.000000000000000000e+00
-1.000000000000000000e+00,1.600000000000000000e+01,8.000000000000000000e+00,8.880000000000000000e+02,6.300000000000000000e+02,8.880000000000000000e+02,6.280000000000000000e+02,-3.000000000000000000e+00,8.000000000000000000e+00,4.000000000000000000e+00
-1.000000000000000000e+00,1.600000000000000000e+01,8.000000000000000000e+00,8.880000000000000000e+02,6.420000000000000000e+02,8.880000000000000000e+02,6.360000000000000000e+02,2.000000000000000000e+00,2.400000000000000000e+01,4.000000000000000000e+00
1.000000000000000000e+00,1.600000000000000000e+01,1.600000000000000000e+01,9.030000000000000000e+02,6.280000000000000000e+02,9.040000000000000000e+02,6.320000000000000000e+02,-4.000000000000000000e+00,-1.700000000000000000e+01,4.000000000000000000e+00
1.000000000000000000e+00,1.600000000000000000e+01,1.600000000000000000e+01,9.200000000000000000e+02,6.320000000000000000e+02,9.200000000000000000e+02,6.320000000000000000e+02,0.000000000000000000e+00,0.000000000000000000e+00,4.000000000000000000e+00
1.000000000000000000e+00,1.600000000000000000e+01,1.600000000000000000e+01,9.360000000000000000e+02,6.320000000000000000e+02,9.360000000000000000e+02,6.320000000000000000e+02,0.000000000000000000e+00,0.000000000000000000e+00,4.000000000000000000e+00
1.000000000000000000e+00,1.600000000000000000e+01,1.600000000000000000e+01,9.520000000000000000e+02,6.320000000000000000e+02,9.520000000000000000e+02,6.320000000000000000e+02,0.000000000000000000e+00,0.000000000000000000e+00,4.000000000000000000e+00
1.000000000000000000e+00,1.600000000000000000e+01,1.600000000000000000e+01,9.680000000000000000e+02,6.320000000000000000e+02,9.680000000000000000e+02,6.320000000000000000e+02,0.000000000000000000e+00,0.000000000000000000e+00,4.000000000000000000e+00
1.000000000000000000e+00,1.600000000000000000e+01,1.600000000000000000e+01,1.000000000000000000e+03,6.320000000000000000e+02,1.000000000000000000e+03,6.320000000000000000e+02,0.000000000000000000e+00,0.000000000000000000e+00,4.000000000000000000e+00
-1.000000000000000000e+00,1.600000000000000000e+01,1.600000000000000000e+01,1.016000000000000000e+03,6.320000000000000000e+02,1.016000000000000000e+03,6.320000000000000000e+02,0.000000000000000000e+00,0.000000000000000000e+00,4.000000000000000000e+00
1.000000000000000000e+00,1.600000000000000000e+01,1.600000000000000000e+01,1.016000000000000000e+03,6.320000000000000000e+02,1.016000000000000000e+03,6.320000000000000000e+02,0.000000000000000000e+00,0.000000000000000000e+00,4.000000000000000000e+00
-1.000000000000000000e+00,1.600000000000000000e+01,1.600000000000000000e+01,1.032000000000000000e+03,6.320000000000000000e+02,1.032000000000000000e+03,6.320000000000000000e+02,0.000000000000000000e+00,0.000000000000000000e+00,4.000000000000000000e+00
-1.000000000000000000e+00,1.600000000000000000e+01,1.600000000000000000e+01,1.048000000000000000e+03,6.320000000000000000e+02,1.048000000000000000e+03,6.320000000000000000e+02,0.000000000000000000e+00,0.000000000000000000e+00,4.000000000000000000e+00
-1.000000000000000000e+00,1.600000000000000000e+01,1.600000000000000000e+01,1.064000000000000000e+03,6.320000000000000000e+02,1.064000000000000000e+03,6.320000000000000000e+02,0.000000000000000000e+00,0.000000000000000000e+00,4.000000000000000000e+00
-1.000000000000000000e+00,1.600000000000000000e+01,1.600000000000000000e+01,1.119000000000000000e+03,6.480000000000000000e+02,1.128000000000000000e+03,6.320000000000000000e+02,-3.900000000000000000e+01,6.500000000000000000e+01,4.000000000000000000e+00
-1.000000000000000000e+00,1.600000000000000000e+01,1.600000000000000000e+01,1.139000000000000000e+03,6.470000000000000000e+02,1.144000000000000000e+03,6.320000000000000000e+02,-2.000000000000000000e+01,6.200000000000000000e+01,4.000000000000000000e+00
1.000000000000000000e+00,1.600000000000000000e+01,1.600000000000000000e+01,1.171000000000000000e+03,6.160000000000000000e+02,1.160000000000000000e+03,6.320000000000000000e+02,4.700000000000000000e+01,-6.400000000000000000e+01,4.000000000000000000e+00
1.000000000000000000e+00,1.600000000000000000e+01,1.600000000000000000e+01,1.203000000000000000e+03,6.130000000000000000e+02,1.176000000000000000e+03,6.320000000000000000e+02,1.090000000000000000e+02,-7.700000000000000000e+01,4.000000000000000000e+00
1.000000000000000000e+00,8.000000000000000000e+00,1.600000000000000000e+01,1.215000000000000000e+03,6.120000000000000000e+02,1.188000000000000000e+03,6.320000000000000000e+02,1.090000000000000000e+02,-8.000000000000000000e+01,4.000000000000000000e+00
1.000000000000000000e+00,8.000000000000000000e+00,1.600000000000000000e+01,1.196000000000000000e+03,6.160000000000000000e+02,1.196000000000000000e+03,6.320000000000000000e+02,0.000000000000000000e+00,-6.600000000000000000e+01,4.000000000000000000e+00
1.000000000000000000e+00,1.600000000000000000e+01,1.600000000000000000e+01,1.208000000000000000e+03,6.170000000000000000e+02,1.208000000000000000e+03,6.320000000000000000e+02,0.000000000000000000e+00,-6.100000000000000000e+01,4.000000000000000000e+00
1.000000000000000000e+00,1.600000000000000000e+01,1.600000000000000000e+01,1.267000000000000000e+03,6.130000000000000000e+02,1.240000000000000000e+03,6.320000000000000000e+02,1.080000000000000000e+02,-7.600000000000000000e+01,4.000000000000000000e+00
1.000000000000000000e+00,1.600000000000000000e+01,1.600000000000000000e+01,1.283000000000000000e+03,6.160000000000000000e+02,1.256000000000000000e+03,6.320000000000000000e+02,1.080000000000000000e+02,-6.700000000000000000e+01,4.000000000000000000e+00
-1.000000000000000000e+00,1.600000000000000000e+01,8.000000000000000000e+00,1.272000000000000000e+03,6.420000000000000000e+02,1.272000000000000000e+03,6.280000000000000000e+02,0.000000000000000000e+00,5.600000000000000000e+01,4.000000000000000000e+00
-1.000000000000000000e+00,1.600000000000000000e+01,8.000000000000000000e+00,1.272000000000000000e+03,6.500000000000000000e+02,1.272000000000000000e+03,6.360000000000000000e+02,0.000000000000000000e+00,5.600000000000000000e+01,4.000000000000000000e+00
1.000000000000000000e+00,1.600000000000000000e+01,1.600000000000000000e+01,3.600000000000000000e+01,6.250000000000000000e+02,8.000000000000000000e+00,6.480000000000000000e+02,1.150000000000000000e+02,-9.400000000000000000e+01,4.000000000000000000e+00
1.000000000000000000e+00,1.600000000000000000e+01,8.000000000000000000e+00,5.200000000000000000e+01,6.210000000000000000e+02,2.400000000000000000e+01,6.440000000000000000e+02,1.150000000000000000e+02,-9.500000000000000000e+01,4.000000000000000000e+00
1.000000000000000000e+00,1.600000000000000000e+01,8.000000000000000000e+00,5.200000000000000000e+01,6.260000000000000000e+02,2.400000000000000000e+01,6.520000000000000000e+02,1.150000000000000000e+02,-1.040000000000000000e+02,4.000000000000000000e+00
1.000000000000000000e+00,1.600000000000000000e+01,1.600000000000000000e+01,6.800000000000000000e+01,6.240000000000000000e+02,4.000000000000000000e+01,6.480000000000000000e+02,1.150000000000000000e+02,-9.600000000000000000e+01,4.000000000000000000e+00
1.000000000000000000e+00,1.600000000000000000e+01,1.600000000000000000e+01,8.400000000000000000e+01,6.250000000000000000e+02,5.600000000000000000e+01,6.480000000000000000e+02,1.150000000000000000e+02,-9.300000000000000000e+01,4.000000000000000000e+00
1.000000000000000000e+00,1.600000000000000000e+01,1.600000000000000000e+01,9.900000000000000000e+01,6.250000000000000000e+02,7.200000000000000000e+01,6.480000000000000000e+02,1.110000000000000000e+02,-9.300000000000000000e+01,4.000000000000000000e+00
1.000000000000000000e+00,1.600000000000000000e+01,1.600000000000000000e+01,1.150000000000000000e+02,6.250000000000000000e+02,8.800000000000000000e+01,6.480000000000000000e+02,1.080000000000000000e+02,-9.300000000000000000e+01,4.000000000000000000e+00
1.000000000000000000e+00,1.600000000000000000e+01,1.600000000000000000e+01,1.310000000000000000e+02,6.250000000000000000e+02,1.040000000000000000e+02,6.480000000000000000e+02,1.080000000000000000e+02,-9.300000000000000000e+01,4.000000000000000000e+00
1.000000000000000000e+00,1.600000000000000000e+01,1.600000000000000000e+01,1.470000000000000000e+02,6.250000000000000000e+02,1.200000000000000000e+02,6.480000000000000000e+02,1.080000000000000000e+02,-9.300000000000000000e+01,4.000000000000000000e+00
-1.000000000000000000e+00,1.600000000000000000e+01,1.600000000000000000e+01,1.130000000000000000e+02,6.690000000000000000e+02,1.360000000000000000e+02,6.480000000000000000e+02,-9.500000000000000000e+01,8.400000000000000000e+01,4.000000000000000000e+00
1.000000000000000000e+00,1.600000000000000000e+01,1.600000000000000000e+01,1.600000000000000000e+02,6.270000000000000000e+02,1.360000000000000000e+02,6.480000000000000000e+02,9.600000000000000000e+01,-8.700000000000000000e+01,4.000000000000000000e+00
-1.000000000000000000e+00,1.600000000000000000e+01,1.600000000000000000e+01,1.290000000000000000e+02,6.690000000000000000e+02,1.520000000000000000e+02,6.480000000000000000e+02,-9.500000000000000000e+01,8.400000000000000000e+01,4.000000000000000000e+00
1.000000000000000000e+00,1.600000000000000000e+01,1.600000000000000000e+01,1.760000000000000000e+02,6.270000000000000000e+02,1.520000000000000000e+02,6.480000000000000000e+02,9.600000000000000000e+01,-8.700000000000000000e+01,4.000000000000000000e+00
-1.000000000000000000e+00,1.600000000000000000e+01,1.600000000000000000e+01,1.440000000000000000e+02,6.690000000000000000e+02,1.680000000000000000e+02,6.480000000000000000e+02,-9.600000000000000000e+01,8.400000000000000000e+01,4.000000000000000000e+00
1.000000000000000000e+00,1.600000000000000000e+01,1.600000000000000000e+01,2.110000000000000000e+02,6.250000000000000000e+02,1.840000000000000000e+02,6.480000000000000000e+02,1.080000000000000000e+02,-9.300000000000000000e+01,4.000000000000000000e+00
1.000000000000000000e+00,1.600000000000000000e+01,1.600000000000000000e+01,2.260000000000000000e+02,6.260000000000000000e+02,2.000000000000000000e+02,6.480000000000000000e+02,1.040000000000000000e+02,-9.000000000000000000e+01,4.000000000000000000e+00
1.000000000000000000e+00,1.600000000000000000e+01,1.600000000000000000e+01,2.740000000000000000e+02,6.540000000000000000e+02,2.480000000000000000e+02,6.480000000000000000e+02,1.040000000000000000e+02,2.400000000000000000e+01,4.000000000000000000e+00
-1.000000000000000000e+00,1.600000000000000000e+01,1.600000000000000000e+01,2.640000000000000000e+02,6.480000000000000000e+02,2.640000000000000000e+02,6.480000000000000000e+02,0.000000000000000000e+00,1.000000000000000000e+00,4.000000000000000000e+00
-1.000000000000000000e+00,1.600000000000000000e+01,1.600000000000000000e+01,2.800000000000000000e+02,6.480000000000000000e+02,2.800000000000000000e+02,6.480000000000000000e+02,0.000000000000000000e+00,1.000000000000000000e+00,4.000000000000000000e+00
1.000000000000000000e+00,1.600000000000000000e+01,1.600000000000000000e+01,2.960000000000000000e+02,6.480000000000000000e+02,2.960000000000000000e+02,6.480000000000000000e+02,0.000000000000000000e+00,0.000000000000000000e+00,4.000000000000000000e+00
1.000000000000000000e+00,1.600000000000000000e+01,1.600000000000000000e+01,3.120000000000000000e+02,6.480000000000000000e+02,3.120000000000000000e+02,6.480000000000000000e+02,0.000000000000000000e+00,0.000000000000000000e+00,4.000000000000000000e+00
1.000000000000000000e+00,1.600000000000000000e+01,1.600000000000000000e+01,3.280000000000000000e+02,6.480000000000000000e+02,3.280000000000000000e+02,6.480000000000000000e+02,0.000000000000000000e+00,0.000000000000000000e+00,4.000000000000000000e+00
1.000000000000000000e+00,1.600000000000000000e+01,1.600000000000000000e+01,3.600000000000000000e+02,6.320000000000000000e+02,3.600000000000000000e+02,6.480000000000000000e+02,0.000000000000000000e+00,-6.400000000000000000e+01,4.000000000000000000e+00
1.000000000000000000e+00,8.000000000000000000e+00,1.600000000000000000e+01,3.720000000000000000e+02,6.320000000000000000e+02,3.720000000000000000e+02,6.480000000000000000e+02,0.000000000000000000e+00,-6.400000000000000000e+01,4.000000000000000000e+00
1.000000000000000000e+00,8.000000000000000000e+00,1.600000000000000000e+01,3.800000000000000000e+02,6.380000000000000000e+02,3.800000000000000000e+02,6.480000000000000000e+02,0.000000000000000000e+00,-4.000000000000000000e+01,4.000000000000000000e+00
-1.000000000000000000e+00,1.600000000000000000e+01,1.600000000000000000e+01,3.650000000000000000e+02,6.640000000000000000e+02,3.920000000000000000e+02,6.480000000000000000e+02,-1.090000000000000000e+02,6.400000000000000000e+01,4.000000000000000000e+00
1.000000000000000000e+00,1.600000000000000000e+01,1.600000000000000000e+01,3.920000000000000000e+02,6.320000000000000000e+02,3.920000000000000000e+02,6.480000000000000000e+02,0.000000000000000000e+00,-6.400000000000000000e+01,4.000000000000000000e+00
1.000000000000000000e+00,1.600000000000000000e+01,1.600000000000000000e+01,4.080000000000000000e+02,6.380000000000000000e+02,4.080000000000000000e+02,6.480000000000000000e+02,0.000000000000000000e+00,-4.000000000000000000e+01,4.000000000000000000e+00
1.000000000000000000e+00,1.600000000000000000e+01,1.600000000000000000e+01,4.400000000000000000e+02,6.320000000000000000e+02,4.400000000000000000e+02,6.480000000000000000e+02,0.000000000000000000e+00,-6.400000000000000000e+01,4.000000000000000000e+00
-1.000000000000000000e+00,1.600000000000000000e+01,1.600000000000000000e+01,4.360000000000000000e+02,6.640000000000000000e+02,4.560000000000000000e+02,6.480000000000000000e+02,-8.200000000000000000e+01,6.400000000000000000e+01,4.000000000000000000e+00
-1.000000000000000000e+00,1.600000000000000000e+01,1.600000000000000000e+01,4.520000000000000000e+02,6.670000000000000000e+02,4.720000000000000000e+02,6.480000000000000000e+02,-8.200000000000000000e+01,7.600000000000000000e+01,4.000000000000000000e+00
1.000000000000000000e+00,1.600000000000000000e+01,1.600000000000000000e+01,4.720000000000000000e+02,6.330000000000000000e+02,4.720000000000000000e+02,6.480000000000000000e+02,0.000000000000000000e+00,-6.300000000000000000e+01,4.000000000000000000e+00
-1.000000000000000000e+00,1.600000000000000000e+01,1.600000000000000000e+01,4.680000000000000000e+02,6.670000000000000000e+02,4.880000000000000000e+02,6.480000000000000000e+02,-8.200000000000000000e+01,7.900000000000000000e+01,4.000000000000000000e+00
-1.000000000000000000e+00,1.600000000000000000e+01,1.600000000000000000e+01,4.840000000000000000e+02,6.670000000000000000e+02,5.040000000000000000e+02,6.480000000000000000e+02,-8.200000000000000000e+01,7.900000000000000000e+01,4.000000000000000000e+00
1.000000000000000000e+00,1.600000000000000000e+01,1.600000000000000000e+01,5.200000000000000000e+02,6.320000000000000000e+02,5.200000000000000000e+02,6.480000000000000000e+02,0.000000000000000000e+00,-6.400000000000000000e+01,4.000000000000000000e+00
-1.000000000000000000e+00,1.600000000000000000e+01,1.600000000000000000e+01,5.140000000000000000e+02,6.680000000000000000e+02,5.360000000000000000e+02,6.480000000000000000e+02,-9.100000000000000000e+01,8.300000000000000000e+01,4.000000000000000000e+00
1.000000000000000000e+00,1.600000000000000000e+01,1.600000000000000000e+01,5.360000000000000000e+02,6.320000000000000000e+02,5.360000000000000000e+02,6.480000000000000000e+02,0.000000000000000000e+00,-6.400000000000000000e+01,4.000000000000000000e+00
-1.000000000000000000e+00,1.600000000000000000e+01,1.600000000000000000e+01,5.290000000000000000e+02,6.680000000000000000e+02,5.520000000000000000e+02,6.480000000000000000e+02,-9.200000000000000000e+01,8.300000000000000000e+01,4.000000000000000000e+00
-1.000000000000000000e+00,1.600000000000000000e+01,1.600000000000000000e+01,5.450000000000000000e+02,6.680000000000000000e+02,5.680000000000000000e+02,6.480000000000000000e+02,-9.200000000000000000e+01,8.300000000000000000e+01,4.000000000000000000e+00
-1.000000000000000000e+00,1.600000000000000000e+01,1.600000000000000000e+01,5.890000000000000000e+02,6.560000000000000000e+02,6.000000000000000000e+02,6.480000000000000000e+02,-4.700000000000000000e+01,3.500000000000000000e+01,4.000000000000000000e+00
1.000000000000000000e+00,1.600000000000000000e+01,1.600000000000000000e+01,6.130000000000000000e+02,6.400000000000000000e+02,6.000000000000000000e+02,6.480000000000000000e+02,5.300000000000000000e+01,-3.400000000000000000e+01,4.000000000000000000e+00
-1.000000000000000000e+00,8.000000000000000000e+00,1.600000000000000000e+01,6.010000000000000000e+02,6.580000000000000000e+02,6.120000000000000000e+02,6.480000000000000000e+02,-4.700000000000000000e+01,4.100000000000000000e+01,4.000000000000000000e+00
-1.000000000000000000e+00,8.000000000000000000e+00,1.600000000000000000e+01,6.110000000000000000e+02,6.590000000000000000e+02,6.200000000000000000e+02,6.480000000000000000e+02,-3.700000000000000000e+01,4.400000000000000000e+01,4.000000000000000000e+00
-1.000000000000000000e+00,1.600000000000000000e+01,1.600000000000000000e+01,6.230000000000000000e+02,6.600000000000000000e+02,6.320000000000000000e+02,6.480000000000000000e+02,-3.600000000000000000e+01,4.900000000000000000e+01,4.000000000000000000e+00
-1.000000000000000000e+00,1.600000000000000000e+01,1.600000000000000000e+01,6.380000000000000000e+02,6.590000000000000000e+02,6.480000000000000000e+02,6.480000000000000000e+02,-4.100000000000000000e+01,4.400000000000000000e+01,4.000000000000000000e+00
-1.000000000000000000e+00,1.600000000000000000e+01,1.600000000000000000e+01,6.560000000000000000e+02,6.590000000000000000e+02,6.640000000000000000e+02,6.480000000000000000e+02,-3.300000000000000000e+01,4.400000000000000000e+01,4.000000000000000000e+00
-1.000000000000000000e+00,1.600000000000000000e+01,1.600000000000000000e+01,6.740000000000000000e+02,6.590000000000000000e+02,6.800000000000000000e+02,6.480000000000000000e+02,-2.500000000000000000e+01,4.400000000000000000e+01,4.000000000000000000e+00
1.000000000000000000e+00,1.600000000000000000e+01,1.600000000000000000e+01,6.840000000000000000e+02,6.360000000000000000e+02,6.800000000000000000e+02,6.480000000000000000e+02,1.600000000000000000e+01,-4.900000000000000000e+01,4.000000000000000000e+00
1.000000000000000000e+00,1.600000000000000000e+01,1.600000000000000000e+01,7.080000000000000000e+02,6.340000000000000000e+02,6.960000000000000000e+02,6.480000000000000000e+02,5.100000000000000000e+01,-5.600000000000000000e+01,4.000000000000000000e+00
1.000000000000000000e+00,1.600000000000000000e+01,1.600000000000000000e+01,7.240000000000000000e+02,6.340000000000000000e+02,7.120000000000000000e+02,6.480000000000000000e+02,5.100000000000000000e+01,-5.600000000000000000e+01,4.000000000000000000e+00
1.000000000000000000e+00,1.600000000000000000e+01,1.600000000000000000e+01,7.520000000000000000e+02,6.280000000000000000e+02,7.280000000000000000e+02,6.480000000000000000e+02,9.600000000000000000e+01,-8.000000000000000000e+01,4.000000000000000000e+00
1.000000000000000000e+00,1.600000000000000000e+01,1.600000000000000000e+01,7.680000000000000000e+02,6.270000000000000000e+02,7.440000000000000000e+02,6.480000000000000000e+02,9.900000000000000000e+01,-8.400000000000000000e+01,4.000000000000000000e+00
-1.000000000000000000e+00,1.600000000000000000e+01,8.000000000000000000e+00,8.080000000000000000e+02,6.440000000000000000e+02,8.080000000000000000e+02,6.440000000000000000e+02,0.000000000000000000e+00,0.000000000000000000e+00,4.000000000000000000e+00
-1.000000000000000000e+00,1.600000000000000000e+01,8.000000000000000000e+00,8.080000000000000000e+02,6.580000000000000000e+02,8.080000000000000000e+02,6.520000000000000000e+02,0.000000000000000000e+00,2.400000000000000000e+01,4.000000000000000000e+00
-1.000000000000000000e+00,1.600000000000000000e+01,1.600000000000000000e+01,8.240000000000000000e+02,6.510000000000000000e+02,8.240000000000000000e+02,6.480000000000000000e+02,0.000000000000000000e+00,1.500000000000000000e+01,4.000000000000000000e+00
1.000000000000000000e+00,8.000000000000000000e+00,1.600000000000000000e+01,8.430000000000000000e+02,6.480000000000000000e+02,8.520000000000000000e+02,6.480000000000000000e+02,-3.600000000000000000e+01,-1.000000000000000000e+00,4.000000000000000000e+00
1.000000000000000000e+00,8.000000000000000000e+00,1.600000000000000000e+01,8.570000000000000000e+02,6.480000000000000000e+02,8.600000000000000000e+02,6.480000000000000000e+02,-1.400000000000000000e+01,0.000000000000000000e+00,4.000000000000000000e+00
-1.000000000000000000e+00,1.600000000000000000e+01,1.600000000000000000e+01,8.720000000000000000e+02,6.530000000000000000e+02,8.720000000000000000e+02,6.480000000000000000e+02,0.000000000000000000e+00,2.300000000000000000e+01,4.000000000000000000e+00
1.000000000000000000e+00,1.600000000000000000e+01,1.600000000000000000e+01,8.680000000000000000e+02,6.470000000000000000e+02,8.720000000000000000e+02,6.480000000000000000e+02,-1.700000000000000000e+01,-7.000000000000000000e+00,4.000000000000000000e+00
-1.000000000000000000e+00,1.600000000000000000e+01,1.600000000000000000e+01,8.880000000000000000e+02,6.530000000000000000e+02,8.880000000000000000e+02,6.480000000000000000e+02,-1.000000000000000000e+00,2.300000000000000000e+01,4.000000000000000000e+00
-1.000000000000000000e+00,1.600000000000000000e+01,1.600000000000000000e+01,9.040000000000000000e+02,6.530000000000000000e+02,9.040000000000000000e+02,6.480000000000000000e+02,-1.000000000000000000e+00,2.300000000000000000e+01,4.000000000000000000e+00
1.000000000000000000e+00,1.600000000000000000e+01,1.600000000000000000e+01,9.040000000000000000e+02,6.480000000000000000e+02,9.040000000000000000e+02,6.480000000000000000e+02,0.000000000000000000e+00,0.000000000000000000e+00,4.000000000000000000e+00
-1.000000000000000000e+00,1.600000000000000000e+01,1.600000000000000000e+01,9.200000000000000000e+02,6.530000000000000000e+02,9.200000000000000000e+02,6.480000000000000000e+02,-1.000000000000000000e+00,2.300000000000000000e+01,4.000000000000000000e+00
1.000000000000000000e+00,1.600000000000000000e+01,1.600000000000000000e+01,9.200000000000000000e+02,6.480000000000000000e+02,9.200000000000000000e+02,6.480000000000000000e+02,0.000000000000000000e+00,0.000000000000000000e+00,4.000000000000000000e+00
-1.000000000000000000e+00,1.600000000000000000e+01,1.600000000000000000e+01,9.360000000000000000e+02,6.530000000000000000e+02,9.360000000000000000e+02,6.480000000000000000e+02,-1.000000000000000000e+00,2.300000000000000000e+01,4.000000000000000000e+00
-1.000000000000000000e+00,1.600000000000000000e+01,1.600000000000000000e+01,1.025000000000000000e+03,6.660000000000000000e+02,1.048000000000000000e+03,6.480000000000000000e+02,-9.300000000000000000e+01,7.400000000000000000e+01,4.000000000000000000e+00
1.000000000000000000e+00,1.600000000000000000e+01,1.600000000000000000e+01,1.092000000000000000e+03,6.280000000000000000e+02,1.064000000000000000e+03,6.480000000000000000e+02,1.140000000000000000e+02,-8.100000000000000000e+01,4.000000000000000000e+00
1.000000000000000000e+00,1.600000000000000000e+01,1.600000000000000000e+01,1.108000000000000000e+03,6.280000000000000000e+02,1.080000000000000000e+03,6.480000000000000000e+02,1.140000000000000000e+02,-8.100000000000000000e+01,4.000000000000000000e+00
1.000000000000000000e+00,1.600000000000000000e+01,1.600000000000000000e+01,1.124000000000000000e+03,6.280000000000000000e+02,1.096000000000000000e+03,6.480000000000000000e+02,1.140000000000000000e+02,-8.100000000000000000e+01,4.000000000000000000e+00
-1.000000000000000000e+00,1.600000000000000000e+01,1.600000000000000000e+01,1.103000000000000000e+03,6.640000000000000000e+02,1.112000000000000000e+03,6.480000000000000000e+02,-3.900000000000000000e+01,6.500000000000000000e+01,4.000000000000000000e+00
1.000000000000000000e+00,1.600000000000000000e+01,1.600000000000000000e+01,1.140000000000000000e+03,6.280000000000000000e+02,1.112000000000000000e+03,6.480000000000000000e+02,1.140000000000000000e+02,-8.100000000000000000e+01,4.000000000000000000e+00
-1.000000000000000000e+00,1.600000000000000000e+01,1.600000000000000000e+01,1.125000000000000000e+03,6.640000000000000000e+02,1.128000000000000000e+03,6.480000000000000000e+02,-1.500000000000000000e+01,6.500000000000000000e+01,4.000000000000000000e+00
-1.000000000000000000e+00,1.600000000000000000e+01,1.600000000000000000e+01,1.141000000000000000e+03,6.640000000000000000e+02,1.144000000000000000e+03,6.480000000000000000e+02,-1.500000000000000000e+01,6.700000000000000000e+01,4.000000000000000000e+00
1.000000000000000000e+00,1.600000000000000000e+01,1.600000000000000000e+01,1.203000000000000000e+03,6.290000000000000000e+02,1.176000000000000000e+03,6.480000000000000000e+02,1.090000000000000000e+02,-7.700000000000000000e+01,4.000000000000000000e+00
1.000000000000000000e+00,1.600000000000000000e+01,1.600000000000000000e+01,1.219000000000000000e+03,6.290000000000000000e+02,1.192000000000000000e+03,6.480000000000000000e+02,1.090000000000000000e+02,-7.700000000000000000e+01,4.000000000000000000e+00
1.000000000000000000e+00,1.600000000000000000e+01,1.600000000000000000e+01,1.233000000000000000e+03,6.320000000000000000e+02,1.208000000000000000e+03,6.480000000000000000e+02,1.010000000000000000e+02,-6.400000000000000000e+01,4.000000000000000000e+00
1.000000000000000000e+00,1.600000000000000000e+01,1.600000000000000000e+01,1.249000000000000000e+03,6.320000000000000000e+02,1.224000000000000000e+03,6.480000000000000000e+02,1.010000000000000000e+02,-6.400000000000000000e+01,4.000000000000000000e+00
1.000000000000000000e+00,1.600000000000000000e+01,1.600000000000000000e+01,1.267000000000000000e+03,6.320000000000000000e+02,1.240000000000000000e+03,6.480000000000000000e+02,1.080000000000000000e+02,-6.700000000000000000e+01,4.000000000000000000e+00
1.000000000000000000e+00,1.600000000000000000e+01,1.600000000000000000e+01,1.283000000000000000e+03,6.320000000000000000e+02,1.256000000000000000e+03,6.480000000000000000e+02,1.080000000000000000e+02,-6.700000000000000000e+01,4.000000000000000000e+00
1.000000000000000000e+00,1.600000000000000000e+01,1.600000000000000000e+01,3.800000000000000000e+01,6.380000000000000000e+02,8.000000000000000000e+00,6.640000000000000000e+02,1.200000000000000000e+02,-1.060000000000000000e+02,4.000000000000000000e+00
1.000000000000000000e+00,1.600000000000000000e+01,1.600000000000000000e+01,5.200000000000000000e+01,6.400000000000000000e+02,2.400000000000000000e+01,6.640000000000000000e+02,1.150000000000000000e+02,-9.700000000000000000e+01,4.000000000000000000e+00
1.000000000000000000e+00,1.600000000000000000e+01,1.600000000000000000e+01,6.400000000000000000e+01,6.400000000000000000e+02,4.000000000000000000e+01,6.640000000000000000e+02,9.600000000000000000e+01,-9.600000000000000000e+01,4.000000000000000000e+00
1.000000000000000000e+00,1.600000000000000000e+01,8.000000000000000000e+00,8.700000000000000000e+01,6.370000000000000000e+02,5.600000000000000000e+01,6.600000000000000000e+02,1.240000000000000000e+02,-9.200000000000000000e+01,4.000000000000000000e+00
1.000000000000000000e+00,1.600000000000000000e+01,8.000000000000000000e+00,8.500000000000000000e+01,6.430000000000000000e+02,5.600000000000000000e+01,6.680000000000000000e+02,1.160000000000000000e+02,-1.000000000000000000e+02,4.000000000000000000e+00
1.000000000000000000e+00,1.600000000000000000e+01,8.000000000000000000e+00,1.000000000000000000e+02,6.370000000000000000e+02,7.200000000000000000e+01,6.600000000000000000e+02,1.150000000000000000e+02,-9.300000000000000000e+01,4.000000000000000000e+00
1.000000000000000000e+00,1.600000000000000000e+01,8.000000000000000000e+00,1.010000000000000000e+02,6.440000000000000000e+02,7.200000000000000000e+01,6.680000000000000000e+02,1.170000000000000000e+02,-9.800000000000000000e+01,4.000000000000000000e+00
1.000000000000000000e+00,1.600000000000000000e+01,1.600000000000000000e+01,1.150000000000000000e+02,6.410000000000000000e+02,8.800000000000000000e+01,6.640000000000000000e+02,1.080000000000000000e+02,-9.300000000000000000e+01,4.000000000000000000e+00
1.000000000000000000e+00,1.600000000000000000e+01,1.600000000000000000e+01,1.310000000000000000e+02,6.410000000000000000e+02,1.040000000000000000e+02,6.640000000000000000e+02,1.080000000000000000e+02,-9.500000000000000000e+01,4.000000000000000000e+00
-1.000000000000000000e+00,8.000000000000000000e+00,1.600000000000000000e+01,1.160000000000000000e+02,6.640000000000000000e+02,1.160000000000000000e+02,6.640000000000000000e+02,0.000000000000000000e+00,0.000000000000000000e+00,4.000000000000000000e+00
-1.000000000000000000e+00,8.000000000000000000e+00,1.600000000000000000e+01,1.010000000000000000e+02,6.850000000000000000e+02,1.240000000000000000e+02,6.640000000000000000e+02,-9.500000000000000000e+01,8.400000000000000000e+01,4.000000000000000000e+00
1.000000000000000000e+00,8.000000000000000000e+00,1.600000000000000000e+01,1.430000000000000000e+02,6.420000000000000000e+02,1.160000000000000000e+02,6.640000000000000000e+02,1.080000000000000000e+02,-8.900000000000000000e+01,4.000000000000000000e+00
1.000000000000000000e+00,8.000000000000000000e+00,1.600000000000000000e+01,1.240000000000000000e+02,6.640000000000000000e+02,1.240000000000000000e+02,6.640000000000000000e+02,0.000000000000000000e+00,0.000000000000000000e+00,4.000000000000000000e+00
-1.000000000000000000e+00,1.600000000000000000e+01,1.600000000000000000e+01,1.130000000000000000e+02,6.850000000000000000e+02,1.360000000000000000e+02,6.640000000000000000e+02,-9.500000000000000000e+01,8.400000000000000000e+01,4.000000000000000000e+00
1.000000000000000000e+00,1.600000000000000000e+01,1.600000000000000000e+01,1.600000000000000000e+02,6.430000000000000000e+02,1.360000000000000000e+02,6.640000000000000000e+02,9.600000000000000000e+01,-8.700000000000000000e+01,4.000000000000000000e+00
-1.000000000000000000e+00,1.600000000000000000e+01,1.600000000000000000e+01,1.290000000000000000e+02,6.850000000000000000e+02,1.520000000000000000e+02,6.640000000000000000e+02,-9.500000000000000000e+01,8.400000000000000000e+01,4.000000000000000000e+00
1.000000000000000000e+00,1.600000000000000000e+01,1.600000000000000000e+01,1.760000000000000000e+02,6.430000000000000000e+02,1.520000000000000000e+02,6.640000000000000000e+02,9.600000000000000000e+01,-8.700000000000000000e+01,4.000000000000000000e+00
1.000000000000000000e+00,1.600000000000000000e+01,1.600000000000000000e+01,1.920000000000000000e+02,6.430000000000000000e+02,1.680000000000000000e+02,6.640000000000000000e+02,9.600000000000000000e+01,-8.700000000000000000e+01,4.000000000000000000e+00
1.000000000000000000e+00,1.600000000000000000e+01,1.600000000000000000e+01,2.100000000000000000e+02,6.420000000000000000e+02,1.840000000000000000e+02,6.640000000000000000e+02,1.040000000000000000e+02,-9.000000000000000000e+01,4.000000000000000000e+00
1.000000000000000000e+00,1.600000000000000000e+01,1.600000000000000000e+01,2.260000000000000000e+02,6.420000000000000000e+02,2.000000000000000000e+02,6.640000000000000000e+02,1.040000000000000000e+02,-9.000000000000000000e+01,4.000000000000000000e+00
-1.000000000000000000e+00,1.600000000000000000e+01,1.600000000000000000e+01,2.160000000000000000e+02,6.640000000000000000e+02,2.160000000000000000e+02,6.640000000000000000e+02,0.000000000000000000e+00,0.000000000000000000e+00,4.000000000000000000e+00
-1.000000000000000000e+00,1.600000000000000000e+01,1.600000000000000000e+01,2.320000000000000000e+02,6.640000000000000000e+02,2.320000000000000000e+02,6.640000000000000000e+02,0.000000000000000000e+00,0.000000000000000000e+00,4.000000000000000000e+00
1.000000000000000000e+00,1.600000000000000000e+01,1.600000000000000000e+01,2.580000000000000000e+02,6.700000000000000000e+02,2.320000000000000000e+02,6.640000000000000000e+02,1.040000000000000000e+02,2.400000000000000000e+01,4.000000000000000000e+00
-1.000000000000000000e+00,1.600000000000000000e+01,1.600000000000000000e+01,2.480000000000000000e+02,6.640000000000000000e+02,2.480000000000000000e+02,6.640000000000000000e+02,0.000000000000000000e+00,0.000000000000000000e+00,4.000000000000000000e+00
1.000000000000000000e+00,1.600000000000000000e+01,1.600000000000000000e+01,2.740000000000000000e+02,6.700000000000000000e+02,2.480000000000000000e+02,6.640000000000000000e+02,1.040000000000000000e+02,2.400000000000000000e+01,4.000000000000000000e+00
-1.000000000000000000e+00,1.600000000000000000e+01,1.600000000000000000e+01,2.640000000000000000e+02,6.640000000000000000e+02,2.640000000000000000e+02,6.640000000000000000e+02,0.000000000000000000e+00,1.000000000000000000e+00,4.000000000000000000e+00
1.000000000000000000e+00,1.600000000000000000e+01,1.600000000000000000e+01,2.900000000000000000e+02,6.700000000000000000e+02,2.640000000000000000e+02,6.640000000000000000e+02,1.040000000000000000e+02,2.400000000000000000e+01,4.000000000000000000e+00
-1.000000000000000000e+00,1.600000000000000000e+01,1.600000000000000000e+01,2.800000000000000000e+02,6.640000000000000000e+02,2.800000000000000000e+02,6.640000000000000000e+02,0.000000000000000000e+00,1.000000000000000000e+00,4.000000000000000000e+00
1.000000000000000000e+00,1.600000000000000000e+01,1.600000000000000000e+01,2.800000000000000000e+02,6.640000000000000000e+02,2.800000000000000000e+02,6.640000000000000000e+02,0.000000000000000000e+00,0.000000000000000000e+00,4.000000000000000000e+00
-1.000000000000000000e+00,1.600000000000000000e+01,1.600000000000000000e+01,2.960000000000000000e+02,6.640000000000000000e+02,2.960000000000000000e+02,6.640000000000000000e+02,0.000000000000000000e+00,1.000000000000000000e+00,4.000000000000000000e+00
1.000000000000000000e+00,1.600000000000000000e+01,1.600000000000000000e+01,2.960000000000000000e+02,6.640000000000000000e+02,2.960000000000000000e+02,6.640000000000000000e+02,0.000000000000000000e+00,0.000000000000000000e+00,4.000000000000000000e+00
-1.000000000000000000e+00,1.600000000000000000e+01,1.600000000000000000e+01,3.120000000000000000e+02,6.640000000000000000e+02,3.120000000000000000e+02,6.640000000000000000e+02,0.000000000000000000e+00,0.000000000000000000e+00,4.000000000000000000e+00
1.000000000000000000e+00,1.600000000000000000e+01,1.600000000000000000e+01,3.120000000000000000e+02,6.640000000000000000e+02,3.120000000000000000e+02,6.640000000000000000e+02,0.000000000000000000e+00,0.000000000000000000e+00,4.000000000000000000e+00
-1.000000000000000000e+00,1.600000000000000000e+01,1.600000000000000000e+01,3.280000000000000000e+02,6.780000000000000000e+02,3.280000000000000000e+02,6.640000000000000000e+02,0.000000000000000000e+00,5.600000000000000000e+01,4.000000000000000000e+00
-1.000000000000000000e+00,1.600000000000000000e+01,1.600000000000000000e+01,3.440000000000000000e+02,6.780000000000000000e+02,3.440000000000000000e+02,6.640000000000000000e+02,0.000000000000000000e+00,5.600000000000000000e+01,4.000000000000000000e+00
1.000000000000000000e+00,1.600000000000000000e+01,1.600000000000000000e+01,3.440000000000000000e+02,6.480000000000000000e+02,3.440000000000000000e+02,6.640000000000000000e+02,0.000000000000000000e+00,-6.400000000000000000e+01,4.000000000000000000e+00
-1.000000000000000000e+00,1.600000000000000000e+01,1.600000000000000000e+01,3.500000000000000000e+02,6.780000000000000000e+02,3.600000000000000000e+02,6.640000000000000000e+02,-4.000000000000000000e+01,5.600000000000000000e+01,4.000000000000000000e+00
-1.000000000000000000e+00,1.600000000000000000e+01,1.600000000000000000e+01,3.660000000000000000e+02,6.780000000000000000e+02,3.760000000000000000e+02,6.640000000000000000e+02,-4.000000000000000000e+01,5.600000000000000000e+01,4.000000000000000000e+00
1.000000000000000000e+00,1.600000000000000000e+01,1.600000000000000000e+01,3.760000000000000000e+02,6.480000000000000000e+02,3.760000000000000000e+02,6.640000000000000000e+02,0.000000000000000000e+00,-6.400000000000000000e+01,4.000000000000000000e+00
-1.000000000000000000e+00,1.600000000000000000e+01,1.600000000000000000e+01,3.820000000000000000e+02,6.780000000000000000e+02,3.920000000000000000e+02,6.640000000000000000e+02,-4.000000000000000000e+01,5.600000000000000000e+01,4.000000000000000000e+00
1.000000000000000000e+00,1.600000000000000000e+01,1.600000000000000000e+01,3.920000000000000000e+02,6.480000000000000000e+02,3.920000000000000000e+02,6.640000000000000000e+02,0.000000000000000000e+00,-6.400000000000000000e+01,4.000000000000000000e+00
1.000000000000000000e+00,1.600000000000000000e+01,1.600000000000000000e+01,4.080000000000000000e+02,6.600000000000000000e+02,4.080000000000000000e+02,6.640000000000000000e+02,0.000000000000000000e+00,-1.600000000000000000e+01,4.000000000000000000e+00
1.000000000000000000e+00,1.600000000000000000e+01,1.600000000000000000e+01,4.240000000000000000e+02,6.540000000000000000e+02,4.240000000000000000e+02,6.640000000000000000e+02,0.000000000000000000e+00,-4.000000000000000000e+01,4.000000000000000000e+00
1.000000000000000000e+00,1.600000000000000000e+01,1.600000000000000000e+01,4.400000000000000000e+02,6.440000000000000000e+02,4.400000000000000000e+02,6.640000000000000000e+02,0.000000000000000000e+00,-8.000000000000000000e+01,4.000000000000000000e+00
-1.000000000000000000e+00,1.600000000000000000e+01,1.600000000000000000e+01,4.360000000000000000e+02,6.800000000000000000e+02,4.560000000000000000e+02,6.640000000000000000e+02,-8.200000000000000000e+01,6.400000000000000000e+01,4.000000000000000000e+00
-1.000000000000000000e+00,1.600000000000000000e+01,1.600000000000000000e+01,4.520000000000000000e+02,6.830000000000000000e+02,4.720000000000000000e+02,6.640000000000000000e+02,-8.200000000000000000e+01,7.600000000000000000e+01,4.000000000000000000e+00
1.000000000000000000e+00,1.600000000000000000e+01,1.600000000000000000e+01,4.720000000000000000e+02,6.490000000000000000e+02,4.720000000000000000e+02,6.640000000000000000e+02,0.000000000000000000e+00,-6.300000000000000000e+01,4.000000000000000000e+00
1.000000000000000000e+00,1.600000000000000000e+01,1.600000000000000000e+01,5.100000000000000000e+02,6.450000000000000000e+02,4.880000000000000000e+02,6.640000000000000000e+02,8.800000000000000000e+01,-7.600000000000000000e+01,4.000000000000000000e+00
-1.000000000000000000e+00,1.600000000000000000e+01,1.600000000000000000e+01,4.840000000000000000e+02,6.830000000000000000e+02,5.040000000000000000e+02,6.640000000000000000e+02,-8.200000000000000000e+01,7.800000000000000000e+01,4.000000000000000000e+00
-1.000000000000000000e+00,1.600000000000000000e+01,1.600000000000000000e+01,5.290000000000000000e+02,6.840000000000000000e+02,5.520000000000000000e+02,6.640000000000000000e+02,-9.200000000000000000e+01,8.300000000000000000e+01,4.000000000000000000e+00
-1.000000000000000000e+00,1.600000000000000000e+01,1.600000000000000000e+01,5.890000000000000000e+02,6.720000000000000000e+02,6.000000000000000000e+02,6.640000000000000000e+02,-4.700000000000000000e+01,3.500000000000000000e+01,4.000000000000000000e+00
1.000000000000000000e+00,1.600000000000000000e+01,1.600000000000000000e+01,6.130000000000000000e+02,6.560000000000000000e+02,6.000000000000000000e+02,6.640000000000000000e+02,5.300000000000000000e+01,-3.400000000000000000e+01,4.000000000000000000e+00
-1.000000000000000000e+00,1.600000000000000000e+01,1.600000000000000000e+01,6.050000000000000000e+02,6.740000000000000000e+02,6.160000000000000000e+02,6.640000000000000000e+02,-4.700000000000000000e+01,4.100000000000000000e+01,4.000000000000000000e+00
1.000000000000000000e+00,1.600000000000000000e+01,1.600000000000000000e+01,6.290000000000000000e+02,6.560000000000000000e+02,6.160000000000000000e+02,6.640000000000000000e+02,5.300000000000000000e+01,-3.400000000000000000e+01,4.000000000000000000e+00
-1.000000000000000000e+00,1.600000000000000000e+01,1.600000000000000000e+01,6.220000000000000000e+02,6.760000000000000000e+02,6.320000000000000000e+02,6.640000000000000000e+02,-4.300000000000000000e+01,4.800000000000000000e+01,4.000000000000000000e+00
-1.000000000000000000e+00,1.600000000000000000e+01,8.000000000000000000e+00,6.390000000000000000e+02,6.720000000000000000e+02,6.480000000000000000e+02,6.600000000000000000e+02,-3.800000000000000000e+01,4.800000000000000000e+01,4.000000000000000000e+00
-1.000000000000000000e+00,1.600000000000000000e+01,8.000000000000000000e+00,6.380000000000000000e+02,6.800000000000000000e+02,6.480000000000000000e+02,6.680000000000000000e+02,-4.300000000000000000e+01,4.800000000000000000e+01,4.000000000000000000e+00
-1.000000000000000000e+00,1.600000000000000000e+01,1.600000000000000000e+01,6.560000000000000000e+02,6.750000000000000000e+02,6.640000000000000000e+02,6.640000000000000000e+02,-3.300000000000000000e+01,4.400000000000000000e+01,4.000000000000000000e+00
1.000000000000000000e+00,1.600000000000000000e+01,1.600000000000000000e+01,6.680000000000000000e+02,6.520000000000000000e+02,6.640000000000000000e+02,6.640000000000000000e+02,1.600000000000000000e+01,-4.900000000000000000e+01,4.000000000000000000e+00
1.000000000000000000e+00,1.600000000000000000e+01,1.600000000000000000e+01,6.880000000000000000e+02,6.490000000000000000e+02,6.800000000000000000e+02,6.640000000000000000e+02,3.200000000000000000e+01,-6.100000000000000000e+01,4.000000000000000000e+00
1.000000000000000000e+00,1.600000000000000000e+01,1.600000000000000000e+01,7.100000000000000000e+02,6.490000000000000000e+02,6.960000000000000000e+02,6.640000000000000000e+02,5.600000000000000000e+01,-6.300000000000000000e+01,4.000000000000000000e+00
1.000000000000000000e+00,1.600000000000000000e+01,1.600000000000000000e+01,7.260000000000000000e+02,6.490000000000000000e+02,7.120000000000000000e+02,6.640000000000000000e+02,5.600000000000000000e+01,-6.000000000000000000e+01,4.000000000000000000e+00
1.000000000000000000e+00,1.600000000000000000e+01,1.600000000000000000e+01,7.510000000000000000e+02,6.440000000000000000e+02,7.280000000000000000e+02,6.640000000000000000e+02,9.400000000000000000e+01,-8.000000000000000000e+01,4.000000000000000000e+00
1.000000000000000000e+00,1.600000000000000000e+01,1.600000000000000000e+01,7.680000000000000000e+02,6.420000000000000000e+02,7.440000000000000000e+02,6.640000000000000000e+02,9.900000000000000000e+01,-9.000000000000000000e+01,4.000000000000000000e+00
1.000000000000000000e+00,1.600000000000000000e+01,1.600000000000000000e+01,7.840000000000000000e+02,6.430000000000000000e+02,7.600000000000000000e+02,6.640000000000000000e+02,9.900000000000000000e+01,-8.600000000000000000e+01,4.000000000000000000e+00
-1.000000000000000000e+00,1.600000000000000000e+01,1.600000000000000000e+01,7.530000000000000000e+02,6.840000000000000000e+02,7.760000000000000000e+02,6.640000000000000000e+02,-9.300000000000000000e+01,8.000000000000000000e+01,4.000000000000000000e+00
-1.000000000000000000e+00,8.000000000000000000e+00,1.600000000000000000e+01,7.650000000000000000e+02,6.840000000000000000e+02,7.880000000000000000e+02,6.640000000000000000e+02,-9.300000000000000000e+01,8.000000000000000000e+01,4.000000000000000000e+00
-1.000000000000000000e+00,8.000000000000000000e+00,1.600000000000000000e+01,7.720000000000000000e+02,6.810000000000000000e+02,7.960000000000000000e+02,6.640000000000000000e+02,-9.700000000000000000e+01,6.800000000000000000e+01,4.000000000000000000e+00
-1.000000000000000000e+00,1.600000000000000000e+01,1.600000000000000000e+01,8.080000000000000000e+02,6.680000000000000000e+02,8.080000000000000000e+02,6.640000000000000000e+02,0.000000000000000000e+00,1.600000000000000000e+01,4.000000000000000000e+00
-1.000000000000000000e+00,1.600000000000000000e+01,1.600000000000000000e+01,8.240000000000000000e+02,6.670000000000000000e+02,8.240000000000000000e+02,6.640000000000000000e+02,0.000000000000000000e+00,1.500000000000000000e+01,4.000000000000000000e+00
-1.000000000000000000e+00,1.600000000000000000e+01,1.600000000000000000e+01,8.400000000000000000e+02,6.670000000000000000e+02,8.400000000000000000e+02,6.640000000000000000e+02,0.000000000000000000e+00,1.500000000000000000e+01,4.000000000000000000e+00
-1.000000000000000000e+00,1.600000000000000000e+01,1.600000000000000000e+01,8.560000000000000000e+02,6.670000000000000000e+02,8.560000000000000000e+02,6.640000000000000000e+02,0.000000000000000000e+00,1.500000000000000000e+01,4.000000000000000000e+00
1.000000000000000000e+00,1.600000000000000000e+01,1.600000000000000000e+01,8.520000000000000000e+02,6.640000000000000000e+02,8.560000000000000000e+02,6.640000000000000000e+02,-1.700000000000000000e+01,-1.000000000000000000e+00,4.000000000000000000e+00
-1.000000000000000000e+00,1.600000000000000000e+01,1.600000000000000000e+01,8.720000000000000000e+02,6.690000000000000000e+02,8.720000000000000000e+02,6.640000000000000000e+02,0.000000000000000000e+00,2.300000000000000000e+01,4.000000000000000000e+00
1.000000000000000000e+00,1.600000000000000000e+01,1.600000000000000000e+01,8.680000000000000000e+02,6.640000000000000000e+02,8.720000000000000000e+02,6.640000000000000000e+02,-1.700000000000000000e+01,-1.000000000000000000e+00,4.000000000000000000e+00
-1.000000000000000000e+00,1.600000000000000000e+01,1.600000000000000000e+01,9.040000000000000000e+02,6.690000000000000000e+02,9.040000000000000000e+02,6.640000000000000000e+02,0.000000000000000000e+00,2.300000000000000000e+01,4.000000000000000000e+00
-1.000000000000000000e+00,1.600000000000000000e+01,1.600000000000000000e+01,9.200000000000000000e+02,6.690000000000000000e+02,9.200000000000000000e+02,6.640000000000000000e+02,0.000000000000000000e+00,2.300000000000000000e+01,4.000000000000000000e+00
-1.000000000000000000e+00,1.600000000000000000e+01,1.600000000000000000e+01,9.360000000000000000e+02,6.690000000000000000e+02,9.360000000000000000e+02,6.640000000000000000e+02,0.000000000000000000e+00,2.300000000000000000e+01,4.000000000000000000e+00
-1.000000000000000000e+00,1.600000000000000000e+01,1.600000000000000000e+01,9.340000000000000000e+02,6.810000000000000000e+02,9.520000000000000000e+02,6.640000000000000000e+02,-7.300000000000000000e+01,7.100000000000000000e+01,4.000000000000000000e+00
-1.000000000000000000e+00,1.600000000000000000e+01,1.600000000000000000e+01,9.500000000000000000e+02,6.800000000000000000e+02,9.680000000000000000e+02,6.640000000000000000e+02,-7.300000000000000000e+01,6.600000000000000000e+01,4.000000000000000000e+00
1.000000000000000000e+00,1.600000000000000000e+01,1.600000000000000000e+01,9.680000000000000000e+02,6.490000000000000000e+02,9.680000000000000000e+02,6.640000000000000000e+02,0.000000000000000000e+00,-6.200000000000000000e+01,4.000000000000000000e+00
-1.000000000000000000e+00,1.600000000000000000e+01,8.000000000000000000e+00,9.660000000000000000e+02,6.760000000000000000e+02,9.840000000000000000e+02,6.600000000000000000e+02,-7.300000000000000000e+01,6.600000000000000000e+01,4.000000000000000000e+00
-1.000000000000000000e+00,1.600000000000000000e+01,8.000000000000000000e+00,9.840000000000000000e+02,6.680000000000000000e+02,9.840000000000000000e+02,6.680000000000000000e+02,0.000000000000000000e+00,0.000000000000000000e+00,4.000000000000000000e+00
1.000000000000000000e+00,1.600000000000000000e+01,8.000000000000000000e+00,9.840000000000000000e+02,6.600000000000000000e+02,9.840000000000000000e+02,6.600000000000000000e+02,0.000000000000000000e+00,0.000000000000000000e+00,4.000000000000000000e+00
1.000000000000000000e+00,1.600000000000000000e+01,8.000000000000000000e+00,9.840000000000000000e+02,6.530000000000000000e+02,9.840000000000000000e+02,6.680000000000000000e+02,1.000000000000000000e+00,-6.200000000000000000e+01,4.000000000000000000e+00
1.000000000000000000e+00,1.600000000000000000e+01,1.600000000000000000e+01,1.000000000000000000e+03,6.490000000000000000e+02,1.000000000000000000e+03,6.640000000000000000e+02,0.000000000000000000e+00,-6.000000000000000000e+01,4.000000000000000000e+00
1.000000000000000000e+00,1.600000000000000000e+01,1.600000000000000000e+01,1.016000000000000000e+03,6.490000000000000000e+02,1.016000000000000000e+03,6.640000000000000000e+02,0.000000000000000000e+00,-6.000000000000000000e+01,4.000000000000000000e+00
-1.000000000000000000e+00,1.600000000000000000e+01,1.600000000000000000e+01,1.009000000000000000e+03,6.820000000000000000e+02,1.032000000000000000e+03,6.640000000000000000e+02,-9.300000000000000000e+01,7.400000000000000000e+01,4.000000000000000000e+00
1.000000000000000000e+00,1.600000000000000000e+01,1.600000000000000000e+01,1.032000000000000000e+03,6.490000000000000000e+02,1.032000000000000000e+03,6.640000000000000000e+02,0.000000000000000000e+00,-6.000000000000000000e+01,4.000000000000000000e+00
1.000000000000000000e+00,1.600000000000000000e+01,1.600000000000000000e+01,1.048000000000000000e+03,6.490000000000000000e+02,1.048000000000000000e+03,6.640000000000000000e+02,0.000000000000000000e+00,-6.000000000000000000e+01,4.000000000000000000e+00
1.000000000000000000e+00,1.600000000000000000e+01,1.600000000000000000e+01,1.090000000000000000e+03,6.470000000000000000e+02,1.064000000000000000e+03,6.640000000000000000e+02,1.040000000000000000e+02,-7.100000000000000000e+01,4.000000000000000000e+00
1.000000000000000000e+00,1.600000000000000000e+01,1.600000000000000000e+01,1.108000000000000000e+03,6.440000000000000000e+02,1.080000000000000000e+03,6.640000000000000000e+02,1.130000000000000000e+02,-8.000000000000000000e+01,4.000000000000000000e+00
1.000000000000000000e+00,1.600000000000000000e+01,1.600000000000000000e+01,1.122000000000000000e+03,6.440000000000000000e+02,1.096000000000000000e+03,6.640000000000000000e+02,1.070000000000000000e+02,-8.000000000000000000e+01,4.000000000000000000e+00
1.000000000000000000e+00,1.600000000000000000e+01,1.600000000000000000e+01,1.138000000000000000e+03,6.440000000000000000e+02,1.112000000000000000e+03,6.640000000000000000e+02,1.070000000000000000e+02,-8.000000000000000000e+01,4.000000000000000000e+00
1.000000000000000000e+00,1.600000000000000000e+01,1.600000000000000000e+01,1.159000000000000000e+03,6.440000000000000000e+02,1.128000000000000000e+03,6.640000000000000000e+02,1.240000000000000000e+02,-8.000000000000000000e+01,4.000000000000000000e+00
1.000000000000000000e+00,1.600000000000000000e+01,1.600000000000000000e+01,1.175000000000000000e+03,6.440000000000000000e+02,1.144000000000000000e+03,6.640000000000000000e+02,1.240000000000000000e+02,-8.000000000000000000e+01,4.000000000000000000e+00
1.000000000000000000e+00,1.600000000000000000e+01,1.600000000000000000e+01,1.187000000000000000e+03,6.450000000000000000e+02,1.160000000000000000e+03,6.640000000000000000e+02,1.090000000000000000e+02,-7.700000000000000000e+01,4.000000000000000000e+00
1.000000000000000000e+00,1.600000000000000000e+01,1.600000000000000000e+01,1.203000000000000000e+03,6.450000000000000000e+02,1.176000000000000000e+03,6.640000000000000000e+02,1.090000000000000000e+02,-7.700000000000000000e+01,4.000000000000000000e+00
1.000000000000000000e+00,1.600000000000000000e+01,1.600000000000000000e+01,1.218000000000000000e+03,6.450000000000000000e+02,1.192000000000000000e+03,6.640000000000000000e+02,1.070000000000000000e+02,-7.700000000000000000e+01,4.000000000000000000e+00
1.000000000000000000e+00,1.600000000000000000e+01,1.600000000000000000e+01,1.233000000000000000e+03,6.480000000000000000e+02,1.208000000000000000e+03,6.640000000000000000e+02,1.010000000000000000e+02,-6.400000000000000000e+01,4.000000000000000000e+00
1.000000000000000000e+00,1.600000000000000000e+01,1.600000000000000000e+01,1.249000000000000000e+03,6.480000000000000000e+02,1.224000000000000000e+03,6.640000000000000000e+02,1.010000000000000000e+02,-6.500000000000000000e+01,4.000000000000000000e+00
1.000000000000000000e+00,1.600000000000000000e+01,1.600000000000000000e+01,3.600000000000000000e+01,6.560000000000000000e+02,8.000000000000000000e+00,6.800000000000000000e+02,1.150000000000000000e+02,-9.800000000000000000e+01,4.000000000000000000e+00
1.000000000000000000e+00,1.600000000000000000e+01,1.600000000000000000e+01,5.200000000000000000e+01,6.560000000000000000e+02,2.400000000000000000e+01,6.800000000000000000e+02,1.150000000000000000e+02,-9.800000000000000000e+01,4.000000000000000000e+00
1.000000000000000000e+00,1.600000000000000000e+01,1.600000000000000000e+01,6.900000000000000000e+01,6.560000000000000000e+02,4.000000000000000000e+01,6.800000000000000000e+02,1.160000000000000000e+02,-9.700000000000000000e+01,4.000000000000000000e+00
1.000000000000000000e+00,1.600000000000000000e+01,1.600000000000000000e+01,8.500000000000000000e+01,6.560000000000000000e+02,5.600000000000000000e+01,6.800000000000000000e+02,1.160000000000000000e+02,-9.700000000000000000e+01,4.000000000000000000e+00
1.000000000000000000e+00,1.600000000000000000e+01,1.600000000000000000e+01,1.050000000000000000e+02,6.560000000000000000e+02,7.200000000000000000e+01,6.800000000000000000e+02,1.330000000000000000e+02,-9.600000000000000000e+01,4.000000000000000000e+00
1.000000000000000000e+00,1.600000000000000000e+01,1.600000000000000000e+01,1.150000000000000000e+02,6.570000000000000000e+02,8.800000000000000000e+01,6.800000000000000000e+02,1.080000000000000000e+02,-9.500000000000000000e+01,4.000000000000000000e+00
1.000000000000000000e+00,1.600000000000000000e+01,1.600000000000000000e+01,1.310000000000000000e+02,6.570000000000000000e+02,1.040000000000000000e+02,6.800000000000000000e+02,1.090000000000000000e+02,-9.500000000000000000e+01,4.000000000000000000e+00
-1.000000000000000000e+00,1.600000000000000000e+01,1.600000000000000000e+01,9.700000000000000000e+01,7.010000000000000000e+02,1.200000000000000000e+02,6.800000000000000000e+02,-9.500000000000000000e+01,8.400000000000000000e+01,4.000000000000000000e+00
1.000000000000000000e+00,1.600000000000000000e+01,1.600000000000000000e+01,1.470000000000000000e+02,6.580000000000000000e+02,1.200000000000000000e+02,6.800000000000000000e+02,1.080000000000000000e+02,-8.900000000000000000e+01,4.000000000000000000e+00
-1.000000000000000000e+00,1.600000000000000000e+01,1.600000000000000000e+01,1.120000000000000000e+02,7.010000000000000000e+02,1.360000000000000000e+02,6.800000000000000000e+02,-9.600000000000000000e+01,8.400000000000000000e+01,4.000000000000000000e+00
-1.000000000000000000e+00,1.600000000000000000e+01,1.600000000000000000e+01,1.280000000000000000e+02,7.010000000000000000e+02,1.520000000000000000e+02,6.800000000000000000e+02,-9.600000000000000000e+01,8.400000000000000000e+01,4.000000000000000000e+00
-1.000000000000000000e+00,1.600000000000000000e+01,8.000000000000000000e+00,1.680000000000000000e+02,6.760000000000000000e+02,1.680000000000000000e+02,6.760000000000000000e+02,0.000000000000000000e+00,0.000000000000000000e+00,4.000000000000000000e+00
-1.000000000000000000e+00,1.600000000000000000e+01,8.000000000000000000e+00,1.440000000000000000e+02,7.050000000000000000e+02,1.680000000000000000e+02,6.840000000000000000e+02,-9.600000000000000000e+01,8.400000000000000000e+01,4.000000000000000000e+00
1.000000000000000000e+00,1.600000000000000000e+01,8.000000000000000000e+00,1.920000000000000000e+02,6.550000000000000000e+02,1.680000000000000000e+02,6.760000000000000000e+02,9.600000000000000000e+01,-8.700000000000000000e+01,4.000000000000000000e+00
1.000000000000000000e+00,1.600000000000000000e+01,8.000000000000000000e+00,1.680000000000000000e+02,6.840000000000000000e+02,1.680000000000000000e+02,6.840000000000000000e+02,0.000000000000000000e+00,0.000000000000000000e+00,4.000000000000000000e+00
-1.000000000000000000e+00,1.600000000000000000e+01,1.600000000000000000e+01,2.240000000000000000e+02,6.800000000000000000e+02,1.840000000000000000e+02,6.800000000000000000e+02,1.600000000000000000e+02,0.000000000000000000e+00,4.000000000000000000e+00
-1.000000000000000000e+00,8.000000000000000000e+00,1.600000000000000000e+01,2.360000000000000000e+02,6.800000000000000000e+02,1.960000000000000000e+02,6.800000000000000000e+02,1.600000000000000000e+02,0.000000000000000000e+00,4.000000000000000000e+00
-1.000000000000000000e+00,8.000000000000000000e+00,1.600000000000000000e+01,2.040000000000000000e+02,6.800000000000000000e+02,2.040000000000000000e+02,6.800000000000000000e+02,0.000000000000000000e+00,0.000000000000000000e+00,4.000000000000000000e+00
1.000000000000000000e+00,8.000000000000000000e+00,1.600000000000000000e+01,1.960000000000000000e+02,6.800000000000000000e+02,1.960000000000000000e+02,6.800000000000000000e+02,0.000000000000000000e+00,0.000000000000000000e+00,4.000000000000000000e+00
1.000000000000000000e+00,8.000000000000000000e+00,1.600000000000000000e+01,2.300000000000000000e+02,6.580000000000000000e+02,2.040000000000000000e+02,6.800000000000000000e+02,1.040000000000000000e+02,-9.000000000000000000e+01,4.000000000000000000e+00
-1.000000000000000000e+00,1.600000000000000000e+01,1.600000000000000000e+01,2.160000000000000000e+02,6.930000000000000000e+02,2.160000000000000000e+02,6.800000000000000000e+02,0.000000000000000000e+00,5.200000000000000000e+01,4.000000000000000000e+00
-1.000000000000000000e+00,1.600000000000000000e+01,1.600000000000000000e+01,2.320000000000000000e+02,6.800000000000000000e+02,2.320000000000000000e+02,6.800000000000000000e+02,0.000000000000000000e+00,0.000000000000000000e+00,4.000000000000000000e+00
-1.000000000000000000e+00,1.600000000000000000e+01,1.600000000000000000e+01,2.480000000000000000e+02,6.800000000000000000e+02,2.480000000000000000e+02,6.800000000000000000e+02,0.000000000000000000e+00,0.000000000000000000e+00,4.000000000000000000e+00
-1.000000000000000000e+00,1.600000000000000000e+01,1.600000000000000000e+01,2.640000000000000000e+02,6.800000000000000000e+02,2.640000000000000000e+02,6.800000000000000000e+02,0.000000000000000000e+00,1.000000000000000000e+00,4.000000000000000000e+00
-1.000000000000000000e+00,1.600000000000000000e+01,1.600000000000000000e+01,2.800000000000000000e+02,6.800000000000000000e+02,2.800000000000000000e+02,6.800000000000000000e+02,0.000000000000000000e+00,1.000000000000000000e+00,4.000000000000000000e+00
-1.000000000000000000e+00,1.600000000000000000e+01,1.600000000000000000e+01,2.960000000000000000e+02,6.930000000000000000e+02,2.960000000000000000e+02,6.800000000000000000e+02,0.000000000000000000e+00,5.200000000000000000e+01,4.000000000000000000e+00
-1.000000000000000000e+00,1.600000000000000000e+01,1.600000000000000000e+01,3.120000000000000000e+02,6.930000000000000000e+02,3.120000000000000000e+02,6.800000000000000000e+02,0.000000000000000000e+00,5.200000000000000000e+01,4.000000000000000000e+00
1.000000000000000000e+00,1.600000000000000000e+01,1.600000000000000000e+01,3.120000000000000000e+02,6.800000000000000000e+02,3.120000000000000000e+02,6.800000000000000000e+02,0.000000000000000000e+00,0.000000000000000000e+00,4.000000000000000000e+00
-1.000000000000000000e+00,1.600000000000000000e+01,1.600000000000000000e+01,3.280000000000000000e+02,6.940000000000000000e+02,3.280000000000000000e+02,6.800000000000000000e+02,0.000000000000000000e+00,5.600000000000000000e+01,4.000000000000000000e+00
1.000000000000000000e+00,1.600000000000000000e+01,1.600000000000000000e+01,3.280000000000000000e+02,6.800000000000000000e+02,3.280000000000000000e+02,6.800000000000000000e+02,0.000000000000000000e+00,0.000000000000000000e+00,4.000000000000000000e+00
1.000000000000000000e+00,1.600000000000000000e+01,1.600000000000000000e+01,3.440000000000000000e+02,6.800000000000000000e+02,3.440000000000000000e+02,6.800000000000000000e+02,0.000000000000000000e+00,0.000000000000000000e+00,4.000000000000000000e+00
-1.000000000000000000e+00,1.600000000000000000e+01,1.600000000000000000e+01,3.500000000000000000e+02,6.940000000000000000e+02,3.600000000000000000e+02,6.800000000000000000e+02,-4.000000000000000000e+01,5.600000000000000000e+01,4.000000000000000000e+00
1.000000000000000000e+00,1.600000000000000000e+01,1.600000000000000000e+01,3.600000000000000000e+02,6.800000000000000000e+02,3.600000000000000000e+02,6.800000000000000000e+02,0.000000000000000000e+00,0.000000000000000000e+00,4.000000000000000000e+00
-1.000000000000000000e+00,1.600000000000000000e+01,1.600000000000000000e+01,3.660000000000000000e+02,6.940000000000000000e+02,3.760000000000000000e+02,6.800000000000000000e+02,-4.000000000000000000e+01,5.600000000000000000e+01,4.000000000000000000e+00
1.000000000000000000e+00,1.600000000000000000e+01,1.600000000000000000e+01,3.760000000000000000e+02,6.640000000000000000e+02,3.760000000000000000e+02,6.800000000000000000e+02,0.000000000000000000e+00,-6.400000000000000000e+01,4.000000000000000000e+00
-1.000000000000000000e+00,1.600000000000000000e+01,1.600000000000000000e+01,3.820000000000000000e+02,6.940000000000000000e+02,3.920000000000000000e+02,6.800000000000000000e+02,-4.000000000000000000e+01,5.600000000000000000e+01,4.000000000000000000e+00
1.000000000000000000e+00,1.600000000000000000e+01,1.600000000000000000e+01,3.920000000000000000e+02,6.640000000000000000e+02,3.920000000000000000e+02,6.800000000000000000e+02,0.000000000000000000e+00,-6.400000000000000000e+01,4.000000000000000000e+00
1.000000000000000000e+00,1.600000000000000000e+01,1.600000000000000000e+01,4.080000000000000000e+02,6.700000000000000000e+02,4.080000000000000000e+02,6.800000000000000000e+02,0.000000000000000000e+00,-4.000000000000000000e+01,4.000000000000000000e+00
1.000000000000000000e+00,1.600000000000000000e+01,1.600000000000000000e+01,4.230000000000000000e+02,6.710000000000000000e+02,4.240000000000000000e+02,6.800000000000000000e+02,-4.000000000000000000e+00,-3.900000000000000000e+01,4.000000000000000000e+00
-1.000000000000000000e+00,1.600000000000000000e+01,1.600000000000000000e+01,4.200000000000000000e+02,6.960000000000000000e+02,4.400000000000000000e+02,6.800000000000000000e+02,-8.200000000000000000e+01,6.400000000000000000e+01,4.000000000000000000e+00
-1.000000000000000000e+00,1.600000000000000000e+01,1.600000000000000000e+01,4.360000000000000000e+02,6.960000000000000000e+02,4.560000000000000000e+02,6.800000000000000000e+02,-8.200000000000000000e+01,6.400000000000000000e+01,4.000000000000000000e+00
-1.000000000000000000e+00,1.600000000000000000e+01,1.600000000000000000e+01,4.520000000000000000e+02,6.960000000000000000e+02,4.720000000000000000e+02,6.800000000000000000e+02,-8.200000000000000000e+01,6.400000000000000000e+01,4.000000000000000000e+00
1.000000000000000000e+00,1.600000000000000000e+01,1.600000000000000000e+01,4.720000000000000000e+02,6.650000000000000000e+02,4.720000000000000000e+02,6.800000000000000000e+02,0.000000000000000000e+00,-6.300000000000000000e+01,4.000000000000000000e+00
1.000000000000000000e+00,1.600000000000000000e+01,1.600000000000000000e+01,4.880000000000000000e+02,6.650000000000000000e+02,4.880000000000000000e+02,6.800000000000000000e+02,0.000000000000000000e+00,-6.300000000000000000e+01,4.000000000000000000e+00
-1.000000000000000000e+00,1.600000000000000000e+01,1.600000000000000000e+01,4.840000000000000000e+02,6.990000000000000000e+02,5.040000000000000000e+02,6.800000000000000000e+02,-8.200000000000000000e+01,7.800000000000000000e+01,4.000000000000000000e+00
1.000000000000000000e+00,1.600000000000000000e+01,1.600000000000000000e+01,5.040000000000000000e+02,6.650000000000000000e+02,5.040000000000000000e+02,6.800000000000000000e+02,0.000000000000000000e+00,-6.300000000000000000e+01,4.000000000000000000e+00
-1.000000000000000000e+00,1.600000000000000000e+01,1.600000000000000000e+01,5.000000000000000000e+02,6.980000000000000000e+02,5.200000000000000000e+02,6.800000000000000000e+02,-8.200000000000000000e+01,7.400000000000000000e+01,4.000000000000000000e+00
-1.000000000000000000e+00,1.600000000000000000e+01,1.600000000000000000e+01,5.160000000000000000e+02,6.980000000000000000e+02,5.360000000000000000e+02,6.800000000000000000e+02,-8.200000000000000000e+01,7.400000000000000000e+01,4.000000000000000000e+00
1.000000000000000000e+00,8.000000000000000000e+00,1.600000000000000000e+01,5.480000000000000000e+02,6.800000000000000000e+02,5.480000000000000000e+02,6.800000000000000000e+02,0.000000000000000000e+00,0.000000000000000000e+00,4.000000000000000000e+00
1.000000000000000000e+00,8.000000000000000000e+00,1.600000000000000000e+01,5.560000000000000000e+02,6.800000000000000000e+02,5.560000000000000000e+02,6.800000000000000000e+02,0.000000000000000000e+00,2.000000000000000000e+00,4.000000000000000000e+00
-1.000000000000000000e+00,1.600000000000000000e+01,1.600000000000000000e+01,5.680000000000000000e+02,6.800000000000000000e+02,5.680000000000000000e+02,6.800000000000000000e+02,0.000000000000000000e+00,0.000000000000000000e+00,4.000000000000000000e+00
1.000000000000000000e+00,1.600000000000000000e+01,1.600000000000000000e+01,5.970000000000000000e+02,6.660000000000000000e+02,5.840000000000000000e+02,6.800000000000000000e+02,5.300000000000000000e+01,-5.700000000000000000e+01,4.000000000000000000e+00
-1.000000000000000000e+00,1.600000000000000000e+01,1.600000000000000000e+01,5.890000000000000000e+02,6.880000000000000000e+02,6.000000000000000000e+02,6.800000000000000000e+02,-4.700000000000000000e+01,3.500000000000000000e+01,4.000000000000000000e+00
1.000000000000000000e+00,1.600000000000000000e+01,1.600000000000000000e+01,6.130000000000000000e+02,6.720000000000000000e+02,6.000000000000000000e+02,6.800000000000000000e+02,5.300000000000000000e+01,-3.400000000000000000e+01,4.000000000000000000e+00
1.000000000000000000e+00,1.600000000000000000e+01,1.600000000000000000e+01,6.290000000000000000e+02,6.660000000000000000e+02,6.160000000000000000e+02,6.800000000000000000e+02,5.300000000000000000e+01,-5.600000000000000000e+01,4.000000000000000000e+00
-1.000000000000000000e+00,1.600000000000000000e+01,1.600000000000000000e+01,6.210000000000000000e+02,6.920000000000000000e+02,6.320000000000000000e+02,6.800000000000000000e+02,-4.700000000000000000e+01,4.800000000000000000e+01,4.000000000000000000e+00
1.000000000000000000e+00,1.600000000000000000e+01,1.600000000000000000e+01,6.600000000000000000e+02,6.650000000000000000e+02,6.480000000000000000e+02,6.800000000000000000e+02,5.100000000000000000e+01,-6.200000000000000000e+01,4.000000000000000000e+00
-1.000000000000000000e+00,1.600000000000000000e+01,1.600000000000000000e+01,6.530000000000000000e+02,6.950000000000000000e+02,6.640000000000000000e+02,6.800000000000000000e+02,-4.400000000000000000e+01,6.000000000000000000e+01,4.000000000000000000e+00
-1.000000000000000000e+00,1.600000000000000000e+01,1.600000000000000000e+01,6.680000000000000000e+02,6.940000000000000000e+02,6.800000000000000000e+02,6.800000000000000000e+02,-4.800000000000000000e+01,5.600000000000000000e+01,4.000000000000000000e+00
-1.000000000000000000e+00,1.600000000000000000e+01,1.600000000000000000e+01,6.840000000000000000e+02,6.940000000000000000e+02,6.960000000000000000e+02,6.800000000000000000e+02,-4.800000000000000000e+01,5.600000000000000000e+01,4.000000000000000000e+00
1.000000000000000000e+00,1.600000000000000000e+01,1.600000000000000000e+01,7.100000000000000000e+02,6.650000000000000000e+02,6.960000000000000000e+02,6.800000000000000000e+02,5.600000000000000000e+01,-6.000000000000000000e+01,4.000000000000000000e+00
1.000000000000000000e+00,1.600000000000000000e+01,1.600000000000000000e+01,7.350000000000000000e+02,6.600000000000000000e+02,7.120000000000000000e+02,6.800000000000000000e+02,9.500000000000000000e+01,-8.300000000000000000e+01,4.000000000000000000e+00
1.000000000000000000e+00,1.600000000000000000e+01,1.600000000000000000e+01,7.510000000000000000e+02,6.600000000000000000e+02,7.280000000000000000e+02,6.800000000000000000e+02,9.500000000000000000e+01,-8.300000000000000000e+01,4.000000000000000000e+00
1.000000000000000000e+00,1.600000000000000000e+01,1.600000000000000000e+01,7.680000000000000000e+02,6.590000000000000000e+02,7.440000000000000000e+02,6.800000000000000000e+02,9.600000000000000000e+01,-8.400000000000000000e+01,4.000000000000000000e+00
-1.000000000000000000e+00,1.600000000000000000e+01,1.600000000000000000e+01,7.390000000000000000e+02,7.010000000000000000e+02,7.600000000000000000e+02,6.800000000000000000e+02,-8.600000000000000000e+01,8.400000000000000000e+01,4.000000000000000000e+00
-1.000000000000000000e+00,1.600000000000000000e+01,1.600000000000000000e+01,7.530000000000000000e+02,7.000000000000000000e+02,7.760000000000000000e+02,6.800000000000000000e+02,-9.300000000000000000e+01,8.000000000000000000e+01,4.000000000000000000e+00
-1.000000000000000000e+00,1.600000000000000000e+01,1.600000000000000000e+01,7.690000000000000000e+02,7.000000000000000000e+02,7.920000000000000000e+02,6.800000000000000000e+02,-9.200000000000000000e+01,8.000000000000000000e+01,4.000000000000000000e+00
-1.000000000000000000e+00,1.600000000000000000e+01,1.600000000000000000e+01,8.080000000000000000e+02,6.840000000000000000e+02,8.080000000000000000e+02,6.800000000000000000e+02,0.000000000000000000e+00,1.600000000000000000e+01,4.000000000000000000e+00
-1.000000000000000000e+00,1.600000000000000000e+01,1.600000000000000000e+01,8.240000000000000000e+02,6.830000000000000000e+02,8.240000000000000000e+02,6.800000000000000000e+02,0.000000000000000000e+00,1.500000000000000000e+01,4.000000000000000000e+00
-1.000000000000000000e+00,1.600000000000000000e+01,1.600000000000000000e+01,8.670000000000000000e+02,6.800000000000000000e+02,8.720000000000000000e+02,6.800000000000000000e+02,-2.000000000000000000e+01,2.000000000000000000e+00,4.000000000000000000e+00
1.000000000000000000e+00,1.600000000000000000e+01,1.600000000000000000e+01,8.880000000000000000e+02,6.660000000000000000e+02,8.880000000000000000e+02,6.800000000000000000e+02,0.000000000000000000e+00,-5.800000000000000000e+01,4.000000000000000000e+00
-1.000000000000000000e+00,1.600000000000000000e+01,8.000000000000000000e+00,9.040000000000000000e+02,6.810000000000000000e+02,9.040000000000000000e+02,6.760000000000000000e+02,0.000000000000000000e+00,2.300000000000000000e+01,4.000000000000000000e+00
-1.000000000000000000e+00,1.600000000000000000e+01,8.000000000000000000e+00,9.040000000000000000e+02,6.840000000000000000e+02,9.040000000000000000e+02,6.840000000000000000e+02,0.000000000000000000e+00,0.000000000000000000e+00,4.000000000000000000e+00
1.000000000000000000e+00,1.600000000000000000e+01,8.000000000000000000e+00,9.040000000000000000e+02,6.760000000000000000e+02,9.040000000000000000e+02,6.760000000000000000e+02,0.000000000000000000e+00,0.000000000000000000e+00,4.000000000000000000e+00
1.000000000000000000e+00,1.600000000000000000e+01,8.000000000000000000e+00,9.040000000000000000e+02,6.690000000000000000e+02,9.040000000000000000e+02,6.840000000000000000e+02,0.000000000000000000e+00,-6.100000000000000000e+01,4.000000000000000000e+00
1.000000000000000000e+00,1.600000000000000000e+01,1.600000000000000000e+01,9.200000000000000000e+02,6.640000000000000000e+02,9.200000000000000000e+02,6.800000000000000000e+02,0.000000000000000000e+00,-6.600000000000000000e+01,4.000000000000000000e+00
1.000000000000000000e+00,1.600000000000000000e+01,1.600000000000000000e+01,9.050000000000000000e+02,6.710000000000000000e+02,9.360000000000000000e+02,6.800000000000000000e+02,-1.270000000000000000e+02,-3.700000000000000000e+01,4.000000000000000000e+00
-1.000000000000000000e+00,1.600000000000000000e+01,1.600000000000000000e+01,9.340000000000000000e+02,6.960000000000000000e+02,9.520000000000000000e+02,6.800000000000000000e+02,-7.300000000000000000e+01,6.600000000000000000e+01,4.000000000000000000e+00
1.000000000000000000e+00,1.600000000000000000e+01,1.600000000000000000e+01,9.520000000000000000e+02,6.710000000000000000e+02,9.520000000000000000e+02,6.800000000000000000e+02,0.000000000000000000e+00,-3.700000000000000000e+01,4.000000000000000000e+00
1.000000000000000000e+00,1.600000000000000000e+01,1.600000000000000000e+01,9.680000000000000000e+02,6.660000000000000000e+02,9.680000000000000000e+02,6.800000000000000000e+02,0.000000000000000000e+00,-5.600000000000000000e+01,4.000000000000000000e+00
1.000000000000000000e+00,1.600000000000000000e+01,1.600000000000000000e+01,9.840000000000000000e+02,6.640000000000000000e+02,9.840000000000000000e+02,6.800000000000000000e+02,0.000000000000000000e+00,-6.500000000000000000e+01,4.000000000000000000e+00
1.000000000000000000e+00,1.600000000000000000e+01,1.600000000000000000e+01,1.000000000000000000e+03,6.650000000000000000e+02,1.000000000000000000e+03,6.800000000000000000e+02,0.000000000000000000e+00,-6.000000000000000000e+01,4.000000000000000000e+00
1.000000000000000000e+00,1.600000000000000000e+01,1.600000000000000000e+01,1.016000000000000000e+03,6.640000000000000000e+02,1.016000000000000000e+03,6.800000000000000000e+02,0.000000000000000000e+00,-6.400000000000000000e+01,4.000000000000000000e+00
-1.000000000000000000e+00,1.600000000000000000e+01,1.600000000000000000e+01,1.010000000000000000e+03,7.010000000000000000e+02,1.032000000000000000e+03,6.800000000000000000e+02,-9.100000000000000000e+01,8.700000000000000000e+01,4.000000000000000000e+00
-1.000000000000000000e+00,1.600000000000000000e+01,1.600000000000000000e+01,1.025000000000000000e+03,6.980000000000000000e+02,1.048000000000000000e+03,6.800000000000000000e+02,-9.200000000000000000e+01,7.200000000000000000e+01,4.000000000000000000e+00
-1.000000000000000000e+00,1.600000000000000000e+01,1.600000000000000000e+01,1.041000000000000000e+03,6.980000000000000000e+02,1.064000000000000000e+03,6.800000000000000000e+02,-9.200000000000000000e+01,7.200000000000000000e+01,4.000000000000000000e+00
-1.000000000000000000e+00,1.600000000000000000e+01,1.600000000000000000e+01,1.057000000000000000e+03,6.980000000000000000e+02,1.080000000000000000e+03,6.800000000000000000e+02,-9.200000000000000000e+01,7.200000000000000000e+01,4.000000000000000000e+00
-1.000000000000000000e+00,1.600000000000000000e+01,1.600000000000000000e+01,1.073000000000000000e+03,6.980000000000000000e+02,1.096000000000000000e+03,6.800000000000000000e+02,-9.200000000000000000e+01,7.200000000000000000e+01,4.000000000000000000e+00
1.000000000000000000e+00,1.600000000000000000e+01,1.600000000000000000e+01,1.122000000000000000e+03,6.600000000000000000e+02,1.096000000000000000e+03,6.800000000000000000e+02,1.070000000000000000e+02,-8.000000000000000000e+01,4.000000000000000000e+00
-1.000000000000000000e+00,1.600000000000000000e+01,1.600000000000000000e+01,1.089000000000000000e+03,6.980000000000000000e+02,1.112000000000000000e+03,6.800000000000000000e+02,-9.200000000000000000e+01,7.200000000000000000e+01,4.000000000000000000e+00
1.000000000000000000e+00,1.600000000000000000e+01,1.600000000000000000e+01,1.138000000000000000e+03,6.600000000000000000e+02,1.112000000000000000e+03,6.800000000000000000e+02,1.070000000000000000e+02,-8.000000000000000000e+01,4.000000000000000000e+00
-1.000000000000000000e+00,1.600000000000000000e+01,1.600000000000000000e+01,1.105000000000000000e+03,6.990000000000000000e+02,1.128000000000000000e+03,6.800000000000000000e+02,-9.300000000000000000e+01,7.700000000000000000e+01,4.000000000000000000e+00
-1.000000000000000000e+00,1.600000000000000000e+01,1.600000000000000000e+01,1.121000000000000000e+03,6.980000000000000000e+02,1.144000000000000000e+03,6.800000000000000000e+02,-9.300000000000000000e+01,7.500000000000000000e+01,4.000000000000000000e+00
-1.000000000000000000e+00,8.000000000000000000e+00,1.600000000000000000e+01,1.133000000000000000e+03,6.980000000000000000e+02,1.156000000000000000e+03,6.800000000000000000e+02,-9.300000000000000000e+01,7.500000000000000000e+01,4.000000000000000000e+00
-1.000000000000000000e+00,8.000000000000000000e+00,1.600000000000000000e+01,1.164000000000000000e+03,6.800000000000000000e+02,1.164000000000000000e+03,6.800000000000000000e+02,0.000000000000000000e+00,0.000000000000000000e+00,4.000000000000000000e+00
1.000000000000000000e+00,8.000000000000000000e+00,1.600000000000000000e+01,1.156000000000000000e+03,6.800000000000000000e+02,1.156000000000000000e+03,6.800000000000000000e+02,0.000000000000000000e+00,0.000000000000000000e+00,4.000000000000000000e+00
1.000000000000000000e+00,8.000000000000000000e+00,1.600000000000000000e+01,1.191000000000000000e+03,6.610000000000000000e+02,1.164000000000000000e+03,6.800000000000000000e+02,1.090000000000000000e+02,-7.700000000000000000e+01,4.000000000000000000e+00
1.000000000000000000e+00,1.600000000000000000e+01,1.600000000000000000e+01,1.203000000000000000e+03,6.610000000000000000e+02,1.176000000000000000e+03,6.800000000000000000e+02,1.090000000000000000e+02,-7.700000000000000000e+01,4.000000000000000000e+00
1.000000000000000000e+00,1.600000000000000000e+01,1.600000000000000000e+01,1.218000000000000000e+03,6.610000000000000000e+02,1.192000000000000000e+03,6.800000000000000000e+02,1.070000000000000000e+02,-7.700000000000000000e+01,4.000000000000000000e+00
1.000000000000000000e+00,1.600000000000000000e+01,1.600000000000000000e+01,1.233000000000000000e+03,6.640000000000000000e+02,1.208000000000000000e+03,6.800000000000000000e+02,1.010000000000000000e+02,-6.500000000000000000e+01,4.000000000000000000e+00
1.000000000000000000e+00,1.600000000000000000e+01,1.600000000000000000e+01,1.249000000000000000e+03,6.640000000000000000e+02,1.224000000000000000e+03,6.800000000000000000e+02,1.010000000000000000e+02,-6.500000000000000000e+01,4.000000000000000000e+00
1.000000000000000000e+00,1.600000000000000000e+01,1.600000000000000000e+01,1.280000000000000000e+03,6.640000000000000000e+02,1.240000000000000000e+03,6.800000000000000000e+02,1.600000000000000000e+02,-6.500000000000000000e+01,4.000000000000000000e+00
-1.000000000000000000e+00,1.600000000000000000e+01,1.600000000000000000e+01,1.256000000000000000e+03,6.960000000000000000e+02,1.256000000000000000e+03,6.800000000000000000e+02,0.000000000000000000e+00,6.400000000000000000e+01,4.000000000000000000e+00
1.000000000000000000e+00,1.600000000000000000e+01,1.600000000000000000e+01,3.700000000000000000e+01,6.720000000000000000e+02,8.000000000000000000e+00,6.960000000000000000e+02,1.160000000000000000e+02,-9.700000000000000000e+01,4.000000000000000000e+00
1.000000000000000000e+00,1.600000000000000000e+01,1.600000000000000000e+01,5.300000000000000000e+01,6.720000000000000000e+02,2.400000000000000000e+01,6.960000000000000000e+02,1.180000000000000000e+02,-9.700000000000000000e+01,4.000000000000000000e+00
1.000000000000000000e+00,1.600000000000000000e+01,1.600000000000000000e+01,6.900000000000000000e+01,6.720000000000000000e+02,4.000000000000000000e+01,6.960000000000000000e+02,1.160000000000000000e+02,-9.700000000000000000e+01,4.000000000000000000e+00
-1.000000000000000000e+00,1.600000000000000000e+01,1.600000000000000000e+01,5.600000000000000000e+01,7.150000000000000000e+02,5.600000000000000000e+01,6.960000000000000000e+02,0.000000000000000000e+00,7.600000000000000000e+01,4.000000000000000000e+00
1.000000000000000000e+00,1.600000000000000000e+01,1.600000000000000000e+01,9.900000000000000000e+01,6.720000000000000000e+02,7.200000000000000000e+01,6.960000000000000000e+02,1.080000000000000000e+02,-9.600000000000000000e+01,4.000000000000000000e+00
1.000000000000000000e+00,1.600000000000000000e+01,1.600000000000000000e+01,1.150000000000000000e+02,6.720000000000000000e+02,8.800000000000000000e+01,6.960000000000000000e+02,1.080000000000000000e+02,-9.600000000000000000e+01,4.000000000000000000e+00
1.000000000000000000e+00,1.600000000000000000e+01,1.600000000000000000e+01,1.270000000000000000e+02,6.740000000000000000e+02,1.040000000000000000e+02,6.960000000000000000e+02,9.200000000000000000e+01,-8.900000000000000000e+01,4.000000000000000000e+00
-1.000000000000000000e+00,1.600000000000000000e+01,1.600000000000000000e+01,9.700000000000000000e+01,7.170000000000000000e+02,1.200000000000000000e+02,6.960000000000000000e+02,-9.500000000000000000e+01,8.400000000000000000e+01,4.000000000000000000e+00
1.000000000000000000e+00,1.600000000000000000e+01,1.600000000000000000e+01,1.430000000000000000e+02,6.740000000000000000e+02,1.200000000000000000e+02,6.960000000000000000e+02,9.200000000000000000e+01,-8.900000000000000000e+01,4.000000000000000000e+00
-1.000000000000000000e+00,1.600000000000000000e+01,1.600000000000000000e+01,1.120000000000000000e+02,7.170000000000000000e+02,1.360000000000000000e+02,6.960000000000000000e+02,-9.600000000000000000e+01,8.400000000000000000e+01,4.000000000000000000e+00
1.000000000000000000e+00,1.600000000000000000e+01,1.600000000000000000e+01,1.590000000000000000e+02,6.740000000000000000e+02,1.360000000000000000e+02,6.960000000000000000e+02,9.200000000000000000e+01,-8.900000000000000000e+01,4.000000000000000000e+00
-1.000000000000000000e+00,1.600000000000000000e+01,1.600000000000000000e+01,1.460000000000000000e+02,7.000000000000000000e+02,1.520000000000000000e+02,6.960000000000000000e+02,-2.400000000000000000e+01,1.600000000000000000e+01,4.000000000000000000e+00
-1.000000000000000000e+00,1.600000000000000000e+01,1.600000000000000000e+01,2.320000000000000000e+02,6.960000000000000000e+02,2.320000000000000000e+02,6.960000000000000000e+02,0.000000000000000000e+00,0.000000000000000000e+00,4.000000000000000000e+00
-1.000000000000000000e+00,1.600000000000000000e+01,1.600000000000000000e+01,2.480000000000000000e+02,6.960000000000000000e+02,2.480000000000000000e+02,6.960000000000000000e+02,0.000000000000000000e+00,0.000000000000000000e+00,4.000000000000000000e+00
-1.000000000000000000e+00,1.600000000000000000e+01,1.600000000000000000e+01,2.640000000000000000e+02,6.960000000000000000e+02,2.640000000000000000e+02,6.960000000000000000e+02,0.000000000000000000e+00,1.000000000000000000e+00,4.000000000000000000e+00
-1.000000000000000000e+00,1.600000000000000000e+01,1.600000000000000000e+01,2.800000000000000000e+02,6.960000000000000000e+02,2.800000000000000000e+02,6.960000000000000000e+02,0.000000000000000000e+00,1.000000000000000000e+00,4.000000000000000000e+00
-1.000000000000000000e+00,1.600000000000000000e+01,1.600000000000000000e+01,3.120000000000000000e+02,7.090000000000000000e+02,3.120000000000000000e+02,6.960000000000000000e+02,0.000000000000000000e+00,5.200000000000000000e+01,4.000000000000000000e+00
-1.000000000000000000e+00,1.600000000000000000e+01,1.600000000000000000e+01,3.280000000000000000e+02,7.090000000000000000e+02,3.280000000000000000e+02,6.960000000000000000e+02,0.000000000000000000e+00,5.200000000000000000e+01,4.000000000000000000e+00
-1.000000000000000000e+00,1.600000000000000000e+01,1.600000000000000000e+01,3.500000000000000000e+02,7.100000000000000000e+02,3.600000000000000000e+02,6.960000000000000000e+02,-4.000000000000000000e+01,5.600000000000000000e+01,4.000000000000000000e+00
-1.000000000000000000e+00,1.600000000000000000e+01,1.600000000000000000e+01,3.760000000000000000e+02,7.080000000000000000e+02,3.760000000000000000e+02,6.960000000000000000e+02,0.000000000000000000e+00,4.800000000000000000e+01,4.000000000000000000e+00
-1.000000000000000000e+00,1.600000000000000000e+01,1.600000000000000000e+01,3.920000000000000000e+02,7.070000000000000000e+02,3.920000000000000000e+02,6.960000000000000000e+02,0.000000000000000000e+00,4.700000000000000000e+01,4.000000000000000000e+00
1.000000000000000000e+00,1.600000000000000000e+01,1.600000000000000000e+01,3.920000000000000000e+02,6.760000000000000000e+02,3.920000000000000000e+02,6.960000000000000000e+02,0.000000000000000000e+00,-8.000000000000000000e+01,4.000000000000000000e+00
-1.000000000000000000e+00,1.600000000000000000e+01,1.600000000000000000e+01,4.080000000000000000e+02,7.070000000000000000e+02,4.080000000000000000e+02,6.960000000000000000e+02,0.000000000000000000e+00,4.700000000000000000e+01,4.000000000000000000e+00
1.000000000000000000e+00,1.600000000000000000e+01,1.600000000000000000e+01,4.080000000000000000e+02,6.770000000000000000e+02,4.080000000000000000e+02,6.960000000000000000e+02,0.000000000000000000e+00,-7.600000000000000000e+01,4.000000000000000000e+00
-1.000000000000000000e+00,1.600000000000000000e+01,1.600000000000000000e+01,4.240000000000000000e+02,7.070000000000000000e+02,4.240000000000000000e+02,6.960000000000000000e+02,0.000000000000000000e+00,4.700000000000000000e+01,4.000000000000000000e+00
1.000000000000000000e+00,1.600000000000000000e+01,1.600000000000000000e+01,4.240000000000000000e+02,6.870000000000000000e+02,4.240000000000000000e+02,6.960000000000000000e+02,0.000000000000000000e+00,-3.900000000000000000e+01,4.000000000000000000e+00
-1.000000000000000000e+00,1.600000000000000000e+01,1.600000000000000000e+01,4.360000000000000000e+02,7.120000000000000000e+02,4.560000000000000000e+02,6.960000000000000000e+02,-8.200000000000000000e+01,6.400000000000000000e+01,4.000000000000000000e+00
1.000000000000000000e+00,1.600000000000000000e+01,1.600000000000000000e+01,4.560000000000000000e+02,6.810000000000000000e+02,4.560000000000000000e+02,6.960000000000000000e+02,0.000000000000000000e+00,-6.300000000000000000e+01,4.000000000000000000e+00
1.000000000000000000e+00,1.600000000000000000e+01,1.600000000000000000e+01,4.720000000000000000e+02,6.810000000000000000e+02,4.720000000000000000e+02,6.960000000000000000e+02,0.000000000000000000e+00,-6.300000000000000000e+01,4.000000000000000000e+00
1.000000000000000000e+00,1.600000000000000000e+01,1.600000000000000000e+01,4.880000000000000000e+02,6.810000000000000000e+02,4.880000000000000000e+02,6.960000000000000000e+02,0.000000000000000000e+00,-6.300000000000000000e+01,4.000000000000000000e+00
-1.000000000000000000e+00,1.600000000000000000e+01,1.600000000000000000e+01,4.840000000000000000e+02,7.140000000000000000e+02,5.040000000000000000e+02,6.960000000000000000e+02,-8.200000000000000000e+01,7.400000000000000000e+01,4.000000000000000000e+00
1.000000000000000000e+00,1.600000000000000000e+01,1.600000000000000000e+01,5.040000000000000000e+02,6.810000000000000000e+02,5.040000000000000000e+02,6.960000000000000000e+02,0.000000000000000000e+00,-6.300000000000000000e+01,4.000000000000000000e+00
-1.000000000000000000e+00,1.600000000000000000e+01,1.600000000000000000e+01,5.200000000000000000e+02,6.960000000000000000e+02,5.200000000000000000e+02,6.960000000000000000e+02,0.000000000000000000e+00,0.000000000000000000e+00,4.000000000000000000e+00
1.000000000000000000e+00,1.600000000000000000e+01,1.600000000000000000e+01,5.200000000000000000e+02,6.960000000000000000e+02,5.200000000000000000e+02,6.960000000000000000e+02,0.000000000000000000e+00,0.000000000000000000e+00,4.000000000000000000e+00
1.000000000000000000e+00,1.600000000000000000e+01,1.600000000000000000e+01,5.360000000000000000e+02,6.960000000000000000e+02,5.360000000000000000e+02,6.960000000000000000e+02,0.000000000000000000e+00,0.000000000000000000e+00,4.000000000000000000e+00
-1.000000000000000000e+00,1.600000000000000000e+01,1.600000000000000000e+01,5.610000000000000000e+02,6.960000000000000000e+02,5.520000000000000000e+02,6.960000000000000000e+02,3.600000000000000000e+01,0.000000000000000000e+00,4.000000000000000000e+00
-1.000000000000000000e+00,1.600000000000000000e+01,1.600000000000000000e+01,5.680000000000000000e+02,6.960000000000000000e+02,5.680000000000000000e+02,6.960000000000000000e+02,0.000000000000000000e+00,0.000000000000000000e+00,4.000000000000000000e+00
1.000000000000000000e+00,1.600000000000000000e+01,1.600000000000000000e+01,5.810000000000000000e+02,6.820000000000000000e+02,5.680000000000000000e+02,6.960000000000000000e+02,5.300000000000000000e+01,-5.700000000000000000e+01,4.000000000000000000e+00
1.000000000000000000e+00,1.600000000000000000e+01,1.600000000000000000e+01,5.970000000000000000e+02,6.820000000000000000e+02,5.840000000000000000e+02,6.960000000000000000e+02,5.300000000000000000e+01,-5.600000000000000000e+01,4.000000000000000000e+00
-1.000000000000000000e+00,1.600000000000000000e+01,1.600000000000000000e+01,5.890000000000000000e+02,7.040000000000000000e+02,6.000000000000000000e+02,6.960000000000000000e+02,-4.700000000000000000e+01,3.500000000000000000e+01,4.000000000000000000e+00
1.000000000000000000e+00,1.600000000000000000e+01,1.600000000000000000e+01,6.130000000000000000e+02,6.820000000000000000e+02,6.000000000000000000e+02,6.960000000000000000e+02,5.300000000000000000e+01,-5.600000000000000000e+01,4.000000000000000000e+00
-1.000000000000000000e+00,1.600000000000000000e+01,1.600000000000000000e+01,6.050000000000000000e+02,7.040000000000000000e+02,6.160000000000000000e+02,6.960000000000000000e+02,-4.700000000000000000e+01,3.500000000000000000e+01,4.000000000000000000e+00
1.000000000000000000e+00,1.600000000000000000e+01,1.600000000000000000e+01,6.290000000000000000e+02,6.820000000000000000e+02,6.160000000000000000e+02,6.960000000000000000e+02,5.300000000000000000e+01,-5.600000000000000000e+01,4.000000000000000000e+00
-1.000000000000000000e+00,1.600000000000000000e+01,1.600000000000000000e+01,6.210000000000000000e+02,7.040000000000000000e+02,6.320000000000000000e+02,6.960000000000000000e+02,-4.700000000000000000e+01,3.500000000000000000e+01,4.000000000000000000e+00
1.000000000000000000e+00,1.600000000000000000e+01,1.600000000000000000e+01,6.440000000000000000e+02,6.820000000000000000e+02,6.320000000000000000e+02,6.960000000000000000e+02,5.100000000000000000e+01,-5.600000000000000000e+01,4.000000000000000000e+00
1.000000000000000000e+00,1.600000000000000000e+01,1.600000000000000000e+01,6.610000000000000000e+02,6.800000000000000000e+02,6.480000000000000000e+02,6.960000000000000000e+02,5.500000000000000000e+01,-6.400000000000000000e+01,4.000000000000000000e+00
-1.000000000000000000e+00,1.600000000000000000e+01,1.600000000000000000e+01,6.530000000000000000e+02,7.100000000000000000e+02,6.640000000000000000e+02,6.960000000000000000e+02,-4.400000000000000000e+01,5.600000000000000000e+01,4.000000000000000000e+00
1.000000000000000000e+00,1.600000000000000000e+01,1.600000000000000000e+01,6.770000000000000000e+02,6.800000000000000000e+02,6.640000000000000000e+02,6.960000000000000000e+02,5.500000000000000000e+01,-6.400000000000000000e+01,4.000000000000000000e+00
-1.000000000000000000e+00,1.600000000000000000e+01,1.600000000000000000e+01,6.670000000000000000e+02,7.100000000000000000e+02,6.800000000000000000e+02,6.960000000000000000e+02,-5.200000000000000000e+01,5.600000000000000000e+01,4.000000000000000000e+00
-1.000000000000000000e+00,1.600000000000000000e+01,1.600000000000000000e+01,6.840000000000000000e+02,7.100000000000000000e+02,6.960000000000000000e+02,6.960000000000000000e+02,-4.800000000000000000e+01,5.600000000000000000e+01,4.000000000000000000e+00
1.000000000000000000e+00,1.600000000000000000e+01,1.600000000000000000e+01,7.100000000000000000e+02,6.810000000000000000e+02,6.960000000000000000e+02,6.960000000000000000e+02,5.600000000000000000e+01,-6.000000000000000000e+01,4.000000000000000000e+00
1.000000000000000000e+00,1.600000000000000000e+01,1.600000000000000000e+01,7.350000000000000000e+02,6.790000000000000000e+02,7.120000000000000000e+02,6.960000000000000000e+02,9.500000000000000000e+01,-7.100000000000000000e+01,4.000000000000000000e+00
1.000000000000000000e+00,1.600000000000000000e+01,1.600000000000000000e+01,7.510000000000000000e+02,6.760000000000000000e+02,7.280000000000000000e+02,6.960000000000000000e+02,9.400000000000000000e+01,-8.200000000000000000e+01,4.000000000000000000e+00
-1.000000000000000000e+00,1.600000000000000000e+01,1.600000000000000000e+01,7.230000000000000000e+02,7.170000000000000000e+02,7.440000000000000000e+02,6.960000000000000000e+02,-8.600000000000000000e+01,8.400000000000000000e+01,4.000000000000000000e+00
1.000000000000000000e+00,1.600000000000000000e+01,1.600000000000000000e+01,7.670000000000000000e+02,6.760000000000000000e+02,7.440000000000000000e+02,6.960000000000000000e+02,9.400000000000000000e+01,-8.200000000000000000e+01,4.000000000000000000e+00
1.000000000000000000e+00,1.600000000000000000e+01,1.600000000000000000e+01,7.860000000000000000e+02,6.760000000000000000e+02,7.600000000000000000e+02,6.960000000000000000e+02,1.040000000000000000e+02,-8.000000000000000000e+01,4.000000000000000000e+00
1.000000000000000000e+00,1.600000000000000000e+01,1.600000000000000000e+01,7.980000000000000000e+02,6.760000000000000000e+02,7.760000000000000000e+02,6.960000000000000000e+02,9.000000000000000000e+01,-8.000000000000000000e+01,4.000000000000000000e+00
-1.000000000000000000e+00,1.600000000000000000e+01,8.000000000000000000e+00,7.690000000000000000e+02,7.130000000000000000e+02,7.920000000000000000e+02,6.920000000000000000e+02,-9.200000000000000000e+01,8.400000000000000000e+01,4.000000000000000000e+00
-1.000000000000000000e+00,1.600000000000000000e+01,8.000000000000000000e+00,7.920000000000000000e+02,7.000000000000000000e+02,7.920000000000000000e+02,7.000000000000000000e+02,0.000000000000000000e+00,0.000000000000000000e+00,4.000000000000000000e+00
1.000000000000000000e+00,1.600000000000000000e+01,8.000000000000000000e+00,7.920000000000000000e+02,6.920000000000000000e+02,7.920000000000000000e+02,6.920000000000000000e+02,0.000000000000000000e+00,0.000000000000000000e+00,4.000000000000000000e+00
1.000000000000000000e+00,1.600000000000000000e+01,8.000000000000000000e+00,8.150000000000000000e+02,6.800000000000000000e+02,7.920000000000000000e+02,7.000000000000000000e+02,9.500000000000000000e+01,-8.000000000000000000e+01,4.000000000000000000e+00
-1.000000000000000000e+00,1.600000000000000000e+01,1.600000000000000000e+01,8.080000000000000000e+02,7.000000000000000000e+02,8.080000000000000000e+02,6.960000000000000000e+02,0.000000000000000000e+00,1.600000000000000000e+01,4.000000000000000000e+00
1.000000000000000000e+00,1.600000000000000000e+01,1.600000000000000000e+01,8.490000000000000000e+02,6.750000000000000000e+02,8.240000000000000000e+02,6.960000000000000000e+02,1.000000000000000000e+02,-8.400000000000000000e+01,4.000000000000000000e+00
1.000000000000000000e+00,1.600000000000000000e+01,1.600000000000000000e+01,8.650000000000000000e+02,6.750000000000000000e+02,8.400000000000000000e+02,6.960000000000000000e+02,1.000000000000000000e+02,-8.400000000000000000e+01,4.000000000000000000e+00
1.000000000000000000e+00,1.600000000000000000e+01,1.600000000000000000e+01,8.720000000000000000e+02,6.820000000000000000e+02,8.720000000000000000e+02,6.960000000000000000e+02,0.000000000000000000e+00,-5.700000000000000000e+01,4.000000000000000000e+00
1.000000000000000000e+00,1.600000000000000000e+01,1.600000000000000000e+01,8.880000000000000000e+02,6.820000000000000000e+02,8.880000000000000000e+02,6.960000000000000000e+02,0.000000000000000000e+00,-5.600000000000000000e+01,4.000000000000000000e+00
1.000000000000000000e+00,1.600000000000000000e+01,1.600000000000000000e+01,9.040000000000000000e+02,6.810000000000000000e+02,9.040000000000000000e+02,6.960000000000000000e+02,0.000000000000000000e+00,-6.100000000000000000e+01,4.000000000000000000e+00
1.000000000000000000e+00,1.600000000000000000e+01,1.600000000000000000e+01,9.200000000000000000e+02,6.810000000000000000e+02,9.200000000000000000e+02,6.960000000000000000e+02,0.000000000000000000e+00,-6.100000000000000000e+01,4.000000000000000000e+00
1.000000000000000000e+00,1.600000000000000000e+01,1.600000000000000000e+01,9.360000000000000000e+02,6.870000000000000000e+02,9.360000000000000000e+02,6.960000000000000000e+02,0.000000000000000000e+00,-3.700000000000000000e+01,4.000000000000000000e+00
1.000000000000000000e+00,1.600000000000000000e+01,1.600000000000000000e+01,9.680000000000000000e+02,6.960000000000000000e+02,9.680000000000000000e+02,6.960000000000000000e+02,0.000000000000000000e+00,0.000000000000000000e+00,4.000000000000000000e+00
-1.000000000000000000e+00,1.600000000000000000e+01,1.600000000000000000e+01,9.840000000000000000e+02,7.150000000000000000e+02,9.840000000000000000e+02,6.960000000000000000e+02,0.000000000000000000e+00,7.600000000000000000e+01,4.000000000000000000e+00
-1.000000000000000000e+00,1.600000000000000000e+01,1.600000000000000000e+01,9.940000000000000000e+02,7.170000000000000000e+02,1.016000000000000000e+03,6.960000000000000000e+02,-9.100000000000000000e+01,8.700000000000000000e+01,4.000000000000000000e+00
1.000000000000000000e+00,1.600000000000000000e+01,1.600000000000000000e+01,1.016000000000000000e+03,6.800000000000000000e+02,1.016000000000000000e+03,6.960000000000000000e+02,0.000000000000000000e+00,-6.400000000000000000e+01,4.000000000000000000e+00
-1.000000000000000000e+00,1.600000000000000000e+01,1.600000000000000000e+01,1.010000000000000000e+03,7.170000000000000000e+02,1.032000000000000000e+03,6.960000000000000000e+02,-9.100000000000000000e+01,8.700000000000000000e+01,4.000000000000000000e+00
1.000000000000000000e+00,1.600000000000000000e+01,1.600000000000000000e+01,1.032000000000000000e+03,6.800000000000000000e+02,1.032000000000000000e+03,6.960000000000000000e+02,0.000000000000000000e+00,-6.400000000000000000e+01,4.000000000000000000e+00
-1.000000000000000000e+00,1.600000000000000000e+01,1.600000000000000000e+01,1.025000000000000000e+03,7.140000000000000000e+02,1.048000000000000000e+03,6.960000000000000000e+02,-9.200000000000000000e+01,7.200000000000000000e+01,4.000000000000000000e+00
1.000000000000000000e+00,1.600000000000000000e+01,1.600000000000000000e+01,1.048000000000000000e+03,6.800000000000000000e+02,1.048000000000000000e+03,6.960000000000000000e+02,0.000000000000000000e+00,-6.400000000000000000e+01,4.000000000000000000e+00
-1.000000000000000000e+00,1.600000000000000000e+01,1.600000000000000000e+01,1.045000000000000000e+03,7.140000000000000000e+02,1.064000000000000000e+03,6.960000000000000000e+02,-7.900000000000000000e+01,7.200000000000000000e+01,4.000000000000000000e+00
1.000000000000000000e+00,1.600000000000000000e+01,1.600000000000000000e+01,1.106000000000000000e+03,6.760000000000000000e+02,1.080000000000000000e+03,6.960000000000000000e+02,1.040000000000000000e+02,-8.000000000000000000e+01,4.000000000000000000e+00
-1.000000000000000000e+00,1.600000000000000000e+01,1.600000000000000000e+01,1.073000000000000000e+03,7.140000000000000000e+02,1.096000000000000000e+03,6.960000000000000000e+02,-9.200000000000000000e+01,7.200000000000000000e+01,4.000000000000000000e+00
1.000000000000000000e+00,1.600000000000000000e+01,1.600000000000000000e+01,1.122000000000000000e+03,6.760000000000000000e+02,1.096000000000000000e+03,6.960000000000000000e+02,1.070000000000000000e+02,-8.000000000000000000e+01,4.000000000000000000e+00
-1.000000000000000000e+00,1.600000000000000000e+01,1.600000000000000000e+01,1.089000000000000000e+03,7.140000000000000000e+02,1.112000000000000000e+03,6.960000000000000000e+02,-9.200000000000000000e+01,7.200000000000000000e+01,4.000000000000000000e+00
1.000000000000000000e+00,1.600000000000000000e+01,1.600000000000000000e+01,1.138000000000000000e+03,6.760000000000000000e+02,1.112000000000000000e+03,6.960000000000000000e+02,1.070000000000000000e+02,-8.000000000000000000e+01,4.000000000000000000e+00
1.000000000000000000e+00,1.600000000000000000e+01,1.600000000000000000e+01,1.154000000000000000e+03,6.760000000000000000e+02,1.128000000000000000e+03,6.960000000000000000e+02,1.070000000000000000e+02,-8.000000000000000000e+01,4.000000000000000000e+00
-1.000000000000000000e+00,1.600000000000000000e+01,1.600000000000000000e+01,1.121000000000000000e+03,7.140000000000000000e+02,1.144000000000000000e+03,6.960000000000000000e+02,-9.300000000000000000e+01,7.500000000000000000e+01,4.000000000000000000e+00
1.000000000000000000e+00,1.600000000000000000e+01,1.600000000000000000e+01,1.170000000000000000e+03,6.760000000000000000e+02,1.144000000000000000e+03,6.960000000000000000e+02,1.070000000000000000e+02,-8.000000000000000000e+01,4.000000000000000000e+00
-1.000000000000000000e+00,1.600000000000000000e+01,1.600000000000000000e+01,1.137000000000000000e+03,7.140000000000000000e+02,1.160000000000000000e+03,6.960000000000000000e+02,-9.300000000000000000e+01,7.500000000000000000e+01,4.000000000000000000e+00
1.000000000000000000e+00,1.600000000000000000e+01,1.600000000000000000e+01,1.186000000000000000e+03,6.770000000000000000e+02,1.160000000000000000e+03,6.960000000000000000e+02,1.070000000000000000e+02,-7.700000000000000000e+01,4.000000000000000000e+00
1.000000000000000000e+00,1.600000000000000000e+01,1.600000000000000000e+01,1.205000000000000000e+03,6.770000000000000000e+02,1.176000000000000000e+03,6.960000000000000000e+02,1.160000000000000000e+02,-7.700000000000000000e+01,4.000000000000000000e+00
1.000000000000000000e+00,1.600000000000000000e+01,1.600000000000000000e+01,1.218000000000000000e+03,6.770000000000000000e+02,1.192000000000000000e+03,6.960000000000000000e+02,1.070000000000000000e+02,-7.700000000000000000e+01,4.000000000000000000e+00
1.000000000000000000e+00,1.600000000000000000e+01,8.000000000000000000e+00,1.256000000000000000e+03,6.920000000000000000e+02,1.256000000000000000e+03,6.920000000000000000e+02,-1.000000000000000000e+00,0.000000000000000000e+00,4.000000000000000000e+00
1.000000000000000000e+00,1.600000000000000000e+01,8.000000000000000000e+00,1.256000000000000000e+03,7.000000000000000000e+02,1.256000000000000000e+03,7.000000000000000000e+02,-1.000000000000000000e+00,0.000000000000000000e+00,4.000000000000000000e+00
-1.000000000000000000e+00,1.600000000000000000e+01,1.600000000000000000e+01,1.272000000000000000e+03,7.120000000000000000e+02,1.272000000000000000e+03,6.960000000000000000e+02,0.000000000000000000e+00,6.400000000000000000e+01,4.000000000000000000e+00
1.000000000000000000e+00,1.600000000000000000e+01,1.600000000000000000e+01,1.272000000000000000e+03,6.960000000000000000e+02,1.272000000000000000e+03,6.960000000000000000e+02,-1.000000000000000000e+00,0.000000000000000000e+00,4.000000000000000000e+00
1.000000000000000000e+00,1.600000000000000000e+01,1.600000000000000000e+01,6.700000000000000000e+01,6.860000000000000000e+02,8.000000000000000000e+00,7.120000000000000000e+02,2.360000000000000000e+02,-1.040000000000000000e+02,4.000000000000000000e+00
1.000000000000000000e+00,1.600000000000000000e+01,1.600000000000000000e+01,6.900000000000000000e+01,6.870000000000000000e+02,4.000000000000000000e+01,7.120000000000000000e+02,1.160000000000000000e+02,-1.000000000000000000e+02,4.000000000000000000e+00
1.000000000000000000e+00,1.600000000000000000e+01,1.600000000000000000e+01,9.000000000000000000e+01,6.860000000000000000e+02,5.600000000000000000e+01,7.120000000000000000e+02,1.370000000000000000e+02,-1.050000000000000000e+02,4.000000000000000000e+00
1.000000000000000000e+00,1.600000000000000000e+01,1.600000000000000000e+01,9.900000000000000000e+01,6.880000000000000000e+02,7.200000000000000000e+01,7.120000000000000000e+02,1.080000000000000000e+02,-9.600000000000000000e+01,4.000000000000000000e+00
1.000000000000000000e+00,1.600000000000000000e+01,1.600000000000000000e+01,1.150000000000000000e+02,6.880000000000000000e+02,8.800000000000000000e+01,7.120000000000000000e+02,1.080000000000000000e+02,-9.600000000000000000e+01,4.000000000000000000e+00
-1.000000000000000000e+00,1.600000000000000000e+01,1.600000000000000000e+01,1.040000000000000000e+02,7.120000000000000000e+02,1.040000000000000000e+02,7.120000000000000000e+02,0.000000000000000000e+00,0.000000000000000000e+00,4.000000000000000000e+00
-1.000000000000000000e+00,1.600000000000000000e+01,1.600000000000000000e+01,1.200000000000000000e+02,6.910000000000000000e+02,1.200000000000000000e+02,7.120000000000000000e+02,0.000000000000000000e+00,-8.700000000000000000e+01,4.000000000000000000e+00
-1.000000000000000000e+00,8.000000000000000000e+00,1.600000000000000000e+01,1.420000000000000000e+02,7.160000000000000000e+02,1.480000000000000000e+02,7.120000000000000000e+02,-2.400000000000000000e+01,1.600000000000000000e+01,4.000000000000000000e+00
-1.000000000000000000e+00,8.000000000000000000e+00,1.600000000000000000e+01,1.500000000000000000e+02,7.160000000000000000e+02,1.560000000000000000e+02,7.120000000000000000e+02,-2.400000000000000000e+01,1.600000000000000000e+01,4.000000000000000000e+00
1.000000000000000000e+00,1.600000000000000000e+01,1.600000000000000000e+01,1.680000000000000000e+02,6.910000000000000000e+02,1.680000000000000000e+02,7.120000000000000000e+02,0.000000000000000000e+00,-8.400000000000000000e+01,4.000000000000000000e+00
1.000000000000000000e+00,1.600000000000000000e+01,1.600000000000000000e+01,1.840000000000000000e+02,6.910000000000000000e+02,1.840000000000000000e+02,7.120000000000000000e+02,0.000000000000000000e+00,-8.400000000000000000e+01,4.000000000000000000e+00
-1.000000000000000000e+00,1.600000000000000000e+01,1.600000000000000000e+01,2.000000000000000000e+02,7.120000000000000000e+02,2.000000000000000000e+02,7.120000000000000000e+02,0.000000000000000000e+00,0.000000000000000000e+00,4.000000000000000000e+00
-1.000000000000000000e+00,1.600000000000000000e+01,1.600000000000000000e+01,2.960000000000000000e+02,7.120000000000000000e+02,2.960000000000000000e+02,7.120000000000000000e+02,0.000000000000000000e+00,0.000000000000000000e+00,4.000000000000000000e+00
-1.000000000000000000e+00,1.600000000000000000e+01,1.600000000000000000e+01,3.120000000000000000e+02,7.250000000000000000e+02,3.120000000000000000e+02,7.120000000000000000e+02,0.000000000000000000e+00,5.200000000000000000e+01,4.000000000000000000e+00
-1.000000000000000000e+00,1.600000000000000000e+01,1.600000000000000000e+01,3.280000000000000000e+02,7.250000000000000000e+02,3.280000000000000000e+02,7.120000000000000000e+02,0.000000000000000000e+00,5.200000000000000000e+01,4.000000000000000000e+00
-1.000000000000000000e+00,1.600000000000000000e+01,1.600000000000000000e+01,3.760000000000000000e+02,7.230000000000000000e+02,3.760000000000000000e+02,7.120000000000000000e+02,0.000000000000000000e+00,4.700000000000000000e+01,4.000000000000000000e+00
1.000000000000000000e+00,1.600000000000000000e+01,1.600000000000000000e+01,3.760000000000000000e+02,6.920000000000000000e+02,3.760000000000000000e+02,7.120000000000000000e+02,0.000000000000000000e+00,-8.000000000000000000e+01,4.000000000000000000e+00
1.000000000000000000e+00,1.600000000000000000e+01,1.600000000000000000e+01,3.920000000000000000e+02,7.140000000000000000e+02,3.920000000000000000e+02,7.120000000000000000e+02,0.000000000000000000e+00,1.000000000000000000e+01,4.000000000000000000e+00
1.000000000000000000e+00,1.600000000000000000e+01,1.600000000000000000e+01,4.240000000000000000e+02,7.110000000000000000e+02,4.240000000000000000e+02,7.120000000000000000e+02,0.000000000000000000e+00,-4.000000000000000000e+00,4.000000000000000000e+00
1.000000000000000000e+00,1.600000000000000000e+01,1.600000000000000000e+01,4.400000000000000000e+02,7.120000000000000000e+02,4.400000000000000000e+02,7.120000000000000000e+02,0.000000000000000000e+00,-3.000000000000000000e+00,4.000000000000000000e+00
-1.000000000000000000e+00,1.600000000000000000e+01,1.600000000000000000e+01,4.360000000000000000e+02,7.280000000000000000e+02,4.560000000000000000e+02,7.120000000000000000e+02,-8.200000000000000000e+01,6.400000000000000000e+01,4.000000000000000000e+00
1.000000000000000000e+00,1.600000000000000000e+01,1.600000000000000000e+01,4.560000000000000000e+02,6.970000000000000000e+02,4.560000000000000000e+02,7.120000000000000000e+02,0.000000000000000000e+00,-6.300000000000000000e+01,4.000000000000000000e+00
1.000000000000000000e+00,1.600000000000000000e+01,1.600000000000000000e+01,4.720000000000000000e+02,6.970000000000000000e+02,4.720000000000000000e+02,7.120000000000000000e+02,0.000000000000000000e+00,-6.300000000000000000e+01,4.000000000000000000e+00
1.000000000000000000e+00,1.600000000000000000e+01,1.600000000000000000e+01,4.880000000000000000e+02,7.110000000000000000e+02,4.880000000000000000e+02,7.120000000000000000e+02,0.000000000000000000e+00,-4.000000000000000000e+00,4.000000000000000000e+00
-1.000000000000000000e+00,1.600000000000000000e+01,1.600000000000000000e+01,5.040000000000000000e+02,7.120000000000000000e+02,5.040000000000000000e+02,7.120000000000000000e+02,0.000000000000000000e+00,0.000000000000000000e+00,4.000000000000000000e+00
1.000000000000000000e+00,1.600000000000000000e+01,1.600000000000000000e+01,5.040000000000000000e+02,7.110000000000000000e+02,5.040000000000000000e+02,7.120000000000000000e+02,0.000000000000000000e+00,-4.000000000000000000e+00,4.000000000000000000e+00
-1.000000000000000000e+00,1.600000000000000000e+01,1.600000000000000000e+01,5.520000000000000000e+02,7.120000000000000000e+02,5.520000000000000000e+02,7.120000000000000000e+02,0.000000000000000000e+00,0.000000000000000000e+00,4.000000000000000000e+00
1.000000000000000000e+00,1.600000000000000000e+01,1.600000000000000000e+01,5.650000000000000000e+02,6.980000000000000000e+02,5.520000000000000000e+02,7.120000000000000000e+02,5.300000000000000000e+01,-5.700000000000000000e+01,4.000000000000000000e+00
-1.000000000000000000e+00,1.600000000000000000e+01,1.600000000000000000e+01,5.730000000000000000e+02,7.200000000000000000e+02,5.840000000000000000e+02,7.120000000000000000e+02,-4.700000000000000000e+01,3.500000000000000000e+01,4.000000000000000000e+00
1.000000000000000000e+00,1.600000000000000000e+01,1.600000000000000000e+01,5.970000000000000000e+02,6.980000000000000000e+02,5.840000000000000000e+02,7.120000000000000000e+02,5.300000000000000000e+01,-5.600000000000000000e+01,4.000000000000000000e+00
1.000000000000000000e+00,1.600000000000000000e+01,1.600000000000000000e+01,6.140000000000000000e+02,6.980000000000000000e+02,6.000000000000000000e+02,7.120000000000000000e+02,5.900000000000000000e+01,-5.600000000000000000e+01,4.000000000000000000e+00
1.000000000000000000e+00,1.600000000000000000e+01,1.600000000000000000e+01,6.290000000000000000e+02,6.980000000000000000e+02,6.160000000000000000e+02,7.120000000000000000e+02,5.300000000000000000e+01,-5.600000000000000000e+01,4.000000000000000000e+00
1.000000000000000000e+00,1.600000000000000000e+01,1.600000000000000000e+01,6.450000000000000000e+02,6.970000000000000000e+02,6.320000000000000000e+02,7.120000000000000000e+02,5.300000000000000000e+01,-6.100000000000000000e+01,4.000000000000000000e+00
1.000000000000000000e+00,1.600000000000000000e+01,1.600000000000000000e+01,6.610000000000000000e+02,6.960000000000000000e+02,6.480000000000000000e+02,7.120000000000000000e+02,5.200000000000000000e+01,-6.400000000000000000e+01,4.000000000000000000e+00
1.000000000000000000e+00,1.600000000000000000e+01,1.600000000000000000e+01,6.790000000000000000e+02,6.960000000000000000e+02,6.640000000000000000e+02,7.120000000000000000e+02,6.300000000000000000e+01,-6.400000000000000000e+01,4.000000000000000000e+00
1.000000000000000000e+00,1.600000000000000000e+01,1.600000000000000000e+01,6.940000000000000000e+02,6.970000000000000000e+02,6.800000000000000000e+02,7.120000000000000000e+02,5.700000000000000000e+01,-6.000000000000000000e+01,4.000000000000000000e+00
1.000000000000000000e+00,1.600000000000000000e+01,1.600000000000000000e+01,7.100000000000000000e+02,6.970000000000000000e+02,6.960000000000000000e+02,7.120000000000000000e+02,5.700000000000000000e+01,-6.000000000000000000e+01,4.000000000000000000e+00
1.000000000000000000e+00,1.600000000000000000e+01,1.600000000000000000e+01,7.350000000000000000e+02,6.940000000000000000e+02,7.120000000000000000e+02,7.120000000000000000e+02,9.400000000000000000e+01,-7.200000000000000000e+01,4.000000000000000000e+00
1.000000000000000000e+00,1.600000000000000000e+01,1.600000000000000000e+01,7.510000000000000000e+02,6.910000000000000000e+02,7.280000000000000000e+02,7.120000000000000000e+02,9.400000000000000000e+01,-8.400000000000000000e+01,4.000000000000000000e+00
1.000000000000000000e+00,1.600000000000000000e+01,1.600000000000000000e+01,7.670000000000000000e+02,6.920000000000000000e+02,7.440000000000000000e+02,7.120000000000000000e+02,9.400000000000000000e+01,-8.200000000000000000e+01,4.000000000000000000e+00
1.000000000000000000e+00,1.600000000000000000e+01,1.600000000000000000e+01,7.830000000000000000e+02,6.920000000000000000e+02,7.600000000000000000e+02,7.120000000000000000e+02,9.300000000000000000e+01,-8.100000000000000000e+01,4.000000000000000000e+00
1.000000000000000000e+00,1.600000000000000000e+01,1.600000000000000000e+01,7.990000000000000000e+02,6.920000000000000000e+02,7.760000000000000000e+02,7.120000000000000000e+02,9.300000000000000000e+01,-8.000000000000000000e+01,4.000000000000000000e+00
1.000000000000000000e+00,1.600000000000000000e+01,1.600000000000000000e+01,8.170000000000000000e+02,6.910000000000000000e+02,7.920000000000000000e+02,7.120000000000000000e+02,1.000000000000000000e+02,-8.600000000000000000e+01,4.000000000000000000e+00
1.000000000000000000e+00,1.600000000000000000e+01,1.600000000000000000e+01,8.330000000000000000e+02,6.910000000000000000e+02,8.080000000000000000e+02,7.120000000000000000e+02,1.000000000000000000e+02,-8.400000000000000000e+01,4.000000000000000000e+00
1.000000000000000000e+00,1.600000000000000000e+01,1.600000000000000000e+01,8.490000000000000000e+02,6.910000000000000000e+02,8.240000000000000000e+02,7.120000000000000000e+02,1.000000000000000000e+02,-8.400000000000000000e+01,4.000000000000000000e+00
1.000000000000000000e+00,1.600000000000000000e+01,1.600000000000000000e+01,8.650000000000000000e+02,6.910000000000000000e+02,8.400000000000000000e+02,7.120000000000000000e+02,1.000000000000000000e+02,-8.400000000000000000e+01,4.000000000000000000e+00
1.000000000000000000e+00,1.600000000000000000e+01,1.600000000000000000e+01,8.720000000000000000e+02,6.970000000000000000e+02,8.720000000000000000e+02,7.120000000000000000e+02,0.000000000000000000e+00,-6.100000000000000000e+01,4.000000000000000000e+00
-1.000000000000000000e+00,1.600000000000000000e+01,1.600000000000000000e+01,9.380000000000000000e+02,7.120000000000000000e+02,9.040000000000000000e+02,7.120000000000000000e+02,1.360000000000000000e+02,0.000000000000000000e+00,4.000000000000000000e+00
-1.000000000000000000e+00,8.000000000000000000e+00,1.600000000000000000e+01,9.320000000000000000e+02,7.120000000000000000e+02,9.320000000000000000e+02,7.120000000000000000e+02,0.000000000000000000e+00,0.000000000000000000e+00,4.000000000000000000e+00
-1.000000000000000000e+00,8.000000000000000000e+00,1.600000000000000000e+01,9.400000000000000000e+02,7.210000000000000000e+02,9.400000000000000000e+02,7.120000000000000000e+02,0.000000000000000000e+00,3.600000000000000000e+01,4.000000000000000000e+00
1.000000000000000000e+00,1.600000000000000000e+01,1.600000000000000000e+01,9.610000000000000000e+02,7.120000000000000000e+02,9.520000000000000000e+02,7.120000000000000000e+02,3.600000000000000000e+01,0.000000000000000000e+00,4.000000000000000000e+00
-1.000000000000000000e+00,1.600000000000000000e+01,1.600000000000000000e+01,9.680000000000000000e+02,7.310000000000000000e+02,9.680000000000000000e+02,7.120000000000000000e+02,0.000000000000000000e+00,7.600000000000000000e+01,4.000000000000000000e+00
1.000000000000000000e+00,1.600000000000000000e+01,1.600000000000000000e+01,9.680000000000000000e+02,7.120000000000000000e+02,9.680000000000000000e+02,7.120000000000000000e+02,0.000000000000000000e+00,0.000000000000000000e+00,4.000000000000000000e+00
-1.000000000000000000e+00,1.600000000000000000e+01,1.600000000000000000e+01,9.840000000000000000e+02,7.310000000000000000e+02,9.840000000000000000e+02,7.120000000000000000e+02,0.000000000000000000e+00,7.600000000000000000e+01,4.000000000000000000e+00
1.000000000000000000e+00,1.600000000000000000e+01,1.600000000000000000e+01,9.840000000000000000e+02,7.120000000000000000e+02,9.840000000000000000e+02,7.120000000000000000e+02,0.000000000000000000e+00,0.000000000000000000e+00,4.000000000000000000e+00
-1.000000000000000000e+00,1.600000000000000000e+01,1.600000000000000000e+01,9.980000000000000000e+02,7.230000000000000000e+02,1.016000000000000000e+03,7.120000000000000000e+02,-7.400000000000000000e+01,4.400000000000000000e+01,4.000000000000000000e+00
-1.000000000000000000e+00,1.600000000000000000e+01,1.600000000000000000e+01,1.010000000000000000e+03,7.300000000000000000e+02,1.032000000000000000e+03,7.120000000000000000e+02,-9.100000000000000000e+01,7.200000000000000000e+01,4.000000000000000000e+00
1.000000000000000000e+00,1.600000000000000000e+01,1.600000000000000000e+01,1.036000000000000000e+03,6.960000000000000000e+02,1.048000000000000000e+03,7.120000000000000000e+02,-5.000000000000000000e+01,-6.400000000000000000e+01,4.000000000000000000e+00
-1.000000000000000000e+00,1.600000000000000000e+01,1.600000000000000000e+01,1.042000000000000000e+03,7.300000000000000000e+02,1.064000000000000000e+03,7.120000000000000000e+02,-8.800000000000000000e+01,7.200000000000000000e+01,4.000000000000000000e+00
1.000000000000000000e+00,1.600000000000000000e+01,1.600000000000000000e+01,1.106000000000000000e+03,6.930000000000000000e+02,1.080000000000000000e+03,7.120000000000000000e+02,1.040000000000000000e+02,-7.900000000000000000e+01,4.000000000000000000e+00
1.000000000000000000e+00,1.600000000000000000e+01,1.600000000000000000e+01,1.122000000000000000e+03,6.930000000000000000e+02,1.096000000000000000e+03,7.120000000000000000e+02,1.040000000000000000e+02,-7.900000000000000000e+01,4.000000000000000000e+00
1.000000000000000000e+00,1.600000000000000000e+01,1.600000000000000000e+01,1.137000000000000000e+03,6.920000000000000000e+02,1.112000000000000000e+03,7.120000000000000000e+02,1.000000000000000000e+02,-8.000000000000000000e+01,4.000000000000000000e+00
1.000000000000000000e+00,1.600000000000000000e+01,1.600000000000000000e+01,1.156000000000000000e+03,6.920000000000000000e+02,1.128000000000000000e+03,7.120000000000000000e+02,1.130000000000000000e+02,-8.000000000000000000e+01,4.000000000000000000e+00
1.000000000000000000e+00,1.600000000000000000e+01,1.600000000000000000e+01,1.170000000000000000e+03,6.920000000000000000e+02,1.144000000000000000e+03,7.120000000000000000e+02,1.070000000000000000e+02,-8.000000000000000000e+01,4.000000000000000000e+00
1.000000000000000000e+00,1.600000000000000000e+01,1.600000000000000000e+01,1.189000000000000000e+03,6.930000000000000000e+02,1.160000000000000000e+03,7.120000000000000000e+02,1.160000000000000000e+02,-7.700000000000000000e+01,4.000000000000000000e+00
1.000000000000000000e+00,1.600000000000000000e+01,1.600000000000000000e+01,1.205000000000000000e+03,6.930000000000000000e+02,1.176000000000000000e+03,7.120000000000000000e+02,1.160000000000000000e+02,-7.600000000000000000e+01,4.000000000000000000e+00
1.000000000000000000e+00,1.600000000000000000e+01,1.600000000000000000e+01,1.218000000000000000e+03,6.940000000000000000e+02,1.192000000000000000e+03,7.120000000000000000e+02,1.040000000000000000e+02,-7.200000000000000000e+01,4.000000000000000000e+00
1.000000000000000000e+00,1.600000000000000000e+01,1.600000000000000000e+01,1.234000000000000000e+03,6.940000000000000000e+02,1.208000000000000000e+03,7.120000000000000000e+02,1.040000000000000000e+02,-7.200000000000000000e+01,4.000000000000000000e+00
-1.000000000000000000e+00,1.600000000000000000e+01,1.600000000000000000e+01,1.272000000000000000e+03,7.120000000000000000e+02,1.272000000000000000e+03,7.120000000000000000e+02,0.000000000000000000e+00,0.000000000000000000e+00,4.000000000000000000e+00
