1752503525.1867666
1752503525.2850397
1752503525.3521554
1752503525.4886231
1752503525.6667442
1752503525.858557
1752503526.0315738
1752503526.4162545
1752503526.5516474
1752503526.687493
1752503526.7921526
1752503526.8632388
1752503526.9295301
1752503526.9894652
1752503527.0639415
1752503527.137942
1752503527.1985145
1752503527.2860858
1752503527.3771846
1752503527.4859676
1752503527.5651827
1752503527.677758
1752503527.7752585
1752503527.8641458
1752503527.956828
1752503528.0546377
1752503528.1385202
1752503528.215547
1752503528.3043416
1752503528.3727252
1752503528.5450764
1752503528.6296346
1752503528.6824741
1752503528.7470016
1752503528.8362503
1752503528.9213734
1752503529.0120077
1752503529.088561
1752503529.172565
1752503529.2345192
1752503529.3368855
1752503529.403265
1752503529.4915195
1752503529.5623498
1752503529.638584
1752503529.7146084
1752503529.8116362
1752503529.8842263
1752503529.9580746
1752503530.020682
1752503530.1006005
1752503530.1724927
1752503530.232726
1752503530.3316512
1752503530.4088168
1752503530.5142565
1752503530.629772
1752503530.761147
1752503530.85383
1752503530.9392452
1752503531.0231204
1752503531.1165123
1752503531.20704
1752503531.291211
1752503531.4266334
1752503531.5491045
1752503531.6422656
1752503531.7405026
1752503531.892223
1752503531.9931986
1752503532.0715432
1752503532.1183405
1752503532.2258883
1752503532.3323195
1752503532.4129121
1752503532.4742606
1752503532.5263925
1752503532.5800617
1752503532.6220279
1752503532.6694782
1752503532.7142835
1752503532.7763758
1752503532.846178
1752503532.9209683
1752503532.964754
1752503533.013682
1752503533.090906
1752503533.171794
1752503533.2771626
1752503533.3724132
1752503533.4459677
1752503533.5416873
1752503533.5996156
1752503533.6705236
1752503533.7232218
1752503533.7727375
1752503533.8305438
1752503533.9023147
1752503533.9563282
1752503534.0583973
1752503534.127585
1752503534.189404
1752503534.244028
1752503534.328772
1752503534.3999484
1752503534.4862068
1752503534.554534
1752503534.6342564
1752503534.691634
1752503534.7402596
1752503534.8148465
1752503534.8855617
1752503534.976069
1752503535.0700188
1752503535.1331518
1752503535.2195733
1752503535.2941327
1752503535.3711011
1752503535.4370613
1752503535.5029433
1752503535.5678997
1752503535.6763601
1752503535.7392426
1752503535.7964098
1752503535.8597577
1752503535.8968136
1752503535.9431138
1752503536.0031385
1752503536.0426915
1752503536.1485114
1752503536.214862
1752503536.260031
1752503536.306755
1752503536.3557875
1752503536.4110188
1752503536.474485
1752503536.5349662
1752503536.600052
1752503536.6543827
1752503536.7268016
1752503536.8014424
1752503536.869581
1752503536.9677632
1752503537.0561657
1752503537.1242101
1752503537.1846635
1752503537.2362533
1752503537.271643
1752503537.3557167
1752503537.4490871
1752503537.5404463
1752503537.6391976
1752503537.7223442
1752503537.8061216
1752503537.908267
1752503538.033959
1752503538.1828938
1752503538.294587
1752503538.373478
1752503538.4420545
1752503538.5502503
1752503538.6330416
1752503538.7391822
1752503538.815831
1752503538.9164464
1752503539.0206664
1752503539.1592548
1752503539.2929652
1752503539.4511352
1752503539.568731
1752503539.6712484
1752503539.7835567
1752503539.965995
1752503540.1072278
1752503540.210359
1752503540.2951171
1752503540.4528177
1752503540.5334487
1752503540.591795
1752503540.6764016
1752503540.7709515
1752503540.855999
1752503540.9466355
1752503541.0329962
1752503541.1593466
1752503541.2696652
1752503541.3570087
1752503541.5397766
1752503541.72044
1752503541.8752801
1752503542.0165708
1752503542.2024667
1752503542.3551228
1752503542.467235
1752503542.5491257
1752503542.6452231
1752503542.7286794
1752503542.8186889
1752503542.903745
1752503542.981259
1752503543.0426836
1752503543.1073723
