1753774147.4844577
1753774147.551731
1753774147.64484
1753774147.682448
1753774147.7392948
1753774147.7755575
1753774147.8232157
1753774147.85847
1753774147.9121263
1753774147.948241
1753774147.9960241
1753774148.0270288
1753774148.074902
1753774148.1107707
1753774148.1508355
1753774148.1804106
1753774148.2249608
1753774148.2528214
1753774148.2959778
1753774148.3254495
1753774148.369931
1753774148.3954022
1753774148.4356797
1753774148.4641156
1753774148.50505
1753774148.5306447
1753774148.566803
1753774148.5897424
1753774148.6354213
1753774148.6603837
1753774148.703076
1753774148.728992
1753774148.765551
1753774148.7865248
1753774148.8210757
1753774148.8442087
1753774148.8826342
1753774148.9068217
1753774148.945177
1753774148.9710672
1753774149.0087957
1753774149.032448
1753774149.0675352
1753774149.091603
1753774149.1291745
1753774149.1560297
1753774149.201472
1753774149.2310617
1753774149.2695754
1753774149.2941508
1753774149.3357358
1753774149.3649168
1753774149.404122
1753774149.428387
1753774149.4686725
1753774149.494833
1753774149.5348442
1753774149.5581133
1753774149.5935202
1753774149.6268575
1753774149.6481771
1753774149.6863296
1753774149.7097447
1753774149.71836
1753774149.7545094
1753774149.786667
1753774149.826426
1753774149.850699
1753774149.8913794
1753774149.9231603
1753774149.9671152
1753774149.9911745
1753774150.027513
1753774150.0507407
1753774150.07611
1753774150.0997
1753774150.1388252
1753774150.1595361
1753774150.1961217
1753774150.218382
1753774150.2541203
1753774150.2791226
1753774150.3168476
1753774150.3420215
1753774150.3781552
1753774150.3993979
1753774150.437375
1753774150.4582446
1753774150.4960384
1753774150.5361004
1753774150.55573
1753774150.592081
1753774150.6177485
1753774150.6398082
1753774150.6827652
1753774150.7102916
1753774150.7396967
1753774150.7659428
1753774150.8036547
1753774150.8299208
1753774150.879384
1753774150.9064014
1753774150.9332688
1753774150.9591718
1753774150.9835932
1753774151.0070662
1753774151.0303035
1753774151.069209
1753774151.1054366
1753774151.1277106
1753774151.1676388
1753774151.191839
1753774151.2260182
1753774151.2464335
1753774151.2714367
1753774151.2917383
1753774151.337906
1753774151.3601532
1753774151.3865418
1753774151.4304
1753774151.4516013
1753774151.47638
1753774151.5144787
1753774151.5320287
1753774151.5662136
1753774151.5860116
1753774151.6227458
1753774151.6391494
1753774151.673647
1753774151.688846
1753774151.7080123
1753774151.7268386
1753774151.7456348
1753774151.7701151
1753774151.7921011
1753774151.817278
1753774151.8379776
1753774151.861447
1753774151.8822834
1753774151.9045243
1753774151.926163
1753774151.947532
1753774151.9728496
1753774151.996333
1753774152.0237088
1753774152.0472891
1753774152.0748684
1753774152.1008499
1753774152.1276364
1753774152.1605766
1753774152.186613
1753774152.2095187
1753774152.2369473
1753774152.259552
1753774152.301285
1753774152.3256369
1753774152.3507009
1753774152.376246
1753774152.4002094
1753774152.4212365
1753774152.4473436
1753774152.4743836
1753774152.4961326
1753774152.516491
1753774152.5402458
1753774152.561981
1753774152.5840757
1753774152.603876
1753774152.623221
1753774152.6434352
1753774152.6628802
1753774152.682486
1753774152.70619
1753774152.7275684
1753774152.7505932
1753774152.7580028
1753774152.7977693
1753774152.8189428
1753774152.856301
1753774152.8784013
1753774152.9025536
1753774152.92864
1753774152.97168
1753774153.0083826
1753774153.0294
1753774153.066827
1753774153.0927281
1753774153.11838
1753774153.1453688
1753774153.1737359
1753774153.2004738
1753774153.227875
1753774153.252674
1753774153.2916644
1753774153.3151712
1753774153.3517394
1753774153.3768628
1753774153.402887
1753774153.4429548
1753774153.4682684
1753774153.510608
1753774153.5329027
1753774153.5710044
1753774153.5984774
1753774153.6418698
1753774153.6679065
1753774153.712622
1753774153.735156
1753774153.7714803
1753774153.7915978
1753774153.8436716
1753774153.8661087
1753774153.9048512
1753774153.9245324
1753774153.9603107
1753774153.9972029
1753774154.0173614
1753774154.0512683
1753774154.0735211
1753774154.097323
1753774154.136362
1753774154.1587849
1753774154.1988323
1753774154.2205043
1753774154.2571507
1753774154.2854033
1753774154.3223872
1753774154.345781
1753774154.3710585
1753774154.4100542
1753774154.433528
1753774154.4607668
1753774154.4846883
1753774154.511546
1753774154.536201
1753774154.5621839
1753774154.593069
1753774154.617389
1753774154.653008
1753774154.677756
1753774154.7165787
1753774154.7422185
1753774154.7827206
1753774154.8165462
1753774154.8413563
1753774154.8773866
1753774154.9025044
1753774154.9449348
1753774154.9743872
1753774155.0063832
1753774155.0333548
1753774155.065195
1753774155.102064
1753774155.1276946
1753774155.1637356
1753774155.1922977
1753774155.2285564
1753774155.257467
1753774155.297066
1753774155.3346794
1753774155.3627477
1753774155.389126
1753774155.4293737
1753774155.4668071
1753774155.495378
1753774155.533526
1753774155.5606837
1753774155.5885255
1753774155.627862
1753774155.6545928
1753774155.6951866
1753774155.733254
1753774155.760369
1753774155.768558
1753774155.8065522
1753774155.8508878
1753774155.8795888
1753774155.915978
1753774155.9440398
1753774155.9818282
1753774156.020936
1753774156.059578
1753774156.0960956
1753774156.1350346
1753774156.1633537
1753774156.203839
1753774156.2451785
1753774156.2726376
1753774156.3101072
1753774156.3562164
1753774156.3886154
1753774156.425993
1753774156.4672496
1753774156.4944527
1753774156.54065
1753774156.5664527
1753774156.604051
1753774156.629173
1753774156.7052226
1753774156.7311342
1753774948.4656265
1753774948.5151498
1753774948.5711334
1753774948.6080585
1753774948.6654854
1753774948.7026718
1753774948.7648747
1753774948.7978146
1753774948.9039319
1753774949.0116165
1753774949.0836778
1753774949.1284752
1753774949.1837718
1753774949.2163475
1753774949.2684698
1753774949.3062446
1753774949.3521998
1753774949.3838172
1753774949.4296203
1753774949.4635813
1753774949.5039904
1753774949.5302002
1753774949.5676446
1753774949.5936344
1753774949.6337745
1753774949.6647506
1753774949.7248585
1753774949.7728045
1753774949.8565838
1753774949.8907728
1753774949.9384634
1753774949.9733815
1753774950.0159297
1753774950.0649984
1753774950.1134217
1753774950.1432972
1753774950.2250917
1753774950.2672591
1753774950.3332953
1753774950.3732405
1753774950.419222
1753774950.4520304
1753774950.493064
1753774950.529841
1753774950.6172051
1753774950.692753
1753774950.765264
1753774950.8078213
1753774950.8587403
1753774950.8867037
1753774950.9282196
1753774950.9596827
1753774951.0066907
1753774951.0396428
1753774951.0873885
1753774951.1217468
1753774951.1679957
1753774951.194606
1753774951.2408674
1753774951.283168
1753774951.316717
1753774951.393265
1753774951.4665043
1753774951.4907167
1753774951.55585
1753774951.5942128
1753774951.6373935
1753774951.663376
1753774951.6999006
1753774951.7253864
1753774951.7695153
1753774951.796996
1753774951.8372796
1753774951.863434
1753774951.8906848
1753774951.9154787
1753774951.9607935
1753774951.9864185
1753774952.0235527
1753774952.0875897
1753774952.1384335
1753774952.1642227
1753774952.2066538
1753774952.2740946
1753774952.3468657
1753774952.3700917
1753774952.4157076
1753774952.4388418
1753774952.480583
1753774952.5229602
1753774952.5446804
1753774952.6081913
1753774952.6777074
1753774952.7103906
1753774952.7956116
1753774952.8394353
1753774952.8691623
1753774952.8972716
1753774952.9266884
1753774952.9533756
1753774952.9951007
1753774953.0187418
1753774953.0431967
1753774953.0766175
1753774953.1062012
1753774953.139955
1753774953.171695
1753774953.1975484
1753774953.233853
1753774953.2558887
1753774953.30479
1753774953.3617666
1753774953.4216387
1753774953.4456818
1753774953.475314
1753774953.5101655
1753774953.557995
1753774953.5799742
1753774953.604015
1753774953.6401334
1753774953.6600802
1753774953.687921
1753774953.7280705
1753774953.7468462
1753774953.7817762
1753774953.8008492
1753774953.8388
1753774953.859651
1753774953.8957882
1753774953.9423845
1753774953.9986675
1753774954.0304384
1753774954.056759
1753774954.0782826
1753774954.1031132
1753774954.1265574
1753774954.149697
1753774954.1783786
1753774954.2017095
1753774954.2248635
1753774954.2444043
1753774954.2665036
1753774954.2913952
1753774954.3161504
1753774954.3427198
1753774954.3723314
1753774954.3988156
1753774954.4256918
1753774954.4595776
1753774954.5157545
1753774954.5920653
1753774954.6227562
1753774954.6515722
1753774954.6785922
1753774954.726942
1753774954.753186
1753774954.7859988
1753774954.8139734
1753774954.839368
1753774954.873576
1753774954.9170434
1753774954.9472063
1753774954.9765043
1753774955.000641
1753774955.0286674
1753774955.056594
1753774955.0875392
1753774955.1117852
1753774955.131534
1753774955.158414
1753774955.1918063
1753774955.2286043
1753774955.2659688
1753774955.2950873
1753774955.3333132
1753774955.3461607
1753774955.4032438
1753774955.4303622
1753774955.4802814
1753774955.505943
1753774955.534105
1753774955.565834
1753774955.612921
1753774955.6520162
1753774955.6760461
1753774955.7321985
1753774955.7739565
1753774955.8201554
1753774955.8599112
1753774955.9019918
1753774955.941762
1753774956.0178497
1753774956.0498633
1753774956.1029487
1753774956.1364732
1753774956.1873891
1753774956.222927
1753774956.2532148
1753774956.2931232
1753774956.3187087
1753774956.3596025
1753774956.3832655
1753774956.4223003
1753774956.4490418
1753774956.4990833
1753774956.529101
1753774956.6169574
1753774956.6546407
1753774956.6941113
1753774956.7169967
1753774956.7587533
1753774956.7881029
1753774956.832
1753774956.853726
1753774956.8916626
1753774956.929389
1753774956.9507105
1753774956.989849
1753774957.0152314
1753774957.0456138
1753774957.0893354
1753774957.124646
1753774957.2231379
1753774957.2713346
1753774957.313021
1753774957.3378003
1753774957.377906
1753774957.404517
1753774957.4339004
1753774957.4774332
1753774957.5030937
1753774957.5345347
1753774957.564879
1753774957.6010394
1753774957.6292832
1753774957.6574674
1753774957.684189
1753774957.716553
1753774957.7557971
1753774957.8284667
1753774957.9194467
1753774957.9563656
1753774958.0132136
1753774958.0564613
1753774958.0853333
1753774958.1258285
1753774958.1538217
1753774958.1967533
1753774958.2236319
1753774958.2523246
1753774958.2808259
1753774958.3123035
1753774958.3532693
1753774958.3811514
1753774958.4282537
1753774958.4791656
1753774958.5562222
1753774958.5901692
1753774958.6407776
1753774958.7000275
1753774958.7396085
1753774958.7727764
1753774958.8228872
1753774958.8741813
1753774958.9109204
1753774958.9550784
1753774958.988544
1753774959.0298111
1753774959.0816743
1753774959.1183832
1753774959.1757755
1753774959.2300744
1753774959.2851024
1753774959.2999113
1753774959.3522751
1753774959.3993466
1753774959.4372106
1753774959.476989
1753774959.5052707
1753774959.543421
1753774959.5818646
1753774959.6159396
1753774959.6539898
1753774959.6947527
1753774959.7268474
1753774959.781915
1753774959.8481417
1753774959.9226658
1753774959.9641116
1753774960.0072992
1753774960.0356355
1753774960.0750527
1753774960.1183622
1753774960.1495197
1753774960.196434
1753774960.2223783
1753774960.2642899
1753774960.2980075
1753774960.3406863
1753774960.3697407
1753775501.951668
1753775501.996186
1753775502.0373025
1753775502.060375
1753775502.0977118
1753775502.123964
1753775502.1658685
1753775502.1902306
1753775502.2283914
1753775502.2572815
1753775502.295758
1753775502.3230608
1753775502.3620875
1753775502.3877592
1753775502.422496
1753775502.448062
1753775502.4859924
1753775502.5130613
1753775502.5527878
1753775502.5789347
1753775502.616829
1753775502.653342
1753775502.7031765
1753775502.7309735
1753775502.7712781
1753775502.7982705
1753775502.838189
1753775502.8634691
1753775502.9045563
1753775502.9316874
1753775502.9758773
1753775503.0023844
1753775503.0395474
1753775503.0613248
1753775503.0971441
1753775503.1222265
1753775503.1603673
1753775503.1902952
1753775503.2309813
1753775503.2623734
1753775503.3071635
1753775503.3329234
1753775503.3751822
1753775503.4026985
1753775503.4411361
1753775503.46881
1753775503.5097623
1753775503.5341291
1753775503.569011
1753775503.5928514
1753775503.632356
1753775503.6576371
1753775503.6996057
1753775503.7304802
1753775503.7720325
1753775503.8009286
1753775503.8441572
1753775503.8700438
1753775503.9103096
1753775503.9477475
1753775503.9729257
1753775504.0209107
1753775504.0541985
1753775504.0634806
1753775504.0994112
1753775504.1258175
1753775504.1656454
1753775504.1929252
1753775504.2322888
1753775504.276928
1753775504.3680146
1753775504.404321
1753775504.4557333
1753775504.4869425
1753775504.521028
1753775504.551779
1753775504.5991583
1753775504.6246357
1753775504.6669452
1753775504.6933274
1753775504.7324297
1753775504.7610784
1753775504.8092787
1753775504.8356464
1753775504.8761032
1753775504.9016986
1753775504.9479756
1753775504.9752338
1753775505.0194442
1753775505.0618787
1753775505.085143
1753775505.1299522
1753775505.1643739
1753775505.1972556
1753775505.2450213
1753775505.2727313
1753775505.3010418
1753775505.329516
1753775505.3590567
1753775505.3859382
1753775505.4258406
1753775505.4490361
1753775505.473072
1753775505.49823
1753775505.5239792
1753775505.5481577
1753775505.5721734
1753775505.598689
1753775505.6359227
1753775505.6625843
1753775505.7027905
1753775505.7304657
1753775505.7739484
1753775505.7978191
1753775505.839478
1753775505.8752282
1753775505.9251103
1753775505.9482393
1753775505.9781206
1753775506.0203211
1753775506.0448236
1753775506.0736346
1753775506.1119463
1753775506.1293294
1753775506.1644106
1753775506.186879
1753775506.2273858
1753775506.2477422
1753775506.2853456
1753775506.3033605
1753775506.3260381
1753775506.348004
1753775506.3665779
1753775506.387396
1753775506.4104364
1753775506.4405034
1753775506.466738
1753775506.495321
1753775506.5211568
1753775506.5468595
1753775506.5697446
1753775506.595612
1753775506.622943
1753775506.6493075
1753775506.6779447
1753775506.7040358
1753775506.7346463
1753775506.760895
1753775506.78954
1753775506.8182118
1753775506.8503582
1753775506.8778553
1753775506.906687
1753775506.9332604
1753775506.9791481
1753775507.0051107
1753775507.0322397
1753775507.0601885
1753775507.0853977
1753775507.108171
1753775507.1331594
1753775507.1584115
1753775507.1841292
1753775507.2120676
1753775507.2392914
1753775507.2660763
1753775507.2908132
1753775507.3117929
1753775507.3314335
1753775507.353813
1753775507.3743074
1753775507.3964891
1753775507.4191253
1753775507.4442375
1753775507.470456
1753775507.4795396
1753775507.5235295
1753775507.5529318
1753775507.5920238
1753775507.6153126
1753775507.640799
1753775507.6684232
1753775507.711124
1753775507.7493258
1753775507.771237
1753775507.8103268
1753775507.836563
1753775507.86583
1753775507.9011097
1753775507.9299345
1753775507.9621377
1753775507.9971664
1753775508.0268254
1753775508.066887
1753775508.0919507
1753775508.1307993
1753775508.1581662
1753775508.1873004
1753775508.2273765
1753775508.2527962
1753775508.2903886
1753775508.314177
1753775508.3521237
1753775508.3762617
1753775508.4144619
1753775508.4367814
1753775508.4771144
1753775508.5002098
1753775508.538681
1753775508.564298
1753775508.6043298
1753775508.6299686
1753775508.6689494
1753775508.6899416
1753775508.727307
1753775508.7642362
1753775508.7857275
1753775508.8221507
1753775508.8466706
1753775508.8741877
1753775508.9255786
1753775508.9537723
1753775508.995691
1753775509.0198214
1753775506.0841377
1753775506.1074948
1753775506.1461177
1753775506.1700716
1753775506.1967402
1753775506.2350316
1753775506.260726
1753775506.2924898
1753775506.3179457
1753775506.346464
1753775506.372219
1753775506.3993595
1753775506.424716
1753775506.4510157
1753775506.4878936
1753775506.515121
1753775506.555677
1753775506.5832064
1753775506.6268976
1753775506.6636336
1753775506.6898906
1753775506.7291348
1753775506.7558613
1753775506.7947958
1753775506.822005
1753775506.8515375
1753775506.878387
1753775506.9063663
1753775506.9438465
1753775506.970973
1753775507.0139139
1753775507.0428743
1753775507.0803628
1753775507.1098812
1753775507.1505826
1753775507.1925962
1753775507.2267072
1753775507.2555957
1753775507.300089
1753775507.3424065
1753775507.372745
1753775507.4131567
1753775507.442865
1753775507.471756
1753775507.5122654
1753775507.5414221
1753775507.5814617
1753775507.622902
1753775507.6508849
1753775507.661455
1753775507.7052155
1753775507.7556183
1753775507.7854383
1753775507.824571
1753775507.8547242
1753775507.8948295
1753775507.9382036
1753775507.9713209
1753775508.0115137
1753775508.0521567
1753775508.0809267
1753775508.121873
1753775508.16488
1753775508.1927943
1753775508.2310145
1753775508.2703893
1753775508.297824
1753775508.3356757
1753775508.3740363
1753775508.4012618
1753775508.4443097
1753775508.4692974
1753775508.505987
1753775508.5353482
1753775508.5775228
1753775508.6046638
1753776216.171008
1753776216.2148688
1753776216.2587342
1753776216.2836587
1753776216.3259103
1753776216.3525138
1753776216.3941565
1753776216.420956
1753776216.4590578
1753776216.489263
1753776216.5347493
1753776216.5652869
1753776216.6055782
1753776216.6309211
1753776216.6672935
1753776216.6926498
1753776216.730453
1753776216.7573652
1753776216.8003433
1753776216.8293378
1753776216.8771534
1753776216.9068635
1753776216.9481442
1753776216.972617
1753776217.0105643
1753776217.0359786
1753776217.0765405
1753776217.1011097
1753776217.1454666
1753776217.175421
1753776217.232607
1753776217.2619205
1753776217.3004467
1753776217.322171
1753776217.3587418
1753776217.3824422
1753776217.4194767
1753776217.4447682
1753776217.4832656
1753776217.5078807
1753776217.5447445
1753776217.5688548
1753776217.6055505
1753776217.6297495
1753776217.6646144
1753776217.688816
1753776217.7237365
1753776217.747699
1753776217.783558
1753776217.8095171
1753776217.849029
1753776217.8737042
1753776217.911746
1753776217.9391754
1753776215.0123112
1753776215.0385668
1753776215.0817273
1753776215.1097915
1753776215.1484368
1753776215.1829998
1753776215.2056942
1753776215.2438056
1753776215.26789
1753776215.2770855
1753776215.3123558
1753776215.338074
1753776215.3732681
1753776215.3970397
1753776215.433657
1753776215.4595916
1753776215.4976814
1753776215.523118
1753776215.5620875
1753776215.5959334
1753776215.6292508
1753776215.6553457
1753776215.6944532
1753776215.715247
1753776215.7508209
1753776215.7733006
1753776215.8095624
1753776215.833411
1753776215.8701837
1753776215.8917663
1753776215.9277592
1753776215.9489875
1753776215.9874136
1753776216.0097904
1753776216.0480177
1753776216.09592
1753776216.1190479
1753776216.15686
1753776216.184757
1753776216.2082896
1753776216.2477624
1753776216.2735658
1753776216.3015847
1753776216.3305743
1753776216.364735
1753776216.3923242
1753776216.4328735
1753776216.4566104
1753776216.4805326
1753776216.5056899
1753776216.5307853
1753776216.5554938
1753776216.5806918
1753776216.6083157
1753776216.6469975
1753776216.669056
1753776216.7061467
1753776216.728336
1753776216.7624898
1753776216.783012
1753776216.8072257
1753776216.8290324
1753776216.867347
1753776216.8868124
1753776216.9087684
1753776216.9529526
1753776216.9751759
1753776217.0007002
1753776217.0415854
1753776217.0600169
1753776217.0922391
1753776217.1110198
1753776217.1457725
1753776217.1633096
1753776217.1981528
1753776217.213672
1753776217.2350569
1753776217.2575347
1753776217.2771523
1753776217.3046012
1753776217.32989
1753776217.3567164
1753776217.3789961
1753776217.4039268
1753776217.425274
1753776217.446814
1753776217.466345
1753776217.4906256
1753776217.5158339
1753776217.5425792
1753776217.568971
1753776217.59622
1753776217.634442
1753776217.6660094
1753776217.6938953
1753776217.7196333
1753776217.7464619
1753776217.770891
1753776217.7997053
1753776217.8230867
1753776217.8683903
1753776217.8947148
1753776217.9218564
1753776217.9493606
1753776217.9762313
1753776218.0061755
1753776218.0321684
1753776218.055973
1753776218.0800455
1753776218.103992
1753776218.1328356
1753776218.1597161
1753776218.1867535
1753776218.2081916
1753776218.2277684
1753776218.2518969
1753776218.2726126
1753776218.2945127
1753776218.3157825
1753776218.3419676
1753776218.3778634
1753776218.387751
1753776218.4321184
1753776218.455284
1753776218.4927306
1753776218.5186527
1753776218.5457263
1753776218.5728545
1753776218.6148324
1753776218.6520596
1753776218.673111
1753776218.7106586
1753776218.735707
1753776218.7625456
1753776218.7918398
1753776218.818686
1753776218.8454504
1753776218.87415
1753776218.9030817
1753776218.9431353
1753776218.9687078
1753776219.0074291
1753776219.035407
1753776219.0645783
1753776219.1027536
1753776219.1271443
1753776219.1665552
1753776219.1915603
1753776219.2328637
1753776219.2579865
1753776219.2947998
1753776219.3164546
1753776219.3531113
1753776219.3748014
1753776219.4105318
1753776219.4334664
1753776219.470557
1753776219.4939547
1753776219.532021
1753776219.5547607
1753776219.5965629
1753776219.6326976
1753776219.6536155
1753776219.6941874
1753776219.7201169
1753776219.7450626
1753776219.7852027
1753776219.8102221
1753776219.8639424
1753776219.9035327
1753776219.9536464
1753776219.978389
1753776220.0159166
1753776220.042763
1753776220.0761945
1753776220.1221578
1753776220.1493976
1753776220.1772132
1753776220.2028027
1753776220.2283125
1753776220.2539005
1753776220.279347
1753776220.307096
1753776220.3327508
1753776220.3684044
1753776220.3951297
1753776220.434629
1753776220.4611108
1753776220.5037658
1753776220.5379834
1753776220.5633914
1753776220.6083682
1753776220.6376743
1753776220.679714
1753776220.706997
1753776220.7355628
1753776220.7626638
1753776220.7892103
1753776220.82786
1753776220.8548875
1753776220.892729
1753776220.9218757
1753776220.961621
1753776220.9905336
1753776221.0328677
1753776221.070251
1753776221.0971797
1753776221.1262565
1753776221.1673634
1753776221.2032926
1753776221.2310405
1753776221.2681427
1753776221.295325
1753776221.3227499
1753776221.3641512
1753776221.3939211
1753776221.441866
1753776221.4801242
1753776221.5076048
1753776221.5173376
1753776221.552442
1753776221.5967326
1753776221.625345
1753776221.6616926
1753776221.6890473
1753776221.7259
1753776221.7646668
1753776221.7941163
1753776221.8356655
1753776221.879318
1753776221.9111986
1753776221.9567466
1753776222.00254
1753776222.0329335
1753776222.072857
1753776222.1227977
1753776222.1599882
1753776222.2018535
1753776222.2405555
1753776222.2683973
1753776222.3089168
1753776222.3355522
1753776222.375277
1753776222.4040332
1753776222.4440665
1753776222.4811282
1753776911.845613
1753776911.8864853
1753776911.9447608
1753776911.9731994
1753776912.017809
1753776912.0463655
1753776912.1030478
1753776912.1297624
1753776912.1713285
1753776912.2025394
1753776912.242868
1753776912.2770545
1753776912.3301034
1753776912.3581724
1753776912.3964465
1753776912.4260235
1753776912.4847796
1753776912.5212169
1753776912.559027
1753776912.5929558
1753776912.6384778
1753776912.6758044
1753776912.7604272
1753776912.8148267
1753776912.8810415
1753776912.908411
1753776912.9508634
1753776912.979002
1753776913.0223565
1753776913.0557895
1753776913.118589
1753776913.1500392
1753776913.1899796
1753776913.2127402
1753776913.2669196
1753776913.2961247
1753776913.3421342
1753776913.3744228
1753776913.423612
1753776913.4485154
1753776913.4959939
1753776913.5231798
1753776913.5629299
1753776913.5959783
1753776913.644917
1753776913.6929688
1753776913.7382739
1753776913.7697465
1753776913.8160386
1753776913.8471904
1753776913.8956475
1753776913.9622238
1753776914.0641227
1753776914.1007783
1753776914.156445
1753776914.1920762
1753776914.2388172
1753776914.269814
1753776914.3142984
1753776914.359575
1753776914.3887582
1753776914.4345224
1753776914.4690177
1753776914.4802356
1753776914.5243046
1753776914.562407
1753776914.6006038
1753776914.628067
1753776914.66611
1753776914.6936917
1753776914.7407596
1753776914.767642
1753776914.8060107
1753776914.8423536
1753776914.8771918
1753776914.9050047
1753776914.9551938
1753776914.9782472
1753776915.0166526
1753776915.0441058
1753776915.1006546
1753776915.1910295
1753776915.260874
1753776915.2908757
1753776915.3333912
1753776915.3580801
1753776915.3999119
1753776915.424351
1753776915.476348
1753776915.5194337
1753776915.543953
1753776915.5895379
1753776915.6354768
1753776915.6671755
1753776915.7117705
1753776915.7411828
1753776915.7719805
1753776915.8019817
1753776915.8517523
1753776915.8891916
1753776915.9349535
1753776915.961574
1753776915.9881015
1753776916.0180182
1753776916.0579116
1753776916.0880814
1753776916.1173372
1753776916.155754
1753776916.1990576
1753776916.2610955
1753776916.3582954
1753776916.3911884
1753776916.4412804
1753776916.4646068
1753776916.4913094
1753776916.516776
1753776916.5571103
1753776916.5797884
1753776916.6163428
1753776916.659
1753776916.6830146
1753776916.7134883
1753776916.759384
1753776916.782921
1753776916.8348444
1753776916.8567386
1753776916.89463
1753776916.9139993
1753776916.9547584
1753776916.9733064
1753776917.0034425
1753776917.0265882
1753776917.0483098
1753776917.0721076
1753776917.0991724
1753776917.126908
1753776917.152469
1753776917.1954358
1753776917.2229886
1753776917.2497277
1753776917.2737231
1753776917.298721
1753776917.324949
1753776917.350977
1753776917.3815844
1753776917.4373837
1753776917.5309498
1753776917.5760698
1753776917.607928
1753776917.6375
1753776917.6640744
1753776917.691882
1753776917.7232637
1753776917.7494164
1753776917.8072298
1753776917.8339503
1753776917.8619866
1753776917.8942277
1753776917.92314
1753776917.9595728
1753776917.9862883
1753776918.0110965
1753776918.0341535
1753776918.0580182
1753776918.0853496
1753776918.1219535
1753776918.1584823
1753776918.1871948
1753776918.213446
1753776918.2429202
1753776918.2658484
1753776918.2913961
1753776918.322155
1753776918.3483198
1753776918.3784032
1753776918.393219
1753776918.4342184
1753776918.45723
1753776918.4964635
1753776918.5225399
1753776918.581519
1753776918.6736133
1753776918.7438612
1753776918.7853158
1753776918.8098986
1753776918.8535438
1753776918.8808258
1753776918.910605
1753776918.9428837
1753776918.9848502
1753776919.0152779
1753776919.0466647
1753776919.0756023
1753776919.1928895
1753776919.2377203
1753776919.284808
1753776919.3144927
1753776919.3588762
1753776919.4095466
1753776919.4373791
1753776919.488275
1753776919.517808
1753776919.566824
1753776919.5973847
1753776919.6422496
1753776919.6690936
1753776919.7789896
1753776919.8456886
1753776919.9097323
1753776919.9838648
1753776920.0357478
1753776920.0671742
1753776920.1273115
1753776920.1590242
1753776920.2097945
1753776920.2617247
1753776920.2899427
1753776920.3387427
1753776920.3633978
1753776920.395987
1753776920.4559784
1753776920.4885755
1753776920.5356042
1753776920.5841007
1753776920.6352546
1753776920.6622324
1753776920.721634
1753776920.7528183
1753776920.784759
1753776920.8315897
1753776920.8625576
1753776920.8946652
1753776920.9838974
1753776921.076968
1753776921.115056
1753776921.1506188
1753776921.1845734
1753776921.21541
1753776921.2589514
1753776921.2933366
1753776921.3526185
1753776921.3881724
1753776921.4390993
1753776921.4952543
1753776921.526694
1753776921.5644553
1753776921.5924006
1753776921.6429892
1753776921.6893902
1753776921.7370708
1753776921.7724175
1753776921.80821
1753776921.8521733
1753776921.8936355
1753776921.949086
1753776921.9919806
1753776922.05169
1753776922.1003966
1753776922.1591117
1753776922.2060475
1753776922.2896934
1753776922.3642237
1753776922.4231853
1753776922.4836235
1753776922.5244825
1753776922.5784745
1753776922.6134624
1753776922.655062
1753776922.7130527
1753776922.7501497
1753776922.808665
1753776922.8706734
1753776922.916331
1753776922.9257994
1753776922.9800394
1753776923.0326695
1753776923.0665193
1753776923.1079943
1753776923.1450572
1753776923.1892655
1753776923.2341363
1753776923.2715383
1753776923.3136241
1753776923.358383
1753776923.3913195
1753776923.4362237
1753776923.487447
1753776923.5194194
1753776923.5629644
1753776923.6085684
1753776923.6409159
1753776923.684229
1753776923.7276464
1753776923.758944
1753776923.808285
1753776923.8392413
1753776923.883717
1753776923.9145682
1753776923.9647102
1753776923.99957
1753777708.6278234
1753777708.6616113
1753777708.7019503
1753777708.7238827
1753777708.7616062
1753777708.7874672
1753777708.8266957
1753777708.8519845
1753777708.8946955
1753777708.9210606
1753777708.9575334
1753777708.9841912
1753777709.0290024
1753777709.0640225
1753777709.1037505
1753777709.1294034
1753777709.1667047
1753777709.1927903
1753777709.2322934
1753777709.2576401
1753777709.2940447
1753777709.3180995
1753777709.3531618
1753777709.3793063
1753777709.420625
1753777709.4498656
1753777709.4931655
1753777709.521606
1753777709.5650601
1753777709.5954032
1753777709.641948
1753777709.6679258
1753777709.7051902
1753777709.726776
1753777709.7633305
1753777709.787792
1753777709.8252501
1753777709.8486526
1753777709.887531
1753777709.911045
1753777709.948144
1753777709.9729054
1753777710.0074055
1753777710.0305111
1753777710.0649006
1753777710.0889459
1753777710.124087
1753777710.1483152
1753777710.1822586
1753777710.207004
1753777710.2430346
1753777710.266414
1753777710.303501
1753777710.3282466
1753777710.3683999
1753777710.3956113
1753777710.434852
1753777710.4603057
1753777710.4979248
1753777710.5319502
1753777710.5542166
1753777710.596287
1753777710.6278512
1753777710.6365948
1753777710.676542
1753777710.701298
1753777710.7370393
1753777710.760759
1753777710.796163
1753777710.8205335
1753777710.8568068
1753777710.8800418
1753777710.9163363
1753777710.9398005
1753777710.965937
1753777710.9896064
1753777711.0276349
1753777711.0483344
1753777711.083397
1753777711.1069646
1753777711.146992
1753777711.1708536
1753777711.2086785
1753777711.2322161
1753777711.267977
1753777711.2886474
1753777711.3249726
1753777711.345328
1753777711.382569
1753777711.4202738
1753777711.440682
1753777711.4787035
1753777711.5059013
1753777711.5299644
1753777711.568535
1753777711.5950596
1753777711.6231644
1753777711.6483235
1753777711.6755989
1753777711.7021708
1753777711.7414987
1753777711.764313
1753777711.7874615
1753777711.813203
1753777711.8388505
1753777711.8622553
1753777711.8855557
1753777711.9121788
1753777711.9481506
1753777711.9696836
1753777712.0056486
1753777712.0286832
1753777712.0636141
1753777712.0847282
1753777712.1091638
1753777712.1311295
1753777712.1683664
1753777712.1873226
1753777712.2099214
1753777712.2444174
1753777712.2642596
1753777712.2880569
1753777712.3259125
1753777712.3426616
1753777712.3777997
1753777712.3973281
1753777712.4311469
1753777712.4467063
1753777712.4809997
1753777712.4969938
1753777712.5177083
1753777712.5365908
1753777712.553675
1753777712.5745378
1753777712.5981748
1753777712.6223056
1753777712.6428964
1753777712.665084
1753777712.6880202
1753777712.7109096
1753777712.729304
1753777712.7506657
1753777712.7750106
1753777712.7979894
1753777712.8240929
1753777712.849277
1753777712.8820808
1753777712.9092443
1753777712.937811
1753777712.9627814
1753777712.9900587
1753777713.0148702
1753777713.0417068
1753777713.064687
1753777713.106836
1753777713.130346
1753777713.1550937
1753777713.1812463
1753777713.206059
1753777713.2285447
1753777713.253312
1753777713.2769897
1753777713.29913
1753777713.3204713
1753777713.344845
1753777713.3681679
1753777713.3915923
1753777713.4133933
1753777713.433448
1753777713.4541266
1753777713.4739976
1753777713.495525
1753777713.519771
1753777713.5430741
1753777713.566853
1753777713.5754418
1753777713.6150155
1753777713.6374266
1753777713.68108
1753777713.7045252
1753777713.73365
1753777713.7605686
1753777713.8031466
1753777713.8439097
1753777713.8690057
1753777713.9134471
1753777713.94127
1753777713.9704397
1753777714.0103445
1753777714.046811
1753777714.0792918
1753777714.1095066
1753777714.1384962
1753777714.179828
1753777714.2040236
1753777714.2413445
1753777714.2663925
1753777714.2932212
1753777714.3337286
1753777714.3645751
1753777714.4073715
1753777714.4370425
1753777714.478079
1753777714.5094695
1753777714.5544908
1753777714.579267
1753777714.6189988
1753777714.640945
1753777714.6805885
1753777714.7035685
1753777714.7417305
1753777714.7689528
1753777714.8122392
1753777714.8343022
1753777714.8754396
1753777714.9129288
1753777714.93323
1753777714.9689007
1753777714.9949546
1753777715.0211167
1753777715.0652533
1753777715.0918462
1753777715.1345994
1753777715.1622024
1753777715.2060106
1753777715.2306654
1753777715.2724633
1753777715.2978199
1753777715.3235185
1753777715.364028
1753777715.3954237
1753777715.4273257
1753777715.4539323
1753777715.4839592
1753777715.5110233
1753777715.5399134
1753777715.566978
1753777715.5938897
1753777715.6327097
1753777715.6602428
1753777715.700663
1753777715.7384386
1753777715.7992127
1753777715.8438735
1753777715.8759265
1753777715.9215603
1753777715.9508526
1753777715.995507
1753777716.0257041
1753777716.0578954
1753777716.0891163
1753777716.1250727
1753777716.1823504
1753777716.212354
1753777716.2524745
1753777716.284527
1753777716.324319
1753777716.3546705
1753777716.399495
1753777716.4424875
1753777716.4752712
1753777716.5051663
1753777716.5494146
1753777716.5880947
1753777716.6166832
1753777716.6546226
1753777716.6832738
1753777716.712734
1753777716.7529838
1753777716.7833157
1753777716.8250394
1753777716.8649054
1753777716.8918
1753777716.9023228
1753777716.9375458
1753777716.9801803
1753777717.0079036
1753777717.043429
1753777717.0710263
1753777717.108069
1753777717.1587296
1753777717.1960902
1753777717.2320209
1753777717.2726424
1753777717.3012593
1753777717.3422852
1753777717.388539
1753777717.4200013
1753777717.4618175
1753777717.512461
1753777717.5392308
1753777717.576314
1753777717.6151161
1753777717.6440506
1753777717.6867576
1753777717.7113855
1753777717.7470784
1753777717.7733903
1753777717.812387
1753777717.837703
