1752551906.2433534
1752551906.2865138
1752551906.3610923
1752551906.4233012
1752551906.4789727
1752551906.5305865
1752551906.583104
1752551906.6461275
1752551906.7153118
1752551906.798752
1752551906.8487918
1752551906.9103835
1752551906.9756956
1752551907.0358522
1752551907.0983877
1752551907.1570094
1752551907.2208357
1752551907.284722
1752551907.3367834
1752551907.3663335
1752551907.424086
1752551907.482025
1752551907.5403903
1752551907.618408
1752551907.6822984
1752551907.7487211
1752551907.8114736
1752551907.877529
1752551907.946469
1752551908.0108874
1752551908.0749025
1752551908.131796
1752551908.1891174
1752551908.2423236
1752551908.3029892
1752551908.3533964
1752551908.41595
1752551908.4752524
1752551908.5382566
1752551908.592132
1752551908.6545906
1752551908.7135642
1752551908.770935
1752551908.826907
1752551908.8925338
1752551908.9462748
1752551909.0157733
1752551909.0692577
1752551909.1288593
1752551909.1772518
1752551909.2331495
1752551909.2804341
1752551909.3425083
1752551909.4013004
1752551909.4644156
1752551909.515185
1752551909.5726657
1752551909.6256244
1752551909.6879377
1752551909.7443395
1752551909.8094397
1752551909.864562
1752551909.9222472
1752551909.9661698
1752551910.0266588
1752551910.0683033
1752551910.1117096
1752551910.1569686
1752551910.2154667
1752551910.2641037
1752551910.3306174
1752551910.3798132
1752551910.4403121
1752551910.4882853
1752551910.5514455
1752551910.5932598
1752551910.6519134
1752551910.6994438
1752551910.7378628
1752551910.8038797
1752551910.841542
1752551910.8986661
1752551910.9416833
1752551910.9752789
1752551911.0272543
1752551911.0673907
1752551911.1115012
1752551911.1565468
1752551911.212038
1752551911.2553916
1752551911.3074367
1752551911.3440263
1752551911.397411
1752551911.440989
1752551911.4936013
1752551911.547911
1752551911.6043882
1752551911.647899
1752551911.6997888
1752551911.7551413
1752551911.8012383
1752551911.8563077
1752551911.906712
1752551911.960559
1752551912.010675
1752551912.0658398
1752551912.1110244
1752551912.16761
1752551912.2217593
1752551912.2795599
1752551912.3318222
1752551912.4129303
1752551912.4676907
1752551912.5089784
1752551912.5757473
1752551912.6287174
1752551912.7038743
1752551912.7513402
1752551912.8076782
1752551912.8654299
1752551912.9266653
1752551912.9844298
1752551913.0445678
1752551913.082971
1752551913.1522586
1752551913.2022665
1752551913.262673
1752551913.3093631
1752551913.373854
1752551913.4243958
1752551913.50427
1752551913.5484097
1752551913.601367
1752551913.6536622
1752551913.7242014
1752551913.7723112
1752551913.832825
1752551913.884237
1752551913.931556
1752551913.9921958
1752551914.065684
1752551914.111464
1752551914.1691628
1752551914.2196996
1752551914.2749405
1752551914.3261485
1752551914.3931901
1752551914.445813
1752551914.522781
1752551914.5787387
1752551914.6460614
1752551914.6975365
1752551914.769025
1752551914.8106892
1752551914.8720925
1752551914.926726
1752551914.985037
1752551915.0465863
1752551914.9533808
1752551915.0011122
1752551915.0634406
1752551915.1231635
1752551915.1732833
1752551915.2405143
1752551915.2982512
1752551915.3843446
1752551915.434738
1752551915.4904993
1752551915.5479357
1752551915.600445
1752551915.649912
1752551915.7077017
1752551915.7552836
1752551915.8153703
1752551915.855237
1752551915.9055638
1752551915.9703622
1752551916.0132682
1752551916.0670938
1752551916.1158597
1752551916.180924
1752551916.220283
1752551916.275031
1752551916.3125315
1752551916.381619
1752551916.424969
1752551916.4737675
1752551916.5270236
1752551916.573092
1752551916.6196156
1752551916.6609674
1752551916.7070122
1752551916.7524164
1752551916.7952251
1752551916.848936
1752551916.8932667
1752551916.9519138
1752551917.0018392
1752551917.0467572
1752551917.098133
1752551917.17052
1752551917.2139907
1752551917.260764
1752551917.313633
1752551917.3666432
1752551917.426018
1752551917.472146
1752551917.5384278
1752551917.6039774
1752551917.669179
1752551917.7194173
1752551917.788336
1752551917.8431945
1752551917.8908238
1752551917.943333
1752551918.0112722
1752551918.0694168
1752551918.1388776
1752551918.201572
1752551918.2644641
1752551918.3160865
1752551918.3602955
1752551918.4194028
1752551918.475407
1752551918.5322428
1752551918.5931988
1752551918.6424603
1752551918.69491
1752551918.754706
1752551918.8044538
1752551918.8604946
1752551918.9056032
1752551918.96918
1752551919.0194917
1752551919.0695064
1752551919.126361
1752551919.1863084
1752551919.2263184
1752551919.2927592
1752551919.337219
1752551919.3881705
1752551919.4144292
1752551919.4746273
1752551919.5185142
1752551919.5714436
1752551919.6210704
1752551919.685837
1752551919.7333004
1752551919.7843637
1752551919.8429646
1752551919.8862355
1752551919.9379497
1752551919.9946349
1752551920.0417078
1752551920.0991118
1752551920.150092
1752551920.212128
1752551920.262545
1752551920.3180084
1752551920.371179
1752551920.4344141
1752551920.484346
1752551920.5648234
1752551920.6146872
1752551920.6668894
1752551920.7263253
1752551920.7692294
1752551920.8175159
1752551920.8746254
1752551920.919891
1752551920.9786375
1752551921.0252306
1752551921.0767577
1752551921.1185627
1752551921.1690438
1752551921.216301
1752551921.2705202
1752551921.3159833
1752551921.370732
1752551921.4186213
1752551921.467523
1752551921.5219653
1752551921.5712838
1752551921.6117716
1752551921.6667645
1752551921.7179139
1752551921.7684112
1752551921.8118393
1752551921.8601086
1752551921.902352
1752551921.9507565
1752551921.9946814
1752551922.0436566
1752551922.0947328
1752551922.1437597
1752551922.1949377
1752551922.255557
1752551922.2987099
1752551922.3525186
1752551922.3960855
1752843369.2116156
1752843369.2268214
1752843369.2641206
1752843369.3030806
1752843369.336341
1752843369.3630407
1752843369.3972366
1752843369.4320307
1752843369.460996
1752843369.49717
1752843369.5306673
1752843369.5648746
1752843369.594842
1752843369.6317284
1752843369.6671493
1752843369.7023838
1752843369.7295096
1752843369.7574444
1752843369.7831373
1752843369.7914844
1752843369.8170912
1752843369.8522983
1752843369.8786225
1752843369.915805
1752843369.9440129
1752843369.9722998
1752843370.0096972
1752843370.03528
1752843370.071171
1752843370.0976312
1752843370.1342876
1752843370.158078
1752843370.186945
1752843370.2133107
1752843370.2468283
1752843370.2690353
1752843370.3074415
1752843370.3333647
1752843370.3708143
1752843370.396481
1752843370.4348311
1752843370.459254
1752843370.494099
1752843370.519082
1752843370.5553372
1752843370.5793414
1752843370.6165366
1752843370.6407692
1752843370.6764462
1752843370.6992717
1752843370.7323205
1752843370.7568097
1752843370.7928586
1752843370.8180592
1752843370.8536384
1752843370.879261
1752843370.9164107
1752843370.9407487
1752843370.9755194
1752843371.0005097
1752843371.0366478
1752843371.0621629
1752843371.1005332
1752843371.120901
1752843371.1565192
1752843371.1819828
1752843371.2091982
1752843371.237718
1752843371.2757988
1752843371.3005888
1752843371.3361602
1752843371.359779
1752843371.397317
1752843371.4190063
1752843371.4537046
1752843371.47374
1752843371.5081522
1752843371.5319612
1752843371.5582407
1752843371.5954072
1752843371.6200178
1752843371.646083
1752843371.6819944
1752843371.702156
1752843371.7351527
1752843371.7558558
1752843371.7799845
1752843371.8037453
1752843371.8383884
1752843371.8592882
1752843371.8926396
1752843371.9154103
1752843371.9412858
1752843371.9619813
1752843371.9975517
1752843372.019704
1752843372.0532007
1752843372.074597
1752843372.1043901
1752843372.1383176
1752843372.1593874
1752843372.1929858
1752843372.2157323
1752843372.2494085
1752843372.2712338
1752843372.3069053
1752843372.3344014
1752843372.373296
1752843372.3972614
1752843372.4365404
1752843372.4591365
1752843372.4920921
1752843372.5233526
1752843372.5448017
1752843372.5796027
1752843372.601838
1752843372.6358707
1752843372.660073
1752843372.6958768
1752843372.7198896
1752843372.7545865
1752843372.777404
1752843372.8117585
1752843372.8321126
1752843372.868365
1752843372.8956232
1752843372.9341972
1752843372.9618
1752843372.9995546
1752843373.0278108
1752843373.073232
1752843373.1018324
1752843373.1400335
1752843373.1675236
1752843373.2079308
1752843373.2408357
1752843373.2777932
1752843373.3039143
1752843373.341359
1752843373.3764777
1752843373.4126234
1752843373.4394157
1752843373.4756746
1752843373.504344
1752843373.541837
1752843373.5783567
1752843373.6160195
1752843373.6443014
1752843373.6831267
1752843373.7208045
1752843373.7570667
1752843373.7844112
1752843373.8194842
1752843373.840396
1752843373.8745909
1752843373.899206
1752843373.9379349
1752843373.9643111
1752843374.0008042
1752843374.027105
1752843374.062632
1752843374.1015143
1752843374.1252303
1752843374.163102
1752843374.1874557
1752843374.2250586
1752843374.2490537
1752843374.2825193
1752843374.3065245
1752843374.3332276
1752843374.3576818
1752843374.3928537
1752843374.4146307
1752843374.4469864
1752843374.4667308
1752843374.4920633
1752843374.5250242
1752843374.5451818
1752843374.5789337
1752843374.60004
1752843374.6330073
1752843374.6520255
1752843374.6813173
1752843374.6967595
1752843374.731206
1752843374.7509913
1752843374.7760077
1752843374.799018
1752843374.8207612
1752843374.8418095
1752843374.8621845
1752843374.8845675
1752843374.9068747
1752843374.9278297
1752843374.950089
1752843374.972394
1752843374.9959345
1752843375.0202394
1752843375.0436163
1752843375.0666428
1752843375.1014032
1752843375.1193068
1752843375.1429045
1752843375.1681309
1752843375.1935575
1752843375.2295706
1752843375.2499917
1752843375.2736874
1752843375.2979395
1752843375.3237453
1752843375.3477879
1752843375.3732474
1752843375.4009302
1752843375.4149053
1752843375.4401386
1752843375.4776585
1752843375.4980304
1752843375.5313318
1752843375.5536165
1752843375.579876
1752843375.616987
1752843375.6381273
1752843375.6714196
1752843375.7079139
1752843375.7313416
1752843375.767713
1752843375.791869
1752843375.81611
1752843375.8521876
1752843375.8753953
1752843375.9104745
1752843375.9336562
1752843375.9668958
1752843375.9910984
1752843376.0165088
1752843376.042686
1752843376.0801837
1752843376.10447
1752843376.1414187
1752843376.1670823
1752843376.1938102
1752843376.2009935
1752843376.2382414
1752843376.259897
1752843376.2950652
1752843376.3197148
1752843376.358991
1752843376.3833065
1752843376.415714
1752843376.451285
1752843376.476595
1752843376.5103707
1752843376.5489688
1752843376.5750859
1752843376.6117165
1752843376.6358185
1752843376.6689308
1752843376.6931489
1752843376.7310848
1752843376.7561529
1752843376.7929897
1752843376.8167734
1752843376.8556576
1752843376.8823378
1752843376.9188616
1752843376.956012
1752843376.9812953
1752843377.0146928
1752843377.052415
1752843377.078345
1752843377.114865
1752843377.1389043
1752843377.1732569
1752843377.1939971
1752843377.2283008
1752843377.2533991
1752843377.291562
1752843377.3165123
1752843377.3487062
1752843377.3836741
1752843377.4085135
1752843377.4430034
1752843377.4767096
1752843377.5019348
1752843377.5391486
1752843377.57107
1752843377.6070592
1752843377.630953
1752843377.6679707
1752843377.692141
1752843377.7305238
1752843377.7546408
1752843377.7918823
1752843377.8238032
1752843377.8589127
1752843377.8823137
1752843377.9174423
1752843377.9404082
1752843377.9754832
1752843378.001973
1752889056.4497468
1752889056.4645267
1752889056.5002594
1752889056.5357313
1752889056.5675635
1752889056.593988
1752889056.6253095
1752889056.658544
1752889056.6859639
1752889056.7185736
1752889056.7514527
1752889056.7846699
1752889056.8130777
1752889056.8475225
1752889056.88165
1752889056.914827
1752889056.9409862
1752889056.9680843
1752889056.9924495
1752889056.9997869
1752889057.0241394
1752889057.0561187
1752889057.0818913
1752889057.116292
1752889057.143641
1752889057.1701834
1752889057.2060485
1752889057.2306898
1752889057.2660007
1752889057.2903647
1752889057.3256364
1752889057.348634
1752889057.3751526
1752889057.4020822
1752889057.4340572
1752889057.4555757
1752889057.4913666
1752889057.5166762
1752889057.5520513
1752889057.5775988
1752889057.6144369
1752889057.638478
1752889057.6714976
1752889057.6950612
1752889057.7298527
1752889057.7532918
1752889057.7902467
1752889057.8131127
1752889057.8473496
1752889057.8700335
1752889057.9019012
1752889057.9245834
1752889057.9570985
1752889057.9802
1752889058.0135098
1752889058.038278
1752889058.0742123
1752889058.1028352
1752889058.1352706
1752889058.1578805
1752889058.1924505
1752889058.2139757
1752889058.2453954
1752889058.26329
1752889058.2959247
1752889058.322977
1752889058.3465867
1752889058.369621
1752889058.4025874
1752889058.4239287
1752889058.455506
1752889058.4777029
1752889058.5133185
1752889058.5335557
1752889058.566078
1752889058.5858517
1752889058.6184914
1752889058.6407835
1752889058.6647322
1752889058.6987965
1752889058.7202802
1752889058.744784
1752889058.779633
1752889058.802166
1752889058.8349628
1752889058.856092
1752889058.886433
1752889058.9099844
1752889058.9473052
1752889058.9707334
1752889059.0059779
1752889059.0304027
1752889059.0574002
1752889059.0797663
1752889059.1170301
1752889059.1404161
1752889059.1753705
1752889059.198719
1752889059.2303083
1752889059.26521
1752889059.2902412
1752889059.3260362
1752889059.3501925
1752889059.3864858
1752889059.4094434
1752889059.4480104
1752889059.4732647
1752889059.5116441
1752889059.5355973
1752889059.574667
1752889059.5980325
1752889059.630335
1752889059.6613488
1752889059.6841838
1752889059.7203124
1752889059.74273
1752889059.7759664
1752889059.7995412
1752889059.8370807
1752889059.8608797
1752889059.895527
1752889059.9191082
1752889059.9531698
1752889059.9731815
1752889060.0156171
1752889060.0407002
1752889060.0766299
1752889060.101833
1752889060.1374974
1752889060.1635573
1752889060.2043817
1752889060.2298625
1752889060.264048
1752889060.28807
1752889060.3235612
1752889060.3547404
1752889060.3894346
1752889060.417095
1752889060.4528806
1752889060.485437
1752889060.5187953
1752889060.5449493
1752889060.581459
1752889060.6119485
1752889060.6489263
1752889060.6820657
1752889060.7170959
1752889060.7450907
1752889060.7800696
1752889060.8147285
1752889060.8499656
1752889060.875581
1752889060.9115043
1752889060.933293
1752889060.9669967
1752889060.9914794
1752889061.0282907
1752889061.0541954
1752889061.0900679
1752889061.1152592
1752889061.1502929
1752889061.1870086
1752889061.210404
1752889061.2468045
1752889061.2706618
1752889061.3061194
1752889061.3294685
1752889061.3625822
1752889061.3855388
1752889061.4120452
1752889061.4359171
1752889061.4700468
1752889061.491989
1752889061.5237427
1752889061.543346
1752889061.567972
1752889061.6001348
1752889061.620153
1752889061.6547558
1752889061.6747615
1752889061.709885
1752889061.7295403
1752889061.7588787
1752889061.7741663
1752889061.8067212
1752889061.8269887
1752889061.8526585
1752889061.8750849
1752889061.8970134
1752889061.917147
1752889061.9376302
1752889061.9591305
1752889061.9801795
1752889062.0014608
1752889062.0225663
1752889062.043353
1752889062.0661323
1752889062.0894797
1752889062.1119707
1752889062.1341186
1752889062.168061
1752889062.185942
1752889062.2092795
1752889062.2344556
1752889062.2615628
1752889062.2969937
1752889062.3176203
1752889062.342035
1752889062.3665159
1752889062.3919904
1752889062.4169488
1752889062.4411147
1752889062.4684072
1752889062.4824479
1752889062.5071316
1752889062.5491564
1752889062.5700145
1752889062.6037376
1752889062.6258175
1752889062.6513968
1752889062.6869352
1752889062.7099493
1752889062.741088
1752889062.775955
1752889062.7991898
1752889062.8342557
1752889062.8772779
1752889062.9172022
1752889062.9594624
1752889062.9832902
1752889063.0169687
1752889063.040079
1752889063.073286
1752889063.0986717
1752889063.1248155
1752889063.1504128
1752889063.1924837
1752889063.226437
1752889063.2608373
1752889063.2853491
1752889063.3104963
1752889063.3185897
1752889063.3550224
1752889063.3769581
1752889063.4105492
1752889063.4351313
1752889063.4685163
1752889063.4926353
1752889063.5252218
1752889063.5594969
1752889063.5835164
1752889063.6154966
1752889063.653572
1752889063.6781862
1752889063.7126353
1752889063.7379694
1752889063.7732284
1752889063.8005185
1752889063.8360908
1752889063.860856
1752889063.896693
1752889063.9206662
1752889063.9603245
1752889063.9869657
1752889064.0223901
1752889064.0617557
1752889064.0866966
1752889064.1198134
1752889064.1580315
1752889064.182651
1752889064.218258
1752889064.242507
1752889064.2772343
1752889064.2981071
1752889064.333455
1752889064.3579717
1752889064.3970785
1752889064.4226885
1752889064.4552064
1752889064.4883437
1752889064.5126133
1752889064.547433
1752889064.5814252
1752889064.607048
1752889064.6401634
1752889064.67457
1752889064.7102602
1752889064.7350678
1752889064.7716472
1752889064.7968674
1752889064.8346045
1752889064.8590655
1752889064.8971314
1752889064.9273033
1752889064.9620845
1752889064.9844568
1752889065.017904
1752889065.0425718
1752889065.075354
1752889065.0995634
1752891553.9682946
1752891553.9876177
1752891554.0268617
1752891554.066837
1752891554.1039653
1752891554.136494
1752891554.1736264
1752891554.2122042
1752891554.248241
1752891554.2860918
1752891554.3231027
1752891554.3603806
1752891554.3921452
1752891554.4338784
1752891554.4738846
1752891554.5127602
1752891554.542201
1752891554.5716574
1752891554.598217
1752891554.6066604
1752891554.6348836
1752891554.6844974
1752891554.7183347
1752891554.765957
1752891554.801147
1752891554.8422103
1752891554.888601
1752891554.9209409
1752891554.9752185
1752891555.0158677
1752891555.0636067
1752891555.0969212
1752891555.1430206
1752891555.185346
1752891555.2285702
1752891555.253177
1752891555.305143
1752891555.3646398
1752891555.4149575
1752891555.4504132
1752891555.4987102
1752891555.5324528
1752891555.579189
1752891555.6125298
1752891555.6667407
1752891555.693635
1752891555.7379549
1752891555.7646592
1752891555.8121715
1752891555.8370535
1752891555.8735356
1752891555.900554
1752891555.9378867
1752891555.9725022
1752891556.0156589
1752891556.0440946
1752891556.0934331
1752891556.1244597
1752891556.1656766
1752891556.1926126
1752891556.2380931
1752891556.264643
1752891556.306469
1752891556.3259175
1752891556.368849
1752891556.3906815
1752891556.4157338
1752891556.4450202
1752891556.4826164
1752891556.511381
1752891556.5514336
1752891556.5768478
1752891556.615936
1752891556.6383893
1752891556.6789203
1752891556.7023864
1752891556.7460399
1752891556.7758982
1752891556.8122025
1752891556.852906
1752891556.8778274
1752891556.9058607
1752891556.952847
1752891556.9786234
1752891557.0271618
1752891557.055223
1752891557.0907497
1752891557.1225483
1752891557.1640434
1752891557.1865342
1752891557.2309217
1752891557.255781
1752891557.2844307
1752891557.313854
1752891557.3602588
1752891557.384725
1752891557.4232032
1752891557.4501417
1752891557.4819827
1752891557.521781
1752891557.5459902
1752891557.5813794
1752891557.6055613
1752891557.64615
1752891557.669301
1752891557.7099743
1752891557.7401683
1752891557.795305
1752891557.8260798
1752891557.8719437
1752891557.8983183
1752891557.934837
1752891557.9714725
1752891558.0018976
1752891558.0418775
1752891558.073681
1752891558.110677
1752891558.138219
1752891558.176699
1752891558.2099226
1752891558.2540994
1752891558.2905316
1752891558.3327627
1752891558.3622136
1752891558.4050024
1752891558.4572952
1752891558.5036519
1752891558.5389142
1752891558.578969
1752891558.6101875
1752891558.6805682
1752891558.7140834
1752891558.7544324
1752891558.7877562
1752891558.8410103
1752891558.8800457
1752891558.926596
1752891558.9585497
1752891559.0075054
1752891559.0543895
1752891559.0919373
1752891559.125173
1752891559.170806
1752891559.2040637
1752891559.24971
1752891559.2898552
1752891559.3262353
1752891559.3564253
1752891559.402994
1752891559.4430892
1752891559.484857
1752891559.5142932
1752891559.5531642
1752891559.5750787
1752891559.6140096
1752891559.6420283
1752891559.6828153
1752891559.7135038
1752891559.7518032
1752891559.7876134
1752891559.831322
1752891559.8712695
1752891559.9037092
1752891559.947572
1752891559.9776986
1752891560.0223775
1752891560.0583694
1752891560.0966454
1752891560.1232243
1752891560.148635
1752891560.1769516
1752891560.218576
1752891560.2408357
1752891560.2786798
1752891560.3042064
1752891560.3357944
1752891560.3729079
1752891560.3940768
1752891560.4298506
1752891560.4530547
1752891560.4901786
1752891560.5102127
1752891560.5433786
1752891560.5611641
1752891560.595269
1752891560.619324
1752891560.649531
1752891560.6774817
1752891560.7038338
1752891560.7271748
1752891560.7498665
1752891560.7753913
1752891560.8004856
1752891560.8243964
1752891560.8498805
1752891560.8742323
1752891560.9005766
1752891560.9332762
1752891560.9611087
1752891560.9927676
1752891561.036004
1752891561.0588999
1752891561.0875864
1752891561.1133204
1752891561.1418927
1752891561.1801064
1752891561.2023833
1752891561.229109
1752891561.2579172
1752891561.2904658
1752891561.3169286
1752891561.3478227
1752891561.3861244
1752891561.4038126
1752891561.431425
1752891561.468045
1752891561.4961696
1752891561.5400302
1752891561.5698807
1752891561.5953634
1752891561.6362078
1752891561.6625621
1752891561.6979764
1752891561.7348528
1752891561.7628303
1752891561.8044693
1752891561.8342993
1752891561.8613188
1752891561.9027183
1752891561.9273582
1752891561.9664588
1752891561.9975178
1752891562.0406184
1752891562.0699155
1752891562.0972242
1752891562.1279445
1752891562.1680112
1752891562.1960287
1752891562.2312658
1752891562.2598844
1752891562.2903056
1752891562.303827
1752891562.3489504
1752891562.37104
1752891562.4092987
1752891562.434224
1752891562.4731843
1752891562.4984865
1752891562.5361872
1752891562.581097
1752891562.6104174
1752891562.654615
1752891562.6965938
1752891562.7234693
1752891562.7606843
1752891562.7895143
1752891562.8288307
1752891562.8569434
1752891562.8979523
1752891562.9274435
1752891562.9693372
1752891563.0182693
1752891563.0634618
1752891563.090464
1752891563.1354735
1752891563.1737611
1752891563.2045622
1752891563.2378116
1752891563.2805398
1752891563.30603
1752891563.3444853
1752891563.3707142
1752891563.4120185
1752891563.4357417
1752891563.4806535
1752891563.5092635
1752891563.556358
1752891563.5833209
1752891563.6204958
1752891563.6587677
1752891563.685883
1752891563.7252676
1752891563.7636304
1752891563.7921107
1752891563.8358092
1752891563.8776076
1752891563.916873
1752891563.943725
1752891563.9860833
1752891564.0139792
1752891564.0609534
1752891564.091332
1752891564.1473672
1752891564.1879826
1752891564.2272336
1752891564.2545753
1752891564.2914393
1752891564.3182683
1752891564.3644173
1752891564.393203
