1752503371.376599
1752503371.473851
1752503371.641041
1752503371.8165996
1752503372.0207775
1752503372.1938424
1752503372.3631816
1752503372.4601831
1752503372.5700715
1752503372.6431165
1752503372.7728724
1752503372.8511386
1752503372.9500954
1752503373.032907
1752503373.1046762
1752503373.190179
1752503373.2605507
1752503373.3410506
1752503373.4137788
1752503373.4930732
1752503373.5601413
1752503373.646276
1752503373.7108557
1752503373.8090694
1752503373.8905077
1752503373.976456
1752503374.0755198
1752503374.1572082
1752503374.224755
1752503374.3420715
1752503374.4972594
1752503374.5816941
1752503374.672988
1752503374.7830317
1752503374.8649006
1752503375.0292265
1752503375.2299538
1752503375.3599007
1752503375.5160723
1752503375.6589446
1752503375.8174517
1752503375.8343601
1752503375.9843402
1752503376.1663563
1752503376.3171296
1752503376.4851773
1752503376.631724
1752503376.7616873
1752503376.8676434
1752503377.0218055
1752503377.178962
1752503377.331594
1752503377.479847
1752503377.6197252
1752503377.7551568
1752503377.9108694
1752503378.0424247
1752503378.1643338
1752503378.286959
1752503378.470031
1752503378.6344762
1752503378.754156
1752503378.9044743
1752503379.0387578
1752503379.1559956
1752503379.3565433
1752503379.5221155
1752503379.7095833
1752503379.8933961
1752503380.0823843
1752503380.2511072
1752503380.4293458
1752503380.6041036
1752503380.77782
1752503380.9465225
1752503381.1386492
1752503381.2954004
1752503381.4217935
1752503381.5671709
1752503381.7649696
1752503381.9706588
1752503382.1401381
1752503382.2985156
1752503382.432811
1752503382.5840545
1752503382.7389097
1752503382.9016085
1752503383.0600789
1752503383.2356162
1752503383.3606923
1752503383.51886
1752503383.6500494
1752503383.8480668
1752503384.0092695
1752503384.186909
1752503384.3602448
1752503384.5617626
1752503384.7342472
1752503384.907984
1752503385.0677707
1752503385.2647767
1752503385.4430807
1752503385.6114998
1752503385.752804
1752503385.8608801
1752503386.009908
1752503386.1299067
1752503386.2867823
1752503386.4325786
1752503386.586004
1752503386.752233
1752503386.88568
1752503387.041188
1752503387.1691318
1752503387.3377876
1752503387.4918892
1752503387.6735644
1752503387.8505406
1752503387.990964
1752503388.142299
1752503388.3536413
1752503388.5120964
1752503388.6976192
1752503388.8535984
1752503389.0065436
1752503389.1379893
1752503389.3256571
1752503389.4846559
1752503389.6736743
1752503389.8621721
1752503390.0298455
1752503390.1782825
1752503390.2814636
1752503390.405669
1752503390.5603316
1752503390.7085533
1752503390.8581629
1752503391.0179203
1752503391.1915967
1752503391.346018
1752503391.478047
1752503391.6614826
1752503391.821723
1752503392.014661
1752503392.1711462
1752503392.332998
1752503392.4712217
1752503392.605832
1752503392.7793193
1752503392.9425585
1752503393.1066802
1752503393.2795637
1752503393.4604208
1752503393.614616
1752503393.7709742
1752503393.9454663
1752503394.012481
1752503394.1509416
1752503394.2596014
1752503394.4017472
1752503394.5040274
1752503394.6305757
1752503394.7315497
1752503394.8323429
1752503394.9409008
1752503395.0474033
1752503395.1383374
1752503395.2624452
1752503395.411915
1752503395.4920716
1752503395.570333
1752503395.6750698
1752503395.7944903
1752503395.902328
1752503396.0375516
1752503396.2002344
1752503396.3409085
1752503396.4784791
1752503396.617862
1752503396.7783215
1752503396.9170275
1752503397.0282311
1752503397.1231153
1752503397.2581804
1752503397.4254985
1752503397.5551066
1752503397.6596239
1752503397.7511055
1752503397.860294
1752503397.999742
1752503398.1205494
1752503398.2364674
1752503398.3918893
1752503398.5386298
1752503398.669737
1752503398.8078098
1752503398.9586573
1752503399.0903656
1752503399.2176132
1752503399.2962644
1752503399.3978398
1752503399.4981265
1752503399.6302817
1752503399.7539449
1752503399.8518996
1752503399.9634798
1752503400.1029544
1752503400.266003
1752503400.4122417
1752503400.554652
1752503400.6938188
1752503400.8320677
1752503400.9959276
1752503401.1174319
1752503401.2631154
1752503401.3788517
1752503401.497667
1752503401.6032455
1752503401.6969573
1752503401.790632
1752503401.8722274
1752503401.9674017
1752503402.0309782
1752503402.1139104
1752503402.2014313
1752503402.3097913
1752503402.3900526
1752503402.5267446
1752503402.6572776
1752503402.8145347
1752503402.9515638
1752503403.0644894
1752503403.1824374
1752503403.287939
1752503403.4088824
1752503403.5539615
1752503403.7065444
1752503403.7985344
1752503403.8969362
1752503404.0224307
1752503404.141731
1752503404.2568483
1752503404.3886058
1752503404.525866
1752503404.6561446
1752503404.781229
1752503404.914443
1752503405.0477152
1752503405.1825304
1752503405.3239892
1752503405.4155478
1752503405.5076585
1752503405.606784
1752503405.7143967
1752503405.7149909
1752503405.8463552
1752503405.9000692
1752503405.9831908
1752503406.0820193
1752503406.1616468
1752503406.2460608
1752503406.3743489
1752503406.477832
1752503406.608547
1752503406.7518487
1752503406.8617074
1752503406.927945
1752503406.9975255
1752503407.1107907
1752503407.2495866
1752503407.341797
1752503407.4299247
1752503407.5180464
1752503407.624046
1752503407.7129924
1752503407.8064048
1752503407.9131372
1752503408.076687
1752503408.1778505
1752503408.27341
1752503408.3708217
1752503408.494112
1752503408.6404772
1752503408.7636578
1752503408.8793857
1752503409.0243566
1752503409.100432
1752503409.2573867
1752503409.4074883
1752503409.566942
1752503409.702891
1752503409.866021
1752503410.0093813
1752503410.1555614
1752503410.300103
1752503410.4442756
1752503410.5749032
1752503410.7183423
1752503410.8898242
1752503411.0416598
1752503411.2154274
1752503411.3878922
1752503411.5619836
1752503411.7163515
1752503411.8833766
1752503412.0417852
1752503412.192165
1752503412.3342266
1752503412.488689
1752503412.6318414
1752503412.764373
1752503412.9171906
1752503413.069848
1752503413.2207444
1752503413.365325
1752503413.531749
1752503413.660947
1752503413.810913
1752503413.9502053
1752503414.0804188
1752503414.2351968
1752503414.3959918
1752503414.5367463
1752503414.672703
1752503414.7911665
1752503414.9268434
1752503415.0536969
1752503415.1859062
1752503415.315446
1752503415.4381802
1752503415.5547078
1752503415.6688478
1752503415.7840462
1752503415.901538
1752503416.0360835
1752503416.1913612
1752503416.312678
1752503416.4301558
1752503416.560333
1752503416.6805298
1752503416.7864404
1752503416.892037
1752503417.023639
1752503417.1636293
1752503417.2723482
1752503417.3668976
1752503417.4392176
1752503417.564909
1752503417.673771
1752503417.8353655
1752503417.9615245
1752503418.1126153
1752503418.233775
1752503418.3869908
1752503418.5338175
1752503418.697808
1752503418.860716
1752503419.001001
1752503419.1399572
1752503419.3502514
1752503419.51192
1752503419.6671956
1752503419.8580773
1752503420.018486
1752503420.188707
1752503420.3789396
1752503420.5371444
1752503420.7017014
1752503420.8628614
1752503421.032866
1752503421.1931734
1752503421.3673127
1752503421.535793
1752503421.6931794
1752503421.8361475
1752503421.9999287
1752503422.1885538
1752503422.3479078
1752503422.524545
1752503422.6981285
1752503422.8518927
1752503423.032986
1752503423.2255
1752503423.4027052
1752503423.591498
1752503423.8113863
1752503424.0031388
1752503424.17271
1752503424.3742585
1752503424.5528169
1752503424.7230978
1752503424.8934174
1752503425.0404239
1752503425.1852436
1752503425.3321288
