1753773114.0174918
1753773114.0369072
1753773114.0774264
1753773114.1072469
1753773114.1443858
1753773114.1678612
1753773114.2070322
1753773114.233321
1753773114.2735524
1753773114.2970889
1753773114.32397
1753773114.3495047
1753773114.3886578
1753773114.4124038
1753773114.437702
1753773114.4737978
1753773114.5083652
1753773114.5325625
1753773114.5660343
1753773114.5907476
1753773114.6156948
1753773114.6407776
1753773114.669661
1753773114.6952548
1753773114.7297196
1753773114.7556508
1753773114.7919664
1753773114.8163152
1753773114.8394246
1753773114.8639133
1753773114.896324
1753773114.9171612
1753773114.9549541
1753773114.9885669
1753773115.0132017
1753773115.0471587
1753773115.0783436
1753773115.1039054
1753773115.143064
1753773115.1672473
1753773115.2002437
1753773115.2244184
1753773115.2603476
1753773115.2844768
1753773115.3103514
1753773115.3337104
1753773115.3551843
1753773115.3789663
1753773115.4182146
1753773115.4409552
1753773115.4772298
1753773115.502083
1753773115.5388205
1753773115.5630147
1753773115.5891776
1753773115.6273005
1753773115.6573226
1753773115.6878324
1753773115.7080119
1753773115.7267804
1753773115.746417
1753773115.760611
1753773115.7750552
1753773115.7897468
1753773115.8046167
1753773115.8212965
1753773115.8413365
1753773115.8615062
1753773115.8823268
1753773115.9036648
1753773115.9274344
1753773115.9494433
1753773115.9855347
1753773116.0069003
1753773116.0311193
1753773116.0690148
1753773116.0932908
1753773116.1296158
1753773116.1606207
1753773116.1986835
1753773116.2504025
1753773116.2873406
1753773113.3972542
1753773113.429992
1753773113.4664302
1753773113.4899623
1753773113.5106106
1753773113.527859
1753773113.54631
1753773113.5644104
1753773113.58402
1753773113.600179
1753773113.617215
1753773113.6351035
1753773113.6566095
1753773113.6805906
1753773113.70727
1753773113.716329
1753773113.7406247
1753773113.7753282
1753773113.8055692
1753773113.8288527
1753773113.8574061
1753773113.8837347
1753773113.9197524
1753773113.9511945
1753773113.9930115
1753773114.0546355
1753773114.0861776
1753773114.115427
1753773114.1460714
1753773114.1710835
1753773114.193163
1753773114.230716
1753773114.249056
1753773114.2805257
1753773114.2965705
1753773114.3188083
1753773114.3507159
1753773114.3664865
1753773114.3990786
1753773114.412491
1753773114.444105
1753773114.460094
1753773114.4978065
1753773114.515034
1753773114.538621
1753773114.559811
1753773114.5817866
1753773114.6142642
1753773114.6402388
1753773114.6787875
1753773114.7076428
1753773114.758659
1753773114.7857342
1753773114.8134513
1753773114.850774
1753773114.8769226
1753773114.9135232
1753773114.9399
1753773114.9737897
1753773115.0003033
1753773115.0425074
1753773115.0810747
1753773115.1279376
1753773115.1571553
1753773115.186711
1753773115.215357
1753773115.2531338
1753773115.2804081
1753773115.3162262
1753773115.3411283
1753773115.3834453
1753773115.4204702
1753773115.450045
1753773115.487048
1753773115.5227823
1753773115.548379
1753773115.5911746
1753773115.6177845
1753773115.6627595
1753773115.7047591
1753773115.7342014
1753773115.7700374
1753773115.8008916
1753773115.8374166
1753773115.8710492
1753773115.9014664
1753773115.9443712
1753773115.9811392
1753773116.0180478
1753773116.0656078
1753773116.0952725
1753773116.1409688
1753773116.1694021
1753773116.2084234
1753773116.245025
1753773116.2761848
1753773116.3188672
1753773116.3499582
1753773116.4028182
1753773116.4366062
1753773116.4635758
1753773116.5028665
1753773116.5403287
1753773116.571057
1753773116.61062
1753773116.6385546
1753773116.6746712
1753773116.7032883
1753773116.7484236
1753773116.7755024
1753773116.8090959
1753773116.8355591
1753773116.8745713
1753773116.9094205
1753773116.9424765
1753773116.9821968
1753773117.009511
1753773117.0450363
1753773117.0811708
1753773117.1104054
1753773117.142965
1753773117.1707819
1753773117.2106204
1753773117.236338
1753773117.2771
1753773117.303805
1753773117.3414688
1753773117.3792093
1753773117.4042847
1753773117.4130816
1753773117.4502144
1753773117.480696
1753773117.5171452
1753773117.5456462
1753773117.583655
1753773117.6115496
1753773117.65052
1753773117.677455
1753773117.7187653
1753773117.7436993
1753773117.7823374
1753773117.8059938
1753773117.840428
1753773117.8638284
1753773117.899172
1753773117.921837
1753773117.9480395
1753773117.972995
1753773118.0001042
1753773118.0460436
1753773118.070666
1753773118.1079528
1753773118.1340427
1753773118.1662827
1753773118.2041273
1753773118.2333698
1753773118.2841375
1753773118.3109264
1753773118.3479369
1753773118.3677583
1753773118.4037583
1753773118.4311378
1753773118.4699094
1753773118.4958544
1753773118.524305
1753773118.5617287
1753773118.5893865
1753773118.6162171
1753773118.6525524
1753773118.6785526
1753773118.7045324
1753773118.7474945
1753773118.7759597
1753773118.814067
1753773118.8392868
1753773118.8666584
1753773118.901986
1753773118.9292245
1753773118.9751852
1753773119.0012944
1753773119.0450191
1753773119.0715733
1753773119.1079931
1753773119.1336756
1753773119.174561
1753773119.201394
1753773119.244136
1753773119.2722545
1753773119.3077095
1753773119.339919
1753773119.3636022
1753773119.3908226
1753773119.430564
1753773119.4657347
1753773119.502697
1753773119.5409827
1753773119.5687013
1753773119.6057177
1753773119.6305442
1753773119.6551976
1753773119.6927025
1753773119.7150002
1753773119.7442424
1753773119.7876093
1753773119.815582
1753773119.8443654
1753773119.8750136
1753773119.9028416
1753773119.9328566
1753773119.959715
1753773119.994767
1753773120.021625
1753773120.0641034
1753773120.090753
1753773120.1167877
1753773120.1450276
1753773120.1845896
1753773120.2147715
1753773795.6984067
1753773795.7222576
1753773795.768437
1753773795.7992983
1753773795.8398724
1753773795.8644102
1753773795.9020543
1753773795.927306
1753773795.9680264
1753773795.993643
1753773796.0220406
1753773796.0504441
1753773796.0930333
1753773796.1196034
1753773796.1468778
1753773796.1854708
1753773796.223886
1753773796.250883
1753773796.2894778
1753773796.3166227
1753773796.3431425
1753773796.3698428
1753773796.3976398
1753773796.4241035
1753773796.4648101
1753773796.490892
1753773796.5288546
1753773796.555632
1753773796.5819044
1753773796.610005
1753773796.6444428
1753773796.666493
1753773796.7022297
1753773796.7382357
1753773796.7667596
1753773796.80293
1753773796.8307726
1753773796.860106
1753773796.896147
1753773796.9219732
1753773796.9604754
1753773796.9884765
1753773797.0285914
1753773797.0553095
1753773797.0833416
1753773797.1092167
1753773797.1356618
1753773797.1632266
1753773797.2040067
1753773797.2282565
1753773797.2668166
1753773797.2958152
1753773797.3356318
1753773797.3672824
1753773797.3957024
1753773797.420368
1753773797.4441204
1753773797.466715
1753773797.488
1753773797.5109134
1753773797.5315754
1753773797.5468998
1753773797.5628655
1753773797.5793154
1753773797.5950115
1753773797.6123693
1753773797.632283
1753773797.6538808
1753773797.67739
1753773797.701695
1753773797.7267385
1753773797.754386
1753773797.7920082
1753773797.8165512
1753773797.84775
1753773797.8927243
1753773797.920102
1753773797.962219
1753773797.9953375
1753773798.0274427
1753773798.0658495
1753773798.0925922
1753773798.1447377
1753773798.1773
1753773798.204166
1753773798.2253923
1753773798.2476065
1753773798.2652225
1753773798.285732
1753773798.3036695
1753773798.3278353
1753773798.3432608
1753773798.3593185
1753773798.3808281
1753773798.409935
1753773798.4352574
1753773798.4580786
1753773798.465452
1753773798.4887767
1753773798.5156186
1753773798.5387805
1753773798.5631585
1753773798.590005
1753773798.6201336
1753773798.657233
1753773798.6858864
1753773798.716406
1753773798.7576144
1753773798.7851355
1753773798.8129914
1753773798.8420918
1753773798.870419
1753773798.897229
1753773798.9349866
1753773798.9546404
1753773798.9888222
1753773799.005789
1753773799.0290735
1753773799.064244
1753773799.0812762
1753773799.1155474
1753773799.129271
1753773799.1645916
1753773799.1822796
1753773799.2297852
1753773799.2491388
1753773799.2763984
1753773799.2989914
1753773799.3262832
1753773799.3520498
1753773799.382061
1753773799.4169457
1753773799.4464707
1753773799.491351
1753773799.5223668
1753773799.55333
1753773799.5970743
1753773799.6251855
1753773799.6647732
1753773799.6943367
1753773799.73233
1753773799.7610073
1753773799.7967925
1753773799.825416
1753773799.8675425
1753773799.898324
1753773799.9302905
1753773799.9586403
1753773799.997107
1753773800.026055
1753773800.0701199
1753773800.0950425
1753773800.1328247
1753773800.170262
1753773800.2012775
1753773800.2434053
1753773800.2799022
1753773800.309196
1753773800.346196
1753773800.373987
1753773800.4192019
1753773800.462558
1753773800.4913616
1753773800.5283558
1753773800.5589826
1753773800.599035
1753773800.6359699
1753773800.6658013
1753773800.7052355
1753773800.7413425
1753773800.770414
1753773800.8117604
1753773800.8427312
1753773800.8858225
1753773800.9145434
1753773800.952956
1753773800.9928737
1753773801.0242114
1753773801.0675094
1753773801.097582
1753773801.1363392
1753773801.1697302
1753773801.196923
1753773801.2364
1753773801.2742348
1753773801.3045936
1753773801.342867
1753773801.3715441
1753773801.4087524
1753773801.4365911
1753773801.4728444
1753773801.5003018
1753773801.5356634
1753773801.5648015
1753773801.604673
1753773801.6445258
1753773801.6832535
1753773801.7361908
1753773801.7749841
1753773801.8178496
1753773801.8760808
1753773801.9099212
1753773801.9454699
1753773801.9749725
1753773802.0143967
1753773802.0420308
1753773802.0801473
1753773802.1089365
1753773802.1471598
1753773802.1888435
1753773802.217034
1753773802.2259007
1753773802.2683804
1753773802.3008838
1753773802.338346
1753773802.3662448
1753773802.403793
1753773802.4308193
1753773802.4671154
1753773802.4933045
1753773802.5311594
1753773802.5574899
1753773802.5964653
1753773802.6227758
1753773802.6598065
1753773802.6848567
1753773802.721408
1753773802.7457657
1753773802.772794
1753773802.7994416
1753773802.8250964
1753773802.8636007
1753773802.8882012
1753773802.9252262
1753773802.9507046
1753773802.978565
1753773803.0167396
1753773803.0425074
1753773803.0790365
1753773803.1058104
1753773803.144691
1753773803.1661508
1753773803.2047603
1753773803.236543
1753773803.2763157
1753773803.3053257
1753773803.3365717
1753773803.3779075
1753773803.4230268
1753773803.4554174
1753773803.496945
1753773803.5275912
1753773803.567337
1753773803.607637
1753773803.6389914
1753773803.677264
1753773803.7037585
1753773803.7333245
1753773803.7723122
1753773803.7994077
1753773803.8417003
1753773803.8697004
1753773803.9097466
1753773803.9403296
1753773803.9816577
1753773804.009009
1753773804.0489352
1753773804.077924
1753773804.1182585
1753773804.1467147
1753773804.1888049
1753773804.2258167
1753773804.2543142
1753773804.2834454
1753773804.3202188
1753773804.351613
1753773804.3910303
1753773804.4290037
1753773804.455684
1753773804.5087326
1753773804.568091
1753773804.6344993
1753773804.6965415
1753773804.7354188
1753773804.7683907
1753773804.8211503
1753773804.8541188
1753773804.8942204
1753773804.94398
1753773804.9768724
1753773805.016727
1753773805.0568545
1753773805.0953803
1753773805.1301064
1753773805.1806884
1753773805.2120688
1753773805.2469828
1753773805.2823796
1753773805.3247635
1753773805.3612227
1753773945.2355783
1753773945.2545145
1753773945.3015635
1753773945.3330894
1753773945.37708
1753773945.408125
1753773945.454352
1753773945.4807792
1753773945.5287912
1753773945.5782435
1753773945.6085436
1753773945.6397204
1753773945.6837375
1753773945.7171059
1753773945.7523208
1753773945.7967129
1753773945.8398628
1753773945.8693392
1753773945.909487
1753773945.938317
1753773945.9688218
1753773945.9987977
1753773946.0303743
1753773946.0601408
1753773946.099553
1753773946.135755
1753773946.181942
1753773946.2114618
1753773946.242789
1753773946.2728028
1753773946.3109505
1753773946.3365808
1753773946.3868754
1753773946.4299014
1753773946.4633753
1753773946.5383003
1753773946.5696104
1753773946.6067321
1753773946.659742
1753773946.688848
1753773946.7315645
1753773946.7590883
1753773946.7994883
1753773946.828956
1753773946.8597476
1753773946.8874404
1753773946.913908
1753773946.9429686
1753773946.9868174
1753773947.0152707
1753773947.0575035
1753773947.0869148
1753773947.1282644
1753773947.1584723
1753773947.1889231
1753773947.2178931
1753773947.2430177
1753773947.268401
1753773947.2915032
1753773947.3163586
1753773947.3452024
1753773947.3627632
1753773947.3799207
1753773947.3975222
1753773947.414957
1753773947.4343982
1753773947.4582539
1753773947.483618
1753773947.508431
1753773947.5330846
1753773947.5606382
1753773947.587064
1753773947.6344447
1753773947.6630743
1753773947.6913438
1753773947.7509577
1753773947.7829092
1753773947.8223972
1753773947.8531754
1753773947.8860242
1753773947.926861
1753773947.9551034
1753773947.9958522
1753773948.0218227
1753773948.045749
1753773948.0697174
1753773948.0915625
1753773948.1103163
1753773948.129701
1753773948.1502619
1753773948.1727428
1753773948.1882682
1753773948.2063375
1753773948.2262728
1753773948.2481344
1753773948.273789
1753773948.2982056
1753773948.3061812
1753773948.329391
1753773948.355826
1753773948.3805366
1753773948.406819
1753773948.4373648
1753773948.4659083
1753773948.5042377
1753773948.5348966
1753773948.574049
1753773948.6195292
1753773948.6517801
1753773948.6845465
1753773948.7138007
1753773948.743299
1753773948.7714026
1753773948.812599
1753773948.832525
1753773948.867311
1753773948.8845594
1753773948.9074445
1753773948.9501886
1753773948.9686158
1753773949.0067835
1753773949.0225856
1753773949.059638
1753773949.0781293
1753773949.1204646
1753773949.1404276
1753773949.1708748
1753773949.1973777
1753773949.228102
1753773949.2557104
1753773949.2836242
1753773949.3203666
1753773949.347963
1753773949.394266
1753773949.4254055
1753773949.4602091
1753773949.5039852
1753773949.5357835
1753773949.5769827
1753773949.6078122
1753773949.646827
1753773949.678597
1753773949.7161481
1753773949.7479475
1753773949.7971385
1753773949.8286698
1753773949.8611968
1753773949.892027
1753773949.930261
1753773949.9619055
1753773950.0000691
1753773950.026295
1753773950.069222
1753773950.1073308
1753773950.139523
1753773950.18068
1753773950.221732
1753773950.2550576
1753773950.2967758
1753773950.3282158
1753773950.3790352
1753773950.4242895
1753773950.454678
1753773950.4939067
1753773950.5294003
1753773950.573408
1753773950.6115556
1753773950.6434782
1753773950.6892948
1753773950.7332041
1753773950.768895
1753773950.8213067
1753773950.8670633
1753773950.9325767
1753773950.9723082
1753773951.01642
1753773951.0576591
1753773951.0936744
1753773951.149579
1753773951.2074957
1753773951.2672048
1753773951.3037524
1753773951.3340297
1753773951.3775446
1753773951.4189298
1753773951.4536986
1753773951.4954932
1753773951.5298176
1753773951.5716305
1753773951.6028035
1753773951.642902
1753773951.6735911
1753773951.712536
1753773951.7430754
1753773951.7849233
1753773951.8240142
1753773951.8548026
1753773951.8999877
1753773951.962487
1753773952.0118854
1753773952.0540366
1753773952.0847895
1753773952.1233566
1753773952.1544101
1753773952.1960573
1753773952.225586
1753773952.2680247
1753773952.2999973
1753773952.3418024
1753773952.3840015
1753773952.413224
1753773952.4214272
1753773952.4608922
1753773952.4949067
1753773952.5347
1753773952.5641963
1753773952.6047623
1753773952.6349146
1753773952.6751826
1753773952.7026951
1753773952.7484784
1753773952.7759047
1753773952.8181717
1753773952.846598
1753773952.886794
1753773952.9135685
1753773952.9524515
1753773952.9777672
1753773953.0068533
1753773953.0345058
1753773953.0634594
1753773953.1128323
1753773953.1432626
1753773953.189979
1753773953.2196946
1753773953.2504501
1753773953.289972
1753773953.318745
1753773953.359349
1753773953.3888078
1753773953.4295056
1753773953.45324
1753773953.495332
1753773953.5252523
1753773953.5655627
1753773953.5959408
1753773953.6282973
1753773953.6679366
1753773953.6981301
1753773953.7288127
1753773953.7741637
1753773953.8034363
1753773953.8337386
1753773953.8754883
1753773953.9087117
1753773953.9475222
1753773953.9766302
1753773954.0090437
1753773954.0491009
1753773954.0783432
1753773954.1243565
1753773954.1537745
1753773954.1961687
1753773954.2255611
1753773954.2677596
1753773954.2974694
1753773954.3444471
1753773954.3773696
1753773954.4191544
1753773954.44896
1753773954.4910514
1753773954.5284798
1753773954.5562837
1753773954.5874212
1753773954.6254516
1753773954.6568742
1753773954.6980798
1753773954.7379444
1753773954.7687364
1753773954.8093517
1753773954.8434043
1753773954.8725193
1753773954.9182434
1753773954.9452155
1753773954.9790373
1753773955.0399096
1753773955.0825548
1753773955.121577
1753773955.1541626
1753773955.1871817
1753773955.2172747
1753773955.2535384
1753773955.3017788
1753773955.3523617
1753773955.399384
1753773955.4384322
1753773955.469034
1753773955.5052235
1753773955.5531454
1753773955.58623
1753774713.3464723
1753774713.3644783
1753774713.4280875
1753774713.4886658
1753774713.5309734
1753774713.5596614
1753774713.6014721
1753774713.6268775
1753774713.6732726
1753774713.6988215
1753774713.7269063
1753774713.7540076
1753774713.8099632
1753774713.8424397
1753774713.8764083
1753774713.9209523
1753774713.9637158
1753774713.9930723
1753774714.0295906
1753774714.057055
1753774714.0839887
1753774714.1106634
1753774714.1394272
1753774714.1663747
1753774714.2017875
1753774714.2293172
1753774714.265477
1753774714.2974725
1753774714.3282514
1753774714.3585997
1753774714.40098
1753774714.425046
1753774714.4604657
1753774714.4989972
1753774714.527246
1753774714.5657055
1753774714.5992606
1753774714.6335342
1753774714.6770666
1753774714.7065382
1753774714.742723
1753774714.7707975
1753774714.8123336
1753774714.840728
1753774714.8694835
1753774714.9007027
1753774714.928219
1753774714.959842
1753774715.006121
1753774715.0334806
1753774715.077679
1753774715.1061218
1753774715.147627
1753774715.1751897
1753774715.2031028
1753774715.2291925
1753774715.2547655
1753774715.27628
1753774715.2970028
1753774715.318971
1753774715.3413618
1753774715.3584576
1753774715.376283
1753774715.3943727
1753774715.4125884
1753774715.4351625
1753774715.4592757
1753774715.4821968
1753774715.5066543
1753774715.546055
1753774715.5730636
1753774715.6081119
1753774715.6508842
1753774715.6786888
1753774715.7100148
1753774715.7603545
1753774715.7917328
1753774715.8328106
1753774715.8607218
1753774715.8890853
1753774715.9373603
1753774715.967316
1753774716.006143
1753774716.0328453
1753774716.0582023
1753774716.0827558
1753774716.1046972
1753774716.1254117
1753774716.1477783
1753774716.1691465
1753774716.1922114
1753774716.2096272
1753774716.2282345
1753774716.2490656
1753774716.2751358
1753774716.3023899
1753774716.3348725
1753774716.343445
1753774716.3666184
1753774716.3955185
1753774716.4193678
1753774716.4434788
1753774716.4712427
1753774716.4978573
1753774716.5354526
1753774716.5640228
1753774716.593271
1753774716.6325552
1753774716.6616561
1753774716.6899345
1753774716.7176633
1753774716.7505968
1753774716.7754023
1753774716.8153882
1753774716.8352067
1753774716.868684
1753774716.886782
1753774716.9102366
1753774716.9426873
1753774716.9592752
1753774716.992806
1753774717.006138
1753774717.0425901
1753774717.0610304
1753774717.1016889
1753774717.1208172
1753774717.1471615
1753774717.1710765
1753774717.197936
1753774717.2254033
1753774717.2556112
1753774717.2912483
1753774717.3188145
1753774717.357477
1753774717.3844302
1753774717.4147444
1753774717.4554439
1753774717.483476
1753774717.5206487
1753774717.550039
1753774717.5883389
1753774717.619213
1753774717.6575513
1753774717.6874826
1753774717.7319384
1753774717.7610147
1753774717.7915237
1753774717.820176
1753774717.8561184
1753774717.8849022
1753774717.921848
1753774717.9462464
1753774717.9984531
1753774718.0413914
1753774718.0822158
1753774718.1427174
1753774718.1833725
1753774718.2128227
1753774718.2537227
1753774718.2834492
1753774718.3289452
1753774718.3724837
1753774718.4005291
1753774718.4389405
1753774718.4720967
1753774718.5117538
1753774718.547504
1753774718.5777588
1753774718.623951
1753774718.6601508
1753774718.6903462
1753774718.7388654
1753774718.770133
1753774718.8196325
1753774718.8666327
1753774718.9488697
1753774719.0258038
1753774719.0805368
1753774719.1399674
1753774719.1846478
1753774719.2352946
1753774719.2805786
1753774719.309378
1753774719.3668032
1753774719.4149373
1753774719.451742
1753774719.496679
1753774719.531986
1753774719.5791907
1753774719.6153886
1753774719.66593
1753774719.7065
1753774719.7655346
1753774719.8058834
1753774719.8670652
1753774719.9441411
1753774720.0020697
1753774720.070698
1753774720.1095452
1753774720.1575077
1753774720.2332666
1753774720.2838984
1753774720.3373728
1753774720.3715446
1753774720.4155278
1753774720.4451375
1753774720.4857562
1753774720.5146508
1753774720.553942
1753774720.597396
1753774720.6277316
1753774720.63828
1753774720.702791
1753774720.747866
1753774720.7898188
1753774720.8184896
1753774720.858306
1753774720.887536
1753774720.9265215
1753774720.9537902
1753774720.997318
1753774721.0245216
1753774721.0713189
1753774721.1017323
1753774721.1441529
1753774721.1733606
1753774721.2157903
1753774721.247105
1753774721.2938974
1753774721.341072
1753774721.3768198
1753774721.4213414
1753774721.4497557
1753774721.4898221
1753774721.51886
1753774721.550511
1753774721.5941744
1753774721.621558
1753774721.6604383
1753774721.6892037
1753774721.7442796
1753774721.7678757
1753774721.8086593
1753774721.8382378
1753774721.878182
1753774721.9067163
1753774721.936947
1753774721.9768028
1753774722.0038593
1753774722.034654
1753774722.0843148
1753774722.122917
1753774722.1578279
1753774722.1992066
1753774722.2270663
1753774722.2654488
1753774722.2942502
1753774722.3307645
1753774722.3738647
1753774722.4068892
1753774722.450081
1753774722.4788427
1753774722.5185888
1753774722.547396
1753774722.5858934
1753774722.6127188
1753774722.6538928
1753774722.682029
1753774722.7237802
1753774722.7530646
1753774722.8003304
1753774722.837984
1753774722.8673995
1753774722.899245
1753774722.9376233
1753774722.9675035
1753774723.0047183
1753774723.0411472
1753774723.068301
1753774723.1082797
1753774723.1374297
1753774723.1677403
1753774723.2157958
1753774723.241345
1753774723.271856
1753774723.3112934
1753774723.338523
1753774723.3680105
1753774723.4008305
1753774723.4284778
1753774723.4565375
1753774723.4859393
1753774723.5226552
1753774723.5508509
1753774723.5879478
1753774723.6160688
1753774723.6446202
1753774723.679026
1753774723.7206967
1753774723.751709
1753775062.2646878
1753775062.2897394
1753775062.4696028
1753775062.5625286
1753775062.623191
1753775062.654766
1753775062.705086
1753775062.7349749
1753775062.79384
1753775062.833082
1753775062.8777425
1753775062.9373646
1753775063.0157597
1753775063.0680606
1753775063.112164
1753775063.180762
1753775063.2804224
1753775063.3254945
1753775063.398269
1753775063.4506207
1753775063.4993758
1753775063.5687592
1753775063.6324403
1753775063.6825104
1753775063.7291038
1753775063.758352
1753775063.7947369
1753775063.8218334
1753775063.8483846
1753775063.8746994
1753775063.9102724
1753775063.9324682
1753775063.9670286
1753775064.004328
1753775064.0317194
1753775064.068624
1753775064.099675
1753775064.129143
1753775064.1683633
1753775064.1958878
1753775064.232599
1753775064.2611759
1753775064.3027532
1753775064.3299313
1753775064.3582768
1753775064.3862412
1753775064.411128
1753775064.4387205
1753775064.4791014
1753775064.5042987
1753775064.5456364
1753775064.5725899
1753775064.6115596
1753775064.639737
1753775064.6682265
1753775064.691631
1753775064.715623
1753775064.7387276
1753775064.7592506
1753775064.7810812
1753775064.8013086
1753775064.8165147
1753775064.831858
1753775064.8477721
1753775064.8636477
1753775064.881794
1753775064.9020474
1753775064.923883
1753775064.9465494
1753775064.9690623
1753775064.9934525
1753775065.0192444
1753775065.0581195
1753775065.0843828
1753775065.1129673
1753775065.154782
1753775065.181207
1753775065.2270844
1753775065.2633293
1753775065.3011456
1753775065.343389
1753775065.3782725
1753775065.422895
1753775065.4488502
1753775065.4754918
1753775065.4972115
1753775065.5179863
1753775065.5356016
1753775065.557086
1753775065.5754848
1753775065.596622
1753775065.6129403
1753775065.6295536
1753775065.6491451
1753775065.669336
1753775065.6932454
1753775065.7153704
1753775065.7238543
1753775065.7490368
1753775065.7729692
1753775065.798406
1753775065.823826
1753775065.8542366
1753775065.8816469
1753775062.97676
1753775063.0057845
1753775063.0365376
1753775063.0765119
1753775063.112429
1753775063.1498053
1753775063.18512
1753775063.217018
1753775063.2430072
1753775063.280973
1753775063.3055053
1753775063.3433056
1753775063.3643928
1753775063.389906
1753775063.4253998
1753775063.4444768
1753775063.4820251
1753775063.4977295
1753775063.5352216
1753775063.5623696
1753775063.6257963
1753775063.6531289
1753775063.6849208
1753775063.713031
1753775063.7424684
1753775063.7707026
1753775063.801715
1753775063.8415577
1753775063.8694293
1753775063.9133475
1753775063.9413278
1753775063.9724798
1753775064.0145295
1753775064.0437684
1753775064.0827007
1753775064.1145995
1753775064.156489
1753775064.1869476
1753775064.2243726
1753775064.2541463
1753775064.29784
1753775064.3286755
1753775064.359597
1753775064.3878264
1753775064.4257822
1753775064.4537163
1753775064.4912944
1753775064.5172458
1753775064.5631363
1753775064.6114206
1753775064.6502924
1753775064.7007997
1753775064.74318
1753775064.775427
1753775064.830248
1753775064.8795652
1753775064.9326663
1753775064.982417
1753775065.0148284
1753775065.0550132
1753775065.0870178
1753775065.1291635
1753775065.1684616
1753775065.2004178
1753775065.2471578
1753775065.2936294
1753775065.3317316
1753775065.3770964
1753775065.407399
1753775065.4514415
1753775065.4821532
1753775065.5252607
1753775065.5646887
1753775065.5972745
1753775065.650959
1753775065.6798937
1753775065.7195528
1753775065.7540314
1753775065.7816718
1753775065.8228936
1753775065.8639584
1753775065.896649
1753775065.9371097
1753775065.9680388
1753775066.006506
1753775066.0356221
1753775066.0709088
1753775066.1009102
1753775066.1395361
1753775066.1705434
1753775066.2112324
1753775066.2492993
1753775066.2779238
1753775066.3189588
1753775066.3487086
1753775066.3870685
1753775066.4240603
1753775066.4524667
1753775066.4886813
1753775066.5180836
1753775066.5573351
1753775066.5968554
1753775066.6387568
1753775066.6699755
1753775066.710169
1753775066.7534387
1753775066.781274
1753775066.7896597
1753775066.8353333
1753775066.8727522
1753775066.9124742
1753775066.9473476
1753775066.996219
1753775067.0248723
1753775067.0658522
1753775067.0983202
1753775067.1423478
1753775067.1710045
1753775067.2200294
1753775067.2517872
1753775067.2968543
1753775067.326658
1753775067.3656652
1753775067.3886995
1753775067.4151874
1753775067.441871
1753775067.4675531
1753775067.5076387
1753775067.536019
1753775067.5760262
1753775067.6061373
1753775067.6458123
1753775067.7004082
1753775067.7269168
1753775067.765162
1753775067.7906952
1753775067.8268726
1753775067.8484528
1753775067.8863952
1753775067.9146466
1753775067.953258
1753775067.9820616
1753775068.0273378
1753775068.0711286
1753775068.0996065
1753775068.1307623
1753775068.1727536
1753775068.2125075
1753775068.2464538
1753775068.2867854
1753775068.3152652
1753775068.3550615
1753775068.3952813
1753775068.4273436
1753775068.4671662
1753775068.4948697
1753775068.5342436
1753775068.5626457
1753775068.6034665
1753775068.632683
1753775068.6721785
1753775068.7038696
1753775068.7533898
1753775068.7833502
1753775068.8238585
1753775068.8537958
1753775068.8961523
1753775068.9317126
1753775068.9574347
1753775068.985654
1753775069.0247028
1753775069.0646641
1753775069.1066372
1753775069.1461334
1753775069.174781
1753775069.2131948
1753775069.2398403
1753775069.2666037
1753775069.305804
1753775069.3280706
1753775069.3582988
1753775069.4057386
1753775069.4366965
1753775069.4684463
1753775069.4986968
1753775069.5310605
1753775069.5631752
1753775069.5947902
1753775069.6362076
1753775069.665486
1753775069.7082996
1753775069.740386
1753775069.77297
1753775069.8065119
1753775069.8501706
1753775069.8815515
1753775274.776352
1753775274.7984922
1753775274.8514209
1753775274.8852367
1753775274.9270172
1753775274.9518878
1753775274.9939184
1753775275.0197442
1753775275.0679624
1753775275.0983582
1753775275.131986
1753775275.1688647
1753775275.2183132
1753775275.2471166
1753775275.2778451
1753775275.3193965
1753775275.360833
1753775275.3895097
1753775275.4273155
1753775275.4574685
1753775275.4845653
1753775275.5136597
1753775275.5460014
1753775275.5838675
1753775275.6202207
1753775275.6468127
1753775275.6821914
1753775275.7078102
1753775275.7343585
1753775275.762246
1753775275.7985904
1753775275.8209248
1753775275.8575609
1753775275.8943362
1753775275.9208033
1753775275.9575505
1753775275.9852033
1753775276.0135303
1753775276.0537012
1753775276.0808272
1753775276.1173053
1753775276.1451511
1753775276.1878002
1753775276.2147331
1753775276.242886
1753775276.2683809
1753775276.2931647
1753775276.3211632
1753775276.3608098
1753775276.3854647
1753775276.4234898
1753775276.4495385
1753775276.4882963
1753775276.5212665
1753775276.5502293
1753775276.5750556
1753775276.599569
1753775276.6215215
1753775276.6422412
1753775276.6636057
1753775276.6851847
1753775276.7005775
1753775276.7164419
1753775276.7327223
1753775276.7494538
1753775276.7684157
1753775276.789693
1753775276.8136454
1753775276.8367298
1753775276.8623765
1753775276.8856468
1753775276.9196827
1753775276.9608197
1753775276.9849753
1753775277.0131261
1753775277.0559478
1753775277.0817306
1753775277.117682
1753775277.1461349
1753775277.175609
1753775277.211265
1753775277.236383
1753775277.2732394
1753775277.2970726
1753775277.3219686
1753775277.3438265
1753775277.3646102
1753775277.38135
1753775277.3993485
1753775277.4168823
1753775277.4357607
1753775277.450249
1753775277.4667988
1753775277.4845023
1753775277.5045025
1753775277.5262558
1753775277.5490801
1753775277.5563052
1753775277.5793595
1753775277.6035466
1753775277.6287625
1753775277.6546495
1753775277.6847785
1753775277.712551
1753775277.7529588
1753775277.779368
1753775277.8071227
1753775277.8442492
1753775277.8717463
1753775277.898921
1753775277.9261556
1753775277.95265
1753775277.9771302
1753775278.029172
1753775278.0516305
1753775278.0842206
1753775278.101949
1753775278.1240623
1753775278.1586587
1753775278.177383
1753775278.212837
1753775278.2244265
1753775278.2614906
1753775278.2798004
1753775278.321309
1753775278.340259
1753775278.3661523
1753775278.3889182
1753775278.4149191
1753775278.4406643
1753775278.4698262
1753775278.5056677
1753775278.5336637
1753775278.5714498
1753775278.59875
1753775278.6288397
1753775278.6722906
1753775278.7020047
1753775278.7403061
1753775278.7695694
1753775278.8079634
1753775278.836192
1753775278.8723025
1753775278.9022293
1753775278.9493785
1753775278.9795218
1753775279.0091588
1753775279.0365076
1753775279.0751941
1753775279.1051993
1753775279.1426327
1753775279.168971
1753775279.212519
1753775279.251739
1753775279.2838926
1753775279.325684
1753775279.3636084
1753775279.3941758
1753775279.4336386
1753775279.4637706
1753775279.5118523
1753775279.5585985
1753775279.598833
1753775279.6443112
1753775279.6802578
1753775279.7242985
1753775279.76421
1753775279.7938468
1753775279.8361912
1753775279.8746173
1753775279.9088326
1753775279.95325
1753775279.9896517
1753775280.0364592
1753775280.0667787
1753775280.1130366
1753775280.1558924
1753775280.192898
1753775280.2603977
1753775280.3037765
1753775280.350982
1753775280.386921
1753775280.4144378
1753775280.4532254
1753775280.4938865
1753775280.5265083
1753775280.5689416
1753775280.59746
1753775280.6334825
1753775280.6665585
1753775280.703955
1753775280.7357352
1753775280.7785556
1753775280.8102365
1753775280.8535316
1753775280.8931527
1753775280.924739
1753775280.9684906
1753775281.006586
1753775281.0514219
1753775281.0940022
1753775281.1242404
1753775281.1599803
1753775281.1872494
1753775281.2258158
1753775281.2534862
1753775281.2924864
1753775281.3216214
1753775281.3614442
1753775281.4062517
1753775281.4350164
1753775281.4434288
1753775281.4858007
1753775281.5183482
1753775281.5594516
1753775281.5877345
1753775281.6267455
1753775281.6562421
1753775281.7003007
1753775281.7274323
1753775281.7673929
1753775281.7944548
1753775281.834683
1753775281.8593729
1753775281.9006097
1753775281.9256349
1753775281.963614
1753775281.9889677
1753775282.0172396
1753775282.0448399
1753775282.07179
1753775282.110972
1753775282.136148
1753775282.1743834
1753775282.201801
1753775282.2285411
1753775282.2667499
1753775282.2947946
1753775282.3416395
1753775282.37269
1753775282.4148326
1753775282.4382517
1753775282.4774148
1753775282.5055444
1753775282.5448744
1753775282.5741577
1753775282.6050048
1753775282.6401289
1753775282.6674116
1753775282.6971714
1753775282.7853663
1753775282.8906581
1753775282.9492733
1753775283.0326152
1753775283.0835261
1753775283.1620991
1753775283.2214372
1753775283.2981763
1753775283.3620243
1753775283.4063563
1753775283.4655528
1753775283.5341153
1753775283.6250563
1753775283.6815674
1753775283.7566798
1753775283.8027723
1753775283.8740335
1753775283.9252584
1753775284.0182924
1753775284.0672474
1753775284.1802473
1753775284.2371938
1753775284.2853413
1753775284.3473535
1753775284.4121544
1753775284.4606152
1753775284.5295138
1753775284.5874484
1753775284.627588
1753775284.6791902
1753775284.7157977
1753775284.7553349
1753775284.8107493
1753775284.8456018
1753775284.8944364
1753775284.95495
1753775284.9936385
1753775285.0648332
1753775285.179695
1753775285.2628057
1753775285.3553007
1753775285.4497252
1753775285.5811293
1753775285.6908484
1753775285.844321
1753775285.9699516
1753775286.1066606
1753775286.1798913
1753775286.2342265
1753775286.268752
1753775991.619329
1753775991.6754096
1753775991.7434084
1753775991.783224
1753775991.8249242
1753775991.8502054
1753775991.8908567
1753775991.9213886
1753775991.961292
1753775991.987362
1753775992.0166614
1753775992.0441558
1753775992.0862021
1753775992.1118884
1753775992.1398087
1753775992.1812673
1753775992.2188337
1753775992.2500432
1753775992.2930303
1753775992.322624
1753775992.3507016
1753775992.3829737
1753775992.4219167
1753775992.453912
1753775992.494216
1753775992.5224242
1753775992.5676324
1753775992.6012266
1753775992.6300383
1753775992.6588438
1753775992.6963289
1753775992.7200904
1753775992.75945
1753775992.7995226
1753775992.8262968
1753775992.8652418
1753775992.8960302
1753775992.9348445
1753775992.9782903
1753775993.0045013
1753775993.039995
1753775993.0681527
1753775993.1190927
1753775993.1584637
1753775993.1890006
1753775993.2190323
1753775993.2464552
1753775993.275182
1753775993.3181274
1753775993.3442495
1753775993.3832445
1753775993.410748
1753775993.4504778
1753775993.4783132
1753775993.505922
1753775993.5314064
1753775993.555058
1753775993.5809386
1753775993.6044207
1753775993.6268487
1753775993.6494315
1753775993.668718
1753775993.6871362
1753775993.7050614
1753775993.7243135
1753775993.7460413
1753775993.7719696
1753775993.8150513
1753775993.8393264
1753775993.8795006
1753775993.9146152
1753775993.9524124
1753775993.9929311
1753775994.015661
1753775994.043526
1753775994.0911937
1753775994.1189961
1753775994.1580608
1753775994.1927328
1753775994.2260532
1753775994.2624204
1753775994.2926345
1753775994.3415077
1753775994.3678167
1753775994.404864
1753775994.426898
1753775994.4485679
1753775994.4659598
1753775994.4834409
1753775994.5014973
1753775994.5237477
1753775994.5410318
1753775994.5639415
1753775994.5863888
1753775994.6108701
1753775994.6368458
1753775994.6658683
1753775994.6741638
1753775994.6994689
1753775994.7263577
1753775994.7591162
1753775994.7933445
1753775994.8403678
1753775994.8738072
1753775994.916569
1753775994.9470406
1753775994.9883842
1753775995.04661
1753775995.0765693
1753775995.1049142
1753775995.1370258
1753775995.1633887
1753775995.1900666
1753775995.2338443
1753775995.256102
1753775995.2927232
1753775995.3125193
1753775995.3446834
1753775995.4021904
1753775995.4321682
1753775995.4936829
1753775995.5127707
1753775995.56814
1753775995.5886223
1753775995.6376686
1753775995.6567914
1753775995.6837459
1753775995.7084641
1753775995.7339368
1753775995.7655575
1753775995.808106
1753775995.8550234
1753775995.886613
1753775995.9317448
1753775995.9613554
1753775995.9921157
1753775996.0423532
1753775996.0740595
1753775996.129402
1753775996.1686158
1753775996.2185009
1753775996.2513652
1753775996.309622
1753775996.3584497
1753775996.4428334
1753775996.4803166
1753775996.515397
1753775996.5498788
1753775996.6123836
1753775996.655288
1753775996.7049735
1753775996.7402537
1753775996.802596
1753775996.8500497
1753775996.895001
1753775996.9613135
1753775997.0038824
1753775997.0402977
1753775997.0969603
1753775997.1316812
1753775997.1876345
1753775997.245493
1753775997.2857563
1753775997.340015
1753775997.3754876
1753775997.4235322
1753775997.4665062
1753775997.5016732
1753775997.5481224
1753775997.5914965
1753775997.6326084
1753775997.683668
1753775997.7212698
1753775997.7796218
1753775997.8322983
1753775997.8836067
1753775997.9263418
1753775997.9617264
1753775998.007242
1753775998.052482
1753775998.0989254
1753775998.143698
1753775998.1776226
1753775998.2296932
1753775998.2745833
1753775998.3112686
1753775998.3635721
1753775998.4011
1753775998.448426
1753775998.4872222
1753775998.5291402
1753775998.5635004
1753775998.6098917
1753775998.6441522
1753775998.7102647
1753775998.7546544
1753775998.7972267
1753775998.8484397
1753775998.8808527
1753775998.9241354
1753775998.9769824
1753775999.0070164
1753775999.0429544
1753775999.0740476
1753775999.1328146
1753775999.192107
1753775999.2506893
1753775999.2927344
1753775999.3422725
1753775999.4061146
1753775999.4677336
1753775999.477929
1753775999.535721
1753775999.57491
1753775999.6231718
1753775999.6750312
1753775999.7262738
1753775999.7620847
1753775999.8070946
1753775999.8406274
1753775999.8899896
1753775999.9353547
1753775999.9807684
1753776000.0089266
1753776000.0625608
1753776000.105314
1753776000.1782794
1753776000.235286
1753776000.2773974
1753776000.3140726
1753776000.3513007
1753776000.405879
1753776000.4412317
1753776000.499
1753776000.5507588
1753776000.5925248
1753776000.7003596
1753776000.7720463
1753776000.85329
1753776000.9071064
1753776000.96648
1753776000.9997506
1753776001.052583
1753776001.0976708
1753776001.1549926
1753776001.2069159
1753776001.263841
1753776001.326593
1753776001.3843658
1753776001.46941
1753776001.5388398
1753776001.599131
1753776001.6538174
1753776001.7346177
1753776001.7998168
1753776001.8768008
1753776001.9217875
1753776001.9846518
1753776002.0374231
1753776002.0717704
1753776002.1230505
1753776002.1542218
1753776002.2099125
1753776002.244739
1753776002.2901213
1753776002.3291128
1753776002.3927999
1753776002.446047
1753776002.5198467
1753776002.558115
1753776002.6187837
1753776002.672287
1753776002.7191365
1753776002.7727869
1753776002.840298
1753776002.8836322
1753776002.9319925
1753776002.9784477
1753776003.0144324
1753776003.0652478
1753776003.0990252
1753776003.1324766
1753776003.1912663
1753776003.220171
1753776003.2584734
1753776003.3054845
1753776003.3490763
1753776003.3839657
1753776003.4197283
1753776003.4591568
1753776003.4946623
1753776003.529621
1753776003.5877733
1753776003.6352344
1753776003.7080405
1753776003.7401242
1753776003.7706327
1753776003.8094277
1753776003.8534126
1753776003.8847725
1753776684.293531
1753776684.3172243
1753776684.3867023
1753776684.4288821
1753776684.478457
1753776684.5092616
1753776684.5549386
1753776684.583336
1753776684.6324747
1753776684.6657956
1753776684.7044563
1753776684.7412803
1753776684.7939272
1753776684.8306944
1753776684.8721228
1753776684.9236925
1753776684.9681199
1753776685.0014255
1753776685.0449839
1753776685.0780482
1753776685.111826
1753776685.1487997
1753776685.183669
1753776685.2182956
1753776685.261212
1753776685.2944586
1753776685.3370867
1753776685.369521
1753776685.4027228
1753776685.436427
1753776685.4805834
1753776685.509404
1753776685.5503726
1753776685.5912957
1753776685.6233277
1753776685.6652403
1753776685.702912
1753776685.7445173
1753776685.800218
1753776685.8335016
1753776685.8762069
1753776685.910778
1753776685.9600039
1753776685.994243
1753776686.027413
1753776686.0580633
1753776686.0917428
1753776686.1267016
1753776686.1780038
1753776686.211342
1753776686.2638423
1753776686.299708
1753776686.3492496
1753776686.3834019
1753776686.415217
1753776686.4494894
1753776686.4814873
1753776686.508748
1753776686.5370061
1753776686.562357
1753776686.588946
1753776686.608402
1753776686.6287577
1753776686.6488714
1753776686.6679025
1753776686.6894667
1753776686.718205
1753776686.7489657
1753776686.7777038
1753776686.8077388
1753776686.8375752
1753776686.869339
1753776686.915758
1753776686.945263
1753776686.977642
1753776687.0245037
1753776687.0568593
1753776687.1187866
1753776687.1672635
1753776687.2045915
1753776687.250777
1753776687.2848544
1753776687.3274755
1753776687.3558838
1753776687.3835402
1753776687.4089067
1753776687.43644
1753776687.4602203
1753776687.4867072
1753776687.5111356
1753776687.5351026
1753776687.553016
1753776687.573522
1753776687.5942218
1753776687.6199622
1753776687.6471393
1753776687.6767404
1753776687.686773
1753776687.7135386
1753776687.7444735
1753776687.7788317
1753776687.8135288
1753776687.845525
1753776687.8791585
1753776687.9209146
1753776687.9553294
1753776687.9908814
1753776688.0381548
1753776688.0725946
1753776688.1076715
1753776688.1389532
1753776688.1740718
1753776688.204046
1753776688.2486172
1753776688.2743442
1753776688.3158112
1753776688.3371987
1753776688.367555
1753776688.4093308
1753776688.4299958
1753776688.4739797
1753776688.4881728
1753776688.5369663
1753776688.5591679
1753776688.6076245
1753776688.6301577
1753776688.6618097
1753776688.6902392
1753776688.7212145
1753776688.7532878
1753776688.7908864
1753776688.8320255
1753776688.866148
1753776688.910389
1753776688.9436247
1753776688.9793365
1753776689.0280364
1753776689.0630932
1753776689.1062608
1753776689.144662
1753776689.1992843
1753776689.239396
1753776689.2882667
1753776689.3268023
1753776689.39786
1753776689.442969
1753776689.4814692
1753776689.519448
1753776689.565296
1753776689.6069105
1753776689.6489484
1753776689.6769218
1753776689.725132
1753776689.768458
1753776689.8066182
1753776689.8500798
1753776689.8917427
1753776689.9261584
1753776689.970928
1753776690.005364
1753776690.0567503
1753776690.1123433
1753776690.1475701
1753776690.1925666
1753776690.2274861
1753776690.274768
1753776690.3169138
1753776690.3513825
1753776690.3990564
1753776690.4438183
1753776690.4804103
1753776690.5322037
1753776690.5714242
1753776690.6247463
1753776690.6606977
1753776690.70476
1753776690.7514622
1753776690.7910504
1753776690.8412414
1753776687.8975081
1753776687.9431684
1753776687.979565
1753776688.0072935
1753776688.047385
1753776688.0911198
1753776688.1250334
1753776688.1692128
1753776688.2033458
1753776688.2454667
1753776688.2776062
1753776688.3177474
1753776688.3497808
1753776688.3910284
1753776688.423264
1753776688.4663734
1753776688.5086124
1753776688.5422997
1753776688.5987139
1753776688.6399918
1753776688.6892262
1753776688.736839
1753776688.7740793
1753776688.8134704
1753776688.8436165
1753776688.8848784
1753776688.9180722
1753776688.9636805
1753776688.9961944
1753776689.0464208
1753776689.093528
1753776689.1246057
1753776689.1333942
1753776689.173769
1753776689.208825
1753776689.2485058
1753776689.2836146
1753776689.3281176
1753776689.3579602
1753776689.4017982
1753776689.432658
1753776689.4806435
1753776689.5115094
1753776689.5527213
1753776689.580022
1753776689.6203158
1753776689.6476462
1753776689.6876705
1753776689.715435
1753776689.7471507
1753776689.7773721
1753776689.8102648
1753776689.8506157
1753776689.879347
1753776689.923226
1753776689.9548163
1753776689.9860003
1753776690.0404801
1753776690.0735803
1753776690.1187315
1753776690.1509929
1753776690.1951241
1753776690.218556
1753776690.260503
1753776690.2929761
1753776690.338061
1753776690.3681922
1753776690.4006364
1753776690.4397347
1753776690.4719806
1753776690.5048223
1753776690.5479567
1753776690.582645
1753776690.6192517
1753776690.665226
1753776690.6986518
1753776690.749871
1753776690.7819326
1753776690.8129413
1753776690.857562
1753776690.891668
1753776690.9472077
1753776690.9857724
1753776691.0356174
1753776691.0702965
1753776691.1098394
1753776691.138539
1753776691.1863172
1753776691.2178206
1753776691.2630544
1753776691.294481
1753776691.3418317
1753776691.3880527
1753776691.4255977
1753776691.4597993
1753776691.5015175
1753776691.5362077
1753776691.5785244
1753776691.624742
1753776691.658644
1753776691.7043633
1753776691.7400284
1753776691.778275
1753776691.8344429
1753776691.8650603
1753776691.9023051
1753776691.9489045
1753776691.9822147
1753776692.0192842
1753776692.0593283
1753776692.093985
1753776692.1305423
1753776692.1700215
1753776692.2137437
1753776692.2475507
1753776692.2925801
1753776692.3271883
1753776692.361822
1753776692.4029791
1753776692.4521976
1753776692.4849339
1753777498.9992533
1753777499.0340447
1753777499.0971851
1753777499.1904922
1753777499.2554972
1753777499.2867804
1753777499.3320155
1753777499.3577986
1753777496.439162
1753777496.4659061
1753777496.5009413
1753777496.5358207
1753777496.5830946
1753777496.612039
1753777501.8140914
1753777501.8648572
1753777501.9233017
1753777501.9553075
1753777501.9961677
1753777502.027093
1753777502.058854
1753777496.8779395
1753777496.9240704
1753777496.9700513
1753777497.0176613
1753777497.0509357
1753777497.0913172
1753777497.12181
1753777497.152412
1753777497.1966639
1753777497.2433074
1753777497.2750137
1753777497.325777
1753777497.3736317
1753777497.4091656
1753777497.46898
1753777497.5352426
1753777497.6062183
1753777497.648315
1753777497.6798542
1753777497.7205365
1753777497.75062
1753777497.798027
1753777497.826726
1753777497.862441
1753777497.890186
1753777497.916798
1753777497.9543674
1753777498.0184042
1753777498.0573838
1753777498.1100843
1753777498.146321
1753777498.1949174
1753777498.2385063
1753777498.2681684
1753777498.296348
1753777498.326226
1753777498.3495457
1753777498.373599
1753777498.40163
1753777498.4239616
1753777498.4438446
1753777498.4645965
1753777498.4926057
1753777498.5108902
1753777498.530683
1753777498.5523279
1753777498.5758338
1753777498.6024745
1753777498.6284695
1753777498.6520169
1753777498.685972
1753777498.7266865
1753777498.7553551
1753777498.789903
1753777498.8346689
1753777498.862689
1753777498.906962
1753777498.9370956
1753777498.9701238
1753777499.0233786
1753777499.1182
1753777499.188481
1753777499.2172103
1753777499.2482266
1753777499.2756379
1753777499.3005934
1753777499.3189604
1753777499.3411505
1753777499.3619056
1753777499.384421
1753777499.4017053
1753777499.4193878
1753777499.4384272
1753777499.4714313
1753777499.5005836
1753777499.5347533
1753777499.5475366
1753777499.5775013
1753777499.6104176
1753777499.6395977
1753777499.665648
1753777499.7059827
1753777499.7382584
1753777499.7770848
1753777499.809234
1753777499.8434322
1753777499.9127762
1753777500.0191483
1753777500.0662692
1753777500.0962362
1753777500.125699
1753777500.1521554
1753777500.1914823
1753777500.2130218
1753777500.2509496
1753777500.2700675
1753777500.2964714
1753777500.3335705
1753777500.3526528
1753777500.3935902
1753777500.4076393
1753777500.4511514
1753777500.4706872
1753777500.5124557
1753777500.5314252
1753777500.5588753
1753777500.58179
1753777500.6094062
1753777500.6356683
1753777500.6616914
1753777500.7100694
1753777500.743985
1753777500.7853777
1753777500.8132863
1753777500.842248
1753777500.8806796
1753777500.9104786
1753777500.9480884
1753777500.9782734
1753777501.017071
1753777501.0459573
1753777501.0983114
1753777501.1285799
1753777501.174669
1753777501.2041192
1753777501.2341354
1753777501.264745
1753777501.3050795
1753777501.3362901
1753777501.3739712
1753777501.4000287
1753777501.4396753
1753777501.4783144
1753777501.5078819
1753777501.5464256
1753777501.5975995
1753777501.6272533
1753777501.6642137
1753777501.6924472
1753777501.7374334
1753777501.7824376
1753777501.813771
1753777501.8519788
1753777501.8830256
1753777501.9241884
1753777501.9610927
1753777501.9914155
1753777502.0316522
1753777502.0696752
1753777502.1028142
1753777502.145741
1753777502.1758707
1753777502.2198856
1753777502.2486389
1753777502.2900026
1753777502.3295393
1753777502.3623998
1753777502.4067357
1753777502.4360392
1753777502.4751444
1753777502.510811
1753777502.5373647
1753777502.5782716
1753777502.6166837
1753777502.6476052
1753777502.6866522
1753777502.7171946
1753777502.754935
1753777502.7838738
1753777502.8195114
1753777502.8478162
1753777502.885087
1753777502.913315
1753777502.9521432
1753777502.9910522
1753777503.0209086
1753777503.0632412
1753777503.0955353
1753777503.1405504
1753777503.1790235
1753777503.2085795
1753777503.244006
1753777503.2717464
1753777503.3112962
1753777503.339562
1753777503.3814886
1753777503.4108567
1753777503.4508607
1753777503.4950943
1753777503.5226471
1753777503.5302503
1753777503.5683541
1753777503.6029525
1753777503.640058
1753777503.6678336
1753777503.7067127
1753777503.734505
1753777503.7709055
1753777503.79732
1753777503.836952
1753777503.863736
1753777503.9025037
1753777503.9272673
1753777503.9639142
1753777503.9893687
1753777504.0271323
1753777504.0583978
1753777504.0866427
1753777504.1185648
1753777504.146999
1753777504.1878161
1753777504.2131848
1753777504.2509975
1753777504.2778044
1753777504.3046887
1753777504.344764
1753777504.3701565
1753777504.4076483
1753777504.4348817
1753777504.473967
1753777504.4964273
1753777504.535159
1753777504.56418
1753777504.6035798
1753777504.6341221
1753777504.665306
1753777504.701491
1753777504.7284777
1753777504.7558882
1753777504.7949064
1753777504.8240948
1753777504.8524547
1753777504.8907726
1753777504.9189408
1753777504.957063
1753777504.9840422
1753777505.0135496
1753777505.0515664
1753777505.079729
1753777505.121595
1753777505.1518269
1753777505.194031
1753777505.2235475
1753777505.2669797
1753777505.2970312
1753777505.342644
1753777505.3735452
1753777505.415901
1753777505.44656
1753777505.4903414
1753777505.527849
1753777505.5570283
1753777505.5874064
1753777505.6252058
1753777505.655619
1753777505.6964855
1753777505.7339678
1753777505.7636974
1753777505.8036673
1753777505.831265
1753777505.8600655
1753777505.9042907
1753777505.9286032
1753777505.9580307
1753777506.000366
1753777506.0292575
1753777506.060819
1753777506.0950954
1753777506.1275911
1753777506.1589816
1753777506.188734
1753777506.2260003
1753777506.25389
1753777506.2910855
1753777506.320645
1753777506.3518078
1753777506.384352
1753777506.4256265
1753777506.4612527
