1753774076.9154751
1753774076.9511695
1753774076.9924152
1753774077.0187824
1753774077.0573077
1753774077.0939991
1753774077.1354408
1753774077.1655028
1753774077.2046533
1753774077.2407982
1753774077.2779307
1753774077.3037136
1753774077.3400164
1753774077.3675656
1753774077.4060965
1753774077.4330554
1753774077.4593685
1753774077.495411
1753774077.5211265
1753774077.558087
1753774077.6029346
1753774077.6295125
1753774077.667611
1753774077.6959343
1753774077.739528
1753774077.7809293
1753774077.8121789
1753774077.8583822
1753774077.9008822
1753774077.92926
1753774077.9749396
1753774078.0022678
1753774078.0438945
1753774078.0688295
1753774078.1065173
1753774078.1346698
1753774078.1710503
1753774078.1974204
1753774078.2351842
1753774078.260531
1753774078.30186
1753774078.3300705
1753774078.3680592
1753774078.3959408
1753774078.4321322
1753774078.4713292
1753774078.4971645
1753774078.5324693
1753774078.5790455
1753774078.6057398
1753774078.6429987
1753774078.6725647
1753774078.7087018
1753774078.746402
1753774078.7720544
1753774078.8095453
1753774078.8373873
1753774078.8787389
1753774078.9056451
1753774078.9439583
1753774078.9698045
1753774078.9952056
1753774079.0210228
1753774079.0280008
1753774079.065509
1753774079.0934713
1753774079.1331666
1753774079.1613262
1753774079.2015653
1753774079.2298064
1753774079.2709188
1753774079.2999513
1753774079.3425148
1753774079.3798954
1753774079.4055772
1753774079.4326751
1753774079.470843
1753774079.4971788
1753774079.535524
1753774079.5693378
1753774079.6044838
1753774079.6323256
1753774079.6767433
1753774079.7043545
1753774079.7316184
1753774079.7706769
1753774079.8091261
1753774079.838687
1753774079.8771296
1753774079.904384
1753774079.9424117
1753774079.9712877
1753774080.0101023
1753774080.0315213
1753774080.0679286
1753774080.094803
1753774080.1204011
1753774080.1465232
1753774080.172287
1753774080.211736
1753774080.238866
1753774080.274799
1753774080.300401
1753774080.338048
1753774080.3634226
1753774080.402237
1753774080.426172
1753774080.4602544
1753774080.4856057
1753774080.5112593
1753774080.5360897
1753774080.5599217
1753774080.5962794
1753774080.6239688
1753774080.6616118
1753774080.6874027
1753774080.7145834
1753774080.7542355
1753774080.7897325
1753774080.8152635
1753774080.8511753
1753774080.877413
1753774080.9121819
1753774080.9343622
1753774080.9607928
1753774080.990676
1753774081.0256662
1753774081.0518343
1753774081.0807438
1753774081.122582
1753774081.1514645
1753774081.1792316
1753774081.2051656
1753774081.2425458
1753774081.27081
1753774081.2985783
1753774081.336292
1753774081.3650908
1753774081.411827
1753774081.4632702
1753774081.4952383
1753774081.5360136
1753774081.575202
1753774081.6030104
1753774081.641317
1753774081.670315
1753774081.709578
1753774081.7495635
1753774081.7891328
1753774081.8173769
1753774081.8577213
1753774081.8848894
1753774081.9237907
1753774081.949508
1753774081.9872568
1753774082.01806
1753774082.0646338
1753774082.0934734
1753774082.1388822
1753774082.1686003
1753774082.197163
1753774082.2345493
1753774082.2632864
1753774082.300189
1753774082.3303888
1753774082.3678083
1753774082.3957977
1753774082.42403
1753774082.4618459
1753774082.4896007
1753774082.5258677
1753774082.5578814
1753774082.6008377
1753774082.6332192
1753774082.674117
1753774082.7021372
1753774082.7402637
1753774082.7684536
1753774082.8064554
1753774082.8355849
1753774082.87797
1753774082.90865
1753774082.9503956
1753774082.9829955
1753774083.017813
1753774083.0473704
1753774083.0869596
1753774083.1331904
1753774083.1650429
1753774083.2041001
1753774083.2442923
1753774083.273099
1753774083.307037
1753774083.3360698
1753774083.3749032
1753774083.4037476
1753774083.446751
1753774083.4762106
1753774083.5153944
1753774083.5441954
1753774083.5882618
1753774083.618508
1753774083.6625915
1753774083.6920164
1753774083.7294362
1753774083.7618685
1753774083.8089902
1753774083.8404117
1753774083.8804045
1753774083.9083397
1753774083.943387
1753774083.970775
1753774084.0084858
1753774084.0303679
1753774084.0762153
1753774084.1057508
1753774084.14604
1753774084.174613
1753774084.2033305
1753774084.243121
1753774084.2719238
1753774084.2988892
1753774084.3372428
1753774084.3671536
1753774084.395163
1753774084.4370184
1753774084.4759347
1753774084.5049307
1753774084.5328224
1753774084.564335
1753774084.5933352
1753774084.6255841
1753774084.6537108
1753774084.6861088
1753774084.736713
1753774084.7681267
1753774084.7989905
1753774084.8299274
1753774084.8595796
1753774084.8678005
1753774084.9102542
1753774084.9412103
1753774084.985339
1753774085.0178883
1753774085.0761662
1753774085.1112368
1753774085.1612656
1753774085.1921961
1753774085.2415793
1753774085.2734823
1753774085.3210824
1753774085.3512385
1753774085.3914359
1753774085.4208403
1753774085.4626675
1753774085.4943185
1753774085.544482
1753774085.5733612
1753774085.6115613
1753774085.6389244
1753774085.676668
1753774085.704028
1753774085.7412734
1753774085.7700293
1753774085.8113954
1753774085.8412116
1753774085.882618
1753774085.91161
1753774085.9387813
1753774085.9667263
1753774085.996931
1753774086.0236375
1753774086.0670195
1753774086.1025014
1753774086.1252246
1753774086.1668959
1753774086.1937416
1753774086.2292738
1753774086.25531
1753774086.2938955
1753774086.320956
1753774086.3588223
1753774086.3873427
1753774086.4215865
1753774086.4635763
1753774086.4933412
1753774086.5356746
1753774086.5740116
1753774086.6014478
1753774086.6411123
1753774086.6721616
1753774086.719123
1753774086.7543654
1753774086.7825942
1753774086.820135
1753774086.8518126
1753774086.8912716
1753774086.922533
1753774086.963203
1753774087.0135262
1753774087.041655
1753774865.7743132
1753774865.8248062
1753774865.869923
1753774865.8984318
1753774865.9505787
1753774865.9854999
1753774866.0347755
1753774866.0677247
1753774866.1127095
1753774866.1803448
1753774866.2393618
1753774866.2700605
1753774866.3098
1753774866.341641
1753774866.3822687
1753774866.421314
1753774866.458731
1753774866.5027814
1753774866.5321467
1753774866.5755048
1753774866.6172786
1753774866.6476192
1753774866.6913064
1753774866.7445788
1753774866.8372462
1753774866.893385
1753774866.9327161
1753774866.9905183
1753774867.051618
1753774867.0881262
1753774867.1373818
1753774867.168285
1753774867.2117066
1753774867.238371
1753774867.2794232
1753774867.3099582
1753774867.3494587
1753774867.382035
1753774867.472018
1753774867.5175836
1753774867.5727298
1753774867.6094651
1753774867.695254
1753774867.7315483
1753774867.7757564
1753774867.8430643
1753774867.8892965
1753774867.9688022
1753774868.0432062
1753774868.0896568
1753774868.1545894
1753774868.210464
1753774868.263377
1753774868.3254669
1753774868.3964188
1753774868.554634
1753774868.6366847
1753774868.707948
1753774868.7486093
1753774868.8338833
1753774868.8898273
1753774868.9432247
1753774868.981993
1753774868.9934573
1753774869.0426242
1753774869.092909
1753774869.1496606
1753774869.1951969
1753774869.258827
1753774869.3240814
1753774869.4251983
1753774869.4955215
1753774869.5504386
1753774869.5960412
1753774869.6292424
1753774869.6696186
1753774869.730339
1753774869.7718434
1753774869.82161
1753774869.8594515
1753774869.9056997
1753774869.9403296
1753774869.9921288
1753774870.0256414
1753774870.0663617
1753774870.1601982
1753774870.230064
1753774870.2696686
1753774870.3191144
1753774870.3509696
1753774870.3933663
1753774870.423946
1753774870.4731143
1753774870.508666
1753774870.5603023
1753774870.5918484
1753774870.6246214
1753774870.6582053
1753774870.6905026
1753774870.7378318
1753774870.8069155
1753774870.8732243
1753774870.9060946
1753774870.9657762
1753774870.9970703
1753774871.0392504
1753774871.0679824
1753774871.108922
1753774871.137382
1753774871.1657562
1753774871.1963987
1753774871.231733
1753774871.2708614
1753774871.3021955
1753774871.348799
1753774871.3879547
1753774871.469509
1753774871.5103734
1753774871.5641992
1753774871.594903
1753774871.639606
1753774871.6711643
1753774871.7117076
1753774871.7374241
1753774871.7657013
1753774871.795104
1753774871.8389156
1753774871.8681874
1753774871.9003043
1753774871.945701
1753774872.0017033
1753774872.0676775
1753774872.106172
1753774872.150433
1753774872.1798303
1753774872.2129667
1753774872.2620192
1753774872.295716
1753774872.345954
1753774872.3844025
1753774872.4146342
1753774872.4651613
1753774872.5311472
1753774872.574476
1753774872.6293306
1753774872.7217116
1753774872.783894
1753774872.8153982
1753774872.8551283
1753774872.8914206
1753774872.9400873
1753774872.9710336
1753774873.0238552
1753774873.054515
1753774873.0961316
1753774873.1288009
1753774873.1764984
1753774873.2086303
1753774873.263995
1753774873.3223217
1753774873.3796363
1753774873.428878
1753774873.4611752
1753774873.5017762
1753774873.534167
1753774873.573893
1753774873.6056552
1753774873.6377218
1753774873.679867
1753774873.711598
1753774873.7556229
1753774873.7901573
1753774873.8343754
1753774873.9112709
1753774873.9706976
1753774874.0021925
1753774874.042748
1753774874.075252
1753774874.1208062
1753774874.1540587
1753774874.198272
1753774874.2297013
1753774874.2700837
1753774874.2963598
1753774874.3349378
1753774874.3662512
1753774874.430177
1753774874.505206
1753774874.5407445
1753774874.5890667
1753774874.6300378
1753774874.662719
1753774874.703671
1753774874.7402682
1753774874.7906642
1753774874.8244112
1753774874.8719804
1753774874.9068217
1753774874.9466465
1753774875.0059319
1753774875.0727432
1753774875.1075757
1753774875.1576266
1753774875.191817
1753774875.2363946
1753774875.270811
1753774875.317368
1753774875.348195
1753774875.3897011
1753774875.4206905
1753774875.500934
1753774875.5475035
1753774875.6108806
1753774875.6426592
1753774875.6843464
1753774875.7150404
1753774875.7578936
1753774875.7897859
1753774875.8230703
1753774875.869782
1753774875.9035828
1753774875.9450722
1753774876.0497746
1753774876.0877132
1753774876.1209934
1753774876.1689186
1753774876.2124987
1753774876.244818
1753774876.2768774
1753774876.3093467
1753774876.3467689
1753774876.378017
1753774876.4123256
1753774876.4421847
1753774876.4894261
1753774876.5333104
1753774876.6038303
1753774876.643026
1753774876.6790962
1753774876.6893885
1753774876.743968
1753774876.7888832
1753774876.838304
1753774876.872511
1753774876.9375536
1753774876.9804971
1753774877.050948
1753774877.0965955
1753774877.16048
1753774877.2041216
1753774877.2956135
1753774877.3309653
1753774877.3765244
1753774877.4096265
1753774877.4544654
1753774877.4855864
1753774877.5318973
1753774877.5626855
1753774877.603787
1753774877.6332326
1753774877.6710804
1753774877.701426
1753774877.749095
1753774877.824151
1753774877.8757045
1753774877.909282
1753774877.9503272
1753774877.9807096
1753774878.0115018
1753774878.0401878
1753774878.0693102
1753774878.0972614
1753774878.141495
1753774878.179754
1753774878.205711
1753774878.252175
1753774878.281325
1753774878.3389733
1753774878.3892195
1753774878.4407096
1753774878.470037
1753774878.5110986
1753774878.5425184
1753774878.5742705
1753774878.6160326
1753774878.645668
1753774878.6855845
1753774878.7246146
1753774878.7537878
1753774878.7963433
1753774878.8250132
1753774878.9149144
1753774878.9779687
1753774879.011298
1753774879.0519545
1753774879.0818448
1753774879.1224773
1753774879.1551988
1753774879.1984408
1753774879.2431629
1753774879.274712
1753775423.189824
1753775423.233961
1753775423.2906415
1753775423.3268893
1753775423.3782969
1753775423.4135737
1753775423.4619515
1753775423.4977455
1753775423.550992
1753775423.5841227
1753775423.6304607
1753775423.6661246
1753775423.7120936
1753775423.747778
1753775423.7919555
1753775423.8247514
1753775423.8584552
1753775423.9063096
1753775423.9409852
1753775423.9855313
1753775424.0356822
1753775424.0727472
1753775424.1249971
1753775424.1592557
1753775424.2025185
1753775424.2463622
1753775424.278871
1753775424.3287618
1753775424.379727
1753775424.4215639
1753775424.4763718
1753775424.5112417
1753775424.5544722
1753775424.5829434
1753775424.6229174
1753775424.6539342
1753775424.6965513
1753775424.7313461
1753775424.7787483
1753775424.8113089
1753775424.8552897
1753775424.889857
1753775424.933989
1753775424.969312
1753775425.0143278
1753775425.0581098
1753775425.0937934
1753775425.136505
1753775425.184683
1753775425.2532628
1753775425.3360882
1753775425.4368165
1753775425.549928
1753775425.7442384
1753775425.87501
1753775426.0433257
1753775426.195102
1753775426.3134074
1753775426.361369
1753775426.40988
1753775426.490587
1753775426.5587292
1753775426.6060119
1753775426.6178212
1753775426.670462
1753775426.7123456
1753775426.767525
1753775426.8085036
1753775426.8640692
1753775426.9106598
1753775426.9697132
1753775427.0206122
1753775427.0813787
1753775427.1337845
1753775427.1714067
1753775427.210633
1753775427.261491
1753775427.2971642
1753775427.347405
1753775427.385929
1753775427.4336193
1753775427.4700203
1753775427.5212786
1753775427.5573573
1753775427.591426
1753775427.6333146
1753775427.679679
1753775427.717521
1753775427.7681103
1753775427.8056448
1753775427.8546546
1753775427.8909955
1753775427.93693
1753775427.964216
1753775428.010122
1753775428.0456088
1753775428.0881705
1753775428.1250014
1753775428.1634402
1753775428.2143745
1753775428.246776
1753775428.2957244
1753775428.3290555
1753775428.3751962
1753775428.4091554
1753775428.4580288
1753775428.4909747
1753775428.5338922
1753775428.5646749
1753775428.5948405
1753775428.6245418
1753775428.6551576
1753775428.6893063
1753775428.7224755
1753775428.7716959
1753775428.8057435
1753775428.840632
1753775428.8752446
1753775428.918129
1753775428.948727
1753775428.992673
1753775429.0230396
1753775429.067684
1753775429.0948641
1753775429.1275232
1753775429.1635404
1753775429.2150424
1753775429.2453105
1753775429.2787874
1753775429.323766
1753775429.358118
1753775429.3943703
1753775429.4315825
1753775429.4874744
1753775429.5281444
1753775429.565488
1753775429.6113918
1753775429.648075
1753775429.6970057
1753775429.7426555
1753775429.7764711
1753775429.8343437
1753775429.8869781
1753775429.9259017
1753775429.9730632
1753775430.00752
1753775430.0526462
1753775430.086303
1753775430.132958
1753775430.1708915
1753775430.2261758
1753775430.2700887
1753775430.3161902
1753775430.3461018
1753775430.390801
1753775430.4280338
1753775430.4750683
1753775430.5093896
1753775430.5622344
1753775430.6045392
1753775430.6417902
1753775430.6873882
1753775430.7234168
1753775430.7675993
1753775430.802794
1753775430.8441825
1753775430.878416
1753775430.9160886
1753775430.9633145
1753775431.0039508
1753775431.0502164
1753775431.083134
1753775431.1285558
1753775431.1663897
1753775431.2160428
1753775431.2539442
1753775431.3011153
1753775431.338965
1753775431.3887804
1753775431.4271812
1753775431.4751534
1753775431.5133572
1753775431.558293
1753775431.5892396
1753775431.6298013
1753775431.6684625
1753775431.7300413
1753775431.793741
1753775431.8301835
1753775431.8761055
1753775431.9220884
1753775431.9578712
1753775431.999294
1753775432.0385273
1753775432.0956335
1753775432.1357164
1753775432.1787868
1753775432.2166352
1753775432.2617395
1753775432.2993462
1753775432.3517313
1753775432.3907404
1753775432.4476745
1753775432.4846437
1753775432.5289643
1753775432.5647352
1753775432.6105356
1753775432.6459994
1753775432.6921468
1753775432.7283394
1753775432.7765033
1753775432.8137543
1753775432.8639464
1753775432.8911707
1753775432.9371986
1753775432.9699926
1753775433.0160336
1753775433.0536556
1753775433.087499
1753775433.1452434
1753775433.2332056
1753775433.2843955
1753775433.334028
1753775433.3698735
1753775433.4037347
1753775433.4545572
1753775433.49919
1753775433.5347254
1753775433.5738924
1753775433.6142364
1753775433.6554134
1753775433.6925957
1753775433.7318447
1753775433.7649682
1753775433.82505
1753775433.8620017
1753775433.9001198
1753775433.9415624
1753775433.9878364
1753775433.9998405
1753775434.0486674
1753775434.0858717
1753775434.131021
1753775434.1642575
1753775434.2152507
1753775434.251836
1753775434.3043184
1753775434.345145
1753775434.400278
1753775434.4352713
1753775434.4972126
1753775434.53688
1753775434.5854964
1753775434.6250198
1753775434.6819541
1753775434.718227
1753775434.76757
1753775434.8034608
1753775434.8491142
1753775434.8882425
1753775434.9363039
1753775434.968432
1753775435.0136354
1753775435.0477808
1753775435.0938208
1753775435.1285195
1753775435.1771567
1753775435.2109601
1753775435.2406876
1753775435.2708428
1753775435.3023655
1753775435.3347764
1753775435.3846462
1753775435.429132
1753775435.4639277
1753775435.5119586
1753775435.5420094
1753775435.5868456
1753775435.616763
1753775435.6612792
1753775435.6961012
1753775435.753863
1753775435.7871592
1753775435.8180182
1753775435.8597825
1753775435.8909357
1753775435.9312117
1753775435.971276
1753775436.0019798
1753775436.045294
1753775436.0794027
1753775436.1353903
1753775436.180106
1753775436.21973
1753775436.2662432
1753775436.3020275
1753775436.3488872
1753775436.3819227
1753775436.43239
1753775436.4791682
1753775436.5105383
1753776145.5454414
1753776145.5874941
1753776145.6285026
1753776145.655402
1753776145.6973603
1753776145.729338
1753776145.776001
1753776145.8068683
1753776145.8457253
1753776145.8753057
1753776145.914459
1753776145.941961
1753776145.979245
1753776146.007605
1753776146.0456412
1753776146.0735948
1753776146.1031487
1753776146.144347
1753776146.1748962
1753776146.2147088
1753776146.2566755
1753776146.2858572
1753776146.3253868
1753776146.3546522
1753776146.394609
1753776146.4334779
1753776146.4627001
1753776146.5037704
1753776146.5437279
1753776146.5743232
1753776146.6134079
1753776146.6427953
1753776146.683038
1753776146.7066216
1753776146.7451718
1753776146.7736666
1753776146.8212485
1753776146.8508093
1753776146.8893542
1753776146.916629
1753776146.9570847
1753776146.9854968
1753776147.023601
1753776147.0518007
1753776147.0896316
1753776147.1316383
1753776147.1685236
1753776147.216688
1753776147.2619116
1753776147.2906716
1753776147.3294125
1753776147.358577
1753776147.4024518
1753776147.4506643
1753776147.484493
1753776147.5343835
1753776147.569545
1753776147.6083868
1753776147.6353648
1753776147.6723495
1753776147.6995325
1753776147.7260554
1753776147.7554257
1753776147.7647989
1753776147.8017395
1753776147.8309097
1753776147.8674612
1753776147.8972614
1753776147.933081
1753776147.960687
1753776147.9978926
1753776148.0260067
1753776148.0630953
1753776148.101332
1753776148.1283314
1753776148.1570947
1753776148.1956139
1753776148.2235522
1753776148.264451
1753776148.293593
1753776148.3305724
1753776148.3595645
1753776148.4002793
1753776148.4297836
1753776148.458481
1753776148.4961107
1753776148.5354574
1753776148.563076
1753776148.6009707
1753776148.6312895
1753776148.6740928
1753776148.7041504
1753776148.7441022
1753776148.7675157
1753776148.8055377
1753776148.834404
1753776148.8622882
1753776148.8896585
1753776148.916194
1753776148.955358
1753776148.9841611
1753776149.0248945
1753776149.0535111
1753776149.0953803
1753776149.1225457
1753776149.1631973
1753776149.1909757
1753776149.229663
1753776149.2559917
1753776149.282886
1753776149.3110154
1753776149.3372633
1753776149.3663058
1753776149.3957624
1753776149.43941
1753776149.4673038
1753776149.4954562
1753776149.5253232
1753776149.574594
1753776149.6003923
1753776149.637236
1753776149.6637719
1753776149.7002409
1753776149.7240903
1753776149.7509263
1753776149.780137
1753776149.8223257
1753776149.8514073
1753776149.8818345
1753776149.9207764
1753776149.9497504
1753776149.9798915
1753776150.0083947
1753776150.0483923
1753776150.0764155
1753776150.1051302
1753776150.1427963
1753776150.1737957
1753776150.2139044
1753776150.251485
1753776150.2790878
1753776150.318824
1753776150.358197
1753776150.3891068
1753776150.4295373
1753776150.4617205
1753776150.5011783
1753776150.5306318
1753776150.5693467
1753776150.597647
1753776150.6371996
1753776150.665746
1753776150.7051358
1753776150.731192
1753776150.767523
1753776150.7965267
1753776150.8407946
1753776150.880266
1753776150.9228964
1753776150.9517357
1753776150.980137
1753776151.0171833
1753776151.0476606
1753776151.086129
1753776151.1173937
1753776151.1538765
1753776151.1843843
1753776151.2136438
1753776151.2591763
1753776151.2898905
1753776151.328849
1753776151.3597322
1753776151.399154
1753776151.4296875
1753776151.4716103
1753776151.5021474
1753776151.5427456
1753776151.5744474
1753776151.6182752
1753776151.650509
1753776151.695956
1753776151.7289557
1753776151.7694788
1753776151.7961307
1753776151.833681
1753776151.8688202
1753776151.9214559
1753776151.9701464
1753776152.0055082
1753776152.056597
1753776152.0964026
1753776152.1270576
1753776152.1632583
1753776152.193112
1753776152.2327342
1753776152.2632942
1753776152.30049
1753776152.3320005
1753776152.3699398
1753776152.4023373
1753776152.4483984
1753776152.4789507
1753776152.5239491
1753776152.5538833
1753776152.5917976
1753776152.6206024
1753776152.6600335
1753776152.690108
1753776152.7306705
1753776152.760816
1753776152.7974648
1753776152.826093
1753776152.8652291
1753776152.8902917
1753776152.9373407
1753776152.9675741
1753776153.0093515
1753776153.039223
1753776153.0691576
1753776153.1104515
1753776153.1419668
1753776153.1717732
1753776153.2088447
1753776153.2362957
1753776153.2657838
1753776153.3082335
1753776153.3481324
1753776153.3770828
1753776153.4088976
1753776153.4388044
1753776153.4701443
1753776153.4992557
1753776153.5293024
1753776153.557575
1753776153.5997696
1753776153.6302156
1753776153.656627
1753776153.6847246
1753776153.717533
1753776153.7278059
1753776153.7672067
1753776153.7990315
1753776153.8387675
1753776153.8687248
1753776153.9172933
1753776153.953728
1753776154.0014558
1753776154.0332823
1753776154.0780368
1753776154.10763
1753776154.1526523
1753776154.184243
1753776154.2242172
1753776154.254068
1753776154.2956123
1753776154.3262
1753776154.37419
1753776154.405333
1753776154.44723
1753776154.4774039
1753776154.5162096
1753776154.545579
1753776154.5840888
1753776154.6139345
1753776154.653651
1753776154.682973
1753776154.7208917
1753776154.7497349
1753776154.7768111
1753776154.8060544
1753776154.8360713
1753776154.8633475
1753776154.9042397
1753776154.939333
1753776154.9618216
1753776155.0035655
1753776155.0314257
1753776155.0698326
1753776155.096255
1753776155.1358528
1753776155.1648555
1753776155.2034814
1753776155.2314482
1753776155.2599046
1753776155.303496
1753776155.3331842
1753776155.3723893
1753776155.4108999
1753776155.439016
1753776155.4857185
1753776155.5167246
1753776155.5663145
1753776155.6034243
1753776155.6354725
1753776155.675333
1753776155.7051694
1753776155.7446773
1753776155.7731817
1753776155.810111
1753776155.8474762
1753776155.8747547
1753776827.5357237
1753776827.5746713
1753776827.6181102
1753776827.6441507
1753776827.6826067
1753776827.71235
1753776827.7552295
1753776827.7878215
1753776827.8287115
1753776827.856718
1753776827.8936472
1753776827.9240859
1753776827.9636703
1753776827.9936502
1753776828.033271
1753776828.0651364
1753776828.106952
1753776828.1438713
1753776828.1779404
1753776828.2318747
1753776828.275257
1753776828.3066092
1753776828.3496957
1753776828.3821619
1753776828.4261153
1753776828.468012
1753776828.5009809
1753776828.5552983
1753776828.5971065
1753776828.6303463
1753776828.6785016
1753776828.711671
1753776828.7555654
1753776828.7831001
1753776828.8257296
1753776828.8568285
1753776828.8998048
1753776828.9305522
1753776828.9774075
1753776829.0083463
1753776829.0525832
1753776829.0845542
1753776829.129166
1753776829.1610231
1753776829.2020721
1753776829.251917
1753776829.2874317
1753776829.3301802
1753776829.3774157
1753776829.4094408
1753776829.4526691
1753776829.4875467
1753776829.5340788
1753776829.5803885
1753776829.6213317
1753776829.679111
1753776829.7181232
1753776829.7651608
1753776829.8025584
1753776829.8474507
1753776829.8833199
1753776829.91648
1753776829.9516587
1753776829.9637036
1753776830.022242
1753776830.070268
1753776830.1238654
1753776830.1566553
1753776830.1974063
1753776830.2291417
1753776830.2701552
1753776830.302806
1753776830.3461268
1753776830.3920763
1753776830.4255037
1753776830.4576778
1753776830.5032387
1753776830.5344157
1753776830.5802672
1753776830.6154404
1753776830.6575284
1753776830.6894972
1753776830.7381148
1753776830.7708032
1753776830.8024373
1753776830.843532
1753776830.8897946
1753776830.9217606
1753776830.963008
1753776830.997017
1753776831.0452602
1753776831.0794432
1753776831.1242054
1753776831.1531177
1753776831.1962538
1753776831.2285233
1753776831.259612
1753776831.2908137
1753776831.3247178
1753776831.3739505
1753776831.4136798
1753776831.4605558
1753776831.492853
1753776831.540946
1753776831.5724156
1753776831.617787
1753776831.6472464
1753776831.689161
1753776831.7205827
1753776831.7516205
1753776831.7802854
1753776831.8093324
1753776831.842758
1753776831.8751495
1753776831.9225025
1753776831.9526477
1753776831.9835453
1753776832.0147707
1753776832.058072
1753776832.0875015
1753776832.1290586
1753776832.160648
1753776832.2004962
1753776832.227
1753776832.2574909
1753776832.2900941
1753776832.338969
1753776832.3748157
1753776832.411936
1753776832.4636183
1753776832.5014658
1753776832.5441105
1753776832.5793464
1753776832.6283529
1753776832.6634908
1753776832.6979012
1753776832.7456117
1753776832.7854466
1753776832.8327115
1753776832.8762555
1753776832.9100075
1753776832.9582124
1753776833.0074654
1753776833.0498838
1753776833.0982707
1753776833.1428244
1753776833.1917427
1753776833.229835
1753776833.2818463
1753776833.3182437
1753776833.4218328
1753776833.4784763
1753776833.5304694
1753776833.5663388
1753776833.622666
1753776833.6686342
1753776833.7254786
1753776833.7677586
1753776833.841841
1753776833.883997
1753776833.921889
1753776833.9702375
1753776834.008098
1753776834.0507157
1753776834.087511
1753776834.1304538
1753776834.1659927
1753776834.2042706
1753776834.2540565
1753776834.2891324
1753776834.3345218
1753776834.3728166
1753776834.4233522
1753776834.458913
1753776834.504807
1753776834.5506523
1753776834.6032605
1753776834.639271
1753776834.6800997
1753776834.7150774
1753776834.7589784
1753776834.7936401
1753776834.8369627
1753776834.8762045
1753776834.9209344
1753776834.953425
1753776834.9920292
1753776835.0368466
1753776835.066895
1753776835.1099446
1753776835.1573713
1753776835.1935682
1753776835.2382338
1753776835.2798676
1753776835.32061
1753776835.3513427
1753776835.388535
1753776835.4189003
1753776835.4581046
1753776835.4917493
1753776835.5443456
1753776835.5906494
1753776835.6420975
1753776835.6757011
1753776835.7180865
1753776835.7515848
1753776835.7967873
1753776835.832997
1753776835.878048
1753776835.916693
1753776835.961534
1753776835.9933534
1753776836.033502
1753776836.0568357
1753776836.0952215
1753776836.1244133
1753776836.1676989
1753776836.203816
1753776836.2350209
1753776836.2855086
1753776836.3191586
1753776836.3488834
1753776836.3855796
1753776836.414965
1753776836.4438598
1753776836.5057087
1753776836.5500817
1753776836.586214
1753776836.6213717
1753776836.6576066
1753776836.7029173
1753776836.7388437
1753776836.7762318
1753776836.8121035
1753776836.864196
1753776836.8998988
1753776836.9329433
1753776836.968522
1753776837.0076196
1753776837.0180743
1753776837.0614548
1753776837.0961723
1753776837.1390862
1753776837.1713285
1753776837.2220767
1753776837.257146
1753776837.3071866
1753776837.3427489
1753776837.3936262
1753776837.428737
1753776837.4794364
1753776837.516731
1753776837.561741
1753776837.597231
1753776837.6436775
1753776837.6774507
1753776837.7327971
1753776837.772629
1753776837.8265777
1753776837.8674464
1753776837.9144635
1753776837.9548974
1753776838.00602
1753776838.043773
1753776838.0912652
1753776838.1275294
1753776838.1737063
1753776838.2065191
1753776838.2381763
1753776838.27108
1753776838.3065007
1753776838.3392107
1753776838.3874352
1753776838.4328842
1753776838.4592602
1753776838.509621
1753776835.5916069
1753776835.6387982
1753776835.670712
1753776835.7173214
1753776835.7498763
1753776835.7937217
1753776835.8285322
1753776835.8617234
1753776835.9048316
1753776835.9389238
1753776835.9884453
1753776836.045102
1753776836.0840433
1753776836.1396167
1753776836.1812284
1753776836.2296352
1753776836.2725394
1753776836.3058157
1753776836.3511004
1753776836.3866546
1753776836.4356267
1753776836.4704463
1753776836.5141788
1753776836.5621715
1753776836.597233
1753777643.8330164
1753777643.8713145
1753777643.911806
1753777643.9380872
1753777643.9779077
1753777644.009029
1753777644.049788
1753777644.078085
1753777644.1165183
1753777644.1455312
1753777644.1859815
1753777644.2132957
1753777644.2505062
1753777644.2789454
1753777644.3161814
1753777644.3439093
1753777644.3716898
1753777644.4109678
1753777644.4394555
1753777644.4805994
1753777644.5218532
1753777644.5494795
1753777644.592938
1753777644.623444
1753777644.6641839
1753777644.7026346
1753777644.734115
1753777644.7821212
1753777644.8347373
1753777644.8664446
1753777644.9053931
1753777644.9339359
1753777644.9725962
1753777644.9965053
1753777645.0327885
1753777645.0602586
1753777645.0985575
1753777645.127148
1753777645.1662054
1753777645.1936452
1753777645.23471
1753777645.2634935
1753777645.3017046
1753777645.3318512
1753777645.369144
1753777645.4063344
1753777645.4339337
1753777645.4757798
1753777645.5286987
1753777645.5578594
1753777645.5991056
1753777645.6295335
1753777645.668577
1753777645.7067707
1753777645.736002
1753777645.777101
1753777645.8085432
1753777645.84878
1753777645.8759058
1753777645.912161
1753777645.9401343
1753777645.9666915
1753777645.9951046
1753777646.0037696
1753777646.04065
1753777646.0717254
1753777646.1085255
1753777646.1364849
1753777646.1863546
1753777646.2136478
1753777646.25121
1753777646.2792082
1753777646.3163102
1753777646.3547218
1753777646.3813117
1753777646.4098618
1753777646.4485075
1753777646.47616
1753777646.51986
1753777646.5485601
1753777646.585595
1753777646.61456
1753777646.6578135
1753777646.68733
1753777646.7165458
1753777646.752355
1753777646.792832
1753777646.825068
1753777646.86646
1753777646.8991535
1753777646.9410264
1753777646.970711
1753777647.0098276
1753777647.035179
1753777647.0740786
1753777647.1022365
1753777647.12957
1753777647.1569748
1753777647.1845176
1753777647.223353
1753777647.2516448
1753777647.2923646
1753777647.3200865
1753777647.3631344
1753777647.3908472
1753777647.4313986
1753777647.4573839
1753777647.4931405
1753777647.5189776
1753777647.5463738
1753777647.5742493
1753777647.599705
1753777647.6318777
1753777647.6602278
1753777647.7027905
1753777647.729813
1753777647.7582862
1753777647.7866719
1753777647.8272243
1753777647.853679
1753777647.8916368
1753777647.9186113
1753777647.9555411
1753777647.9794102
1753777648.0062823
1753777648.0356865
1753777648.0761964
1753777648.103081
1753777648.1303296
1753777648.17008
1753777648.1986113
1753777648.228033
1753777648.2556396
1753777648.2959669
1753777648.3249645
1753777648.35286
1753777648.3912525
1753777648.421411
1753777648.4632287
1753777648.5026271
1753777648.5304592
1753777648.5724025
1753777648.6118717
1753777648.6422398
1753777648.6823502
1753777648.712712
1753777648.752289
1753777648.7803836
1753777648.8174047
1753777648.846524
1753777648.8870382
1753777648.9171495
1753777648.9580357
1753777648.9851623
1753777649.0224319
1753777649.0538363
1753777649.102047
1753777649.1310108
1753777649.1735818
1753777649.2030578
1753777649.2321506
1753777649.2710211
1753777649.3010461
1753777649.3388238
1753777649.37022
1753777649.4072924
1753777649.4372337
1753777649.4660196
1753777649.505165
1753777646.5661364
1753777646.6064725
1753777646.6360118
1753777646.6737595
1753777646.7045634
1753777646.7461348
1753777646.7758727
1753777646.815667
1753777646.84512
1753777652.0966713
1753777652.1278956
1753777652.1704252
1753777652.2019575
1753777652.2413514
1753777652.2678902
1753777652.3041968
1753777652.3342552
1753777647.1171894
1753777647.1663973
1753777647.1972659
1753777647.2365265
1753777647.276201
1753777647.3064332
1753777647.3418946
1753777647.3708925
1753777647.4083323
1753777647.4388363
1753777647.4746444
1753777647.503848
1753777647.5410917
1753777647.5713177
1753777647.6154406
1753777647.6461678
1753777647.6911678
1753777647.7211738
1753777647.7595456
1753777647.788842
1753777647.8296704
1753777647.859997
1753777647.9004877
1753777647.9310446
1753777647.9681625
1753777647.9963832
1753777648.0341346
1753777648.056249
1753777648.095353
1753777648.1243787
1753777648.1664336
1753777648.207511
1753777648.2380111
1753777648.2784178
1753777648.3109238
1753777648.3425786
1753777648.3809
1753777648.4094248
1753777648.4372563
1753777648.4789724
1753777648.517564
1753777648.5466356
1753777648.5755558
1753777648.605994
1753777648.6382644
1753777648.666156
1753777648.6953554
1753777648.7232816
1753777648.7635016
1753777648.7917645
1753777648.8176143
1753777648.8448217
1753777648.8767538
1753777648.8863761
1753777648.9249399
1753777648.9561348
1753777648.9939685
1753777649.0222805
1753777649.0676236
1753777649.0980902
1753777649.1484869
1753777649.191591
1753777649.2428527
1753777649.2726753
1753777649.3176522
1753777649.3480248
1753777649.3877432
1753777649.4160025
1753777649.4554021
1753777649.4859266
1753777649.531985
1753777649.5628667
1753777649.6028597
1753777649.6326287
1753777649.6720276
1753777649.7021775
1753777649.7405255
1753777649.7695398
1753777649.8087726
1753777649.8384345
1753777649.8781419
1753777649.9082122
1753777649.9348812
1753777649.96185
1753777649.9902275
1753777650.018022
1753777650.0594323
1753777650.0939376
1753777650.1167502
1753777650.1582355
1753777650.1870706
1753777650.2280412
1753777650.25635
1753777650.2969563
1753777650.325932
1753777650.3653624
1753777650.3933656
1753777650.4219153
1753777650.4610326
1753777650.4883087
1753777650.5267344
1753777650.56649
1753777650.5972111
1753777650.6384678
1753777650.6675985
1753777650.7087464
1753777650.7457201
1753777650.773521
1753777650.8123596
1753777650.8418226
1753777650.8815608
1753777650.9097219
1753777650.9476938
1753777650.9862535
1753777651.013362
