1753769247.8635163
1753769247.9326286
1753769247.968626
1753769248.0117216
1753769248.0360498
1753769248.0630677
1753769248.0706341
1753769248.0940356
1753769248.1201956
1753769248.1493454
1753769248.1749778
1753769248.1983612
1753769248.2224166
1753769248.2484179
1753769248.2712138
1753769248.2966676
1753769248.3247936
1753769248.382485
1753769248.4124856
1753769248.4355257
1753769248.4618638
1753769248.4877949
1753769248.5132194
1753769248.5368445
1753769248.564368
1753769248.608078
1753769248.6350155
1753769248.657881
1753769248.6817517
1753769248.7185063
1753769248.7360358
1753769248.7603657
1753769248.785481
1753769248.8113518
1753769248.8355582
1753769248.856548
1753769248.8787706
1753769248.8999813
1753769248.9238062
1753769248.9387352
1753769248.9630048
1753769248.9871154
1753769249.0090146
1753769249.028279
1753769249.0483758
1753769249.0703032
1753769249.0907142
1753769249.1095212
1753769249.1289692
1753769249.1507204
1753769249.170675
1753769249.1873453
1753769249.2163775
1753769249.2488875
1753769249.2677166
1753769249.2868307
1753769249.315285
1753769249.3408153
1753769249.3664472
1753769249.3904555
1753769249.4438298
1753769249.4759564
1753769249.5078874
1753769249.5348172
1753769249.5696218
1753769249.5969784
1753769249.623411
1753769249.6568296
1753769249.690553
1753769249.7311156
1753769249.764789
1753769249.7987638
1753769249.8263783
1753769249.8549552
1753769249.8835413
1753769249.9403074
1753769249.9711976
1753769250.0067363
1753769250.0411618
1753769250.0869987
1753769250.1201754
1753769250.1544888
1753769250.1872284
1753769250.222807
1753769250.2547338
1753769250.314229
1753769250.3497262
1753769250.3892376
1753769250.4347186
1753769250.4703841
1753769250.5054111
1753769250.53851
1753769250.5685885
1753769250.596019
1753769250.621884
1753769250.6292903
1753769250.6850119
1753769250.7198856
1753769250.7532344
1753769250.7969472
1753769250.8382142
1753769250.8813622
1753769250.9137216
1753769250.9442937
1753769250.9986002
1753769251.034366
1753769251.070399
1753769251.1000967
1753769251.1321924
1753769251.186479
1753769251.2212868
1753769251.2520535
1753769251.27988
1753769251.330972
1753769251.3695881
1753769251.4018366
1753769251.4407787
1753769251.4770231
1753769251.527462
1753769251.5554547
1753769251.5835807
1753769251.6089408
1753769251.633739
1753769251.6797578
1753769251.6919434
1753769251.7302754
1753769251.7445068
1753769251.7782097
1753769251.813268
1753769251.8246915
1753769251.8615844
1753769251.8771358
1753769251.8945782
1753769251.9261565
1753769251.940804
1753769251.9641159
1753769251.9800498
1753769252.0149395
1753769252.0306742
1753769252.0529695
1753769252.0917735
1753769252.106308
1753769252.1313858
1753769252.1567864
1753769252.175961
1753769252.1990004
1753769252.2221136
1753769252.2550502
1753769252.2892673
1753769252.3065875
1753769252.324285
1753769252.3610897
1753769252.395103
1753769252.4141202
1753769252.4504795
1753769252.4732766
1753769252.4963129
1753769252.522989
1753769252.559157
1753769252.583344
1753769252.6058273
1753769252.649185
1753769252.6847334
1753769252.7086601
1753769252.7412782
1753769252.7631452
1753769252.8067176
1753769252.8284485
1753769252.851854
1753769252.8953001
1753769252.9187047
1753769252.944396
1753769252.9800155
1753769253.003572
1753769253.0371318
1753769253.0589
1753769253.081878
1753769253.130469
1753769253.1556814
1753769253.1909013
1753769253.2294283
1753769253.2482417
1753769253.2836323
1753769253.3043082
1753769253.3243456
1753769253.372105
1753769253.403583
1753769253.442198
1753769253.4759388
1753769253.5084846
1753769253.5229394
1753769253.55331
1753769253.5951831
1753769253.6100616
1753769253.6341546
1753769253.6670802
1753769253.701019
1753769253.7157784
1753769253.732678
1753769253.7544258
1753769253.7742667
1753769253.8207605
1753769253.8443787
1753769253.8678231
1753769253.9053195
1753769253.9242942
1753769253.947723
1753769253.9794352
1753769254.0000908
1753769254.023262
1753769254.0745792
1753769254.0983348
1753769254.1210687
1753769254.1432035
1753769254.1664548
1753769254.1878202
1753769254.2091503
1753769254.2468128
1753769254.2742722
1753769254.3017573
1753769254.3270624
1753769254.3663397
1753769254.3922417
1753769254.4216454
1753769254.4529576
1753769254.4835052
1753769254.5212848
1753769254.5517855
1753769254.581218
1753769254.621408
1753769254.6518328
1753769254.6875343
1753769254.7265394
1753769254.757401
1753769254.7988453
1753769254.8266351
1753769254.877794
1753769254.9191546
1753769254.9512284
1753769254.9863915
