1753183982.6015236
1753183982.6158755
1753183982.6534562
1753183982.681084
1753183982.701476
1753183982.734736
1753183982.7586942
1753183982.7931764
1753183982.8173926
1753183982.8514276
1753183982.8754842
1753183982.910487
1753183982.9343584
1753183982.9707813
1753183982.9970477
1753183983.0371227
1753183983.0707507
1753183983.0945046
1753183983.1290274
1753183983.1519105
1753183983.188149
1753183983.212197
1753183983.2362106
1753183983.269961
1753183983.2954597
1753183983.3278077
1753183983.3518586
1753183983.3865244
1753183983.4136229
1753183983.4599867
1753183983.484914
1753183983.5281768
1753183983.5549514
1753183983.595274
1753183983.6286
1753183983.6523867
1753183983.6932766
1753183983.7347982
1753183983.759671
1753183983.7965925
1753183983.834812
1753183983.874954
1753183983.902539
1753183983.940064
1753183983.9810445
1753183984.0240502
1753183984.060735
1753183984.1036139
1753183984.1475317
1753183984.1908984
1753183984.2187417
1753183984.2504103
1753183984.2598214
1753183984.2865193
1753183984.3242717
1753183984.3511143
1753183984.389636
1753183984.4170196
1753183984.4523442
1753183984.4758976
1753183984.5053108
1753183984.5404294
1753183984.5685596
1753183984.5955856
1753183984.6302385
1753183984.6539195
1753183984.6902828
1753183984.712538
1753183984.7465034
1753183984.7656014
1753183984.8052566
1753183984.8333194
1753183984.862939
1753183984.9043179
1753183984.9324076
1753183984.9580739
1753183984.9861937
1753183985.0179794
1753183985.0481453
1753183985.0801196
1753183985.1180472
1753183985.142323
1753183985.1679513
1753183985.1932411
1753183985.220539
1753183985.2458375
1753183985.2717454
1753183985.2954378
1753183985.3193521
1753183985.352763
1753183985.375028
1753183985.4075737
1753183985.4159853
1753183985.448247
1753183985.4645312
1753183985.5027032
1753183985.5250316
1753183985.56089
1753183985.5830777
1753183985.6175191
1753183985.6367598
1753183985.6711226
1753183985.6833856
1753183985.7171712
1753183985.7296133
1753183985.7626073
1753183985.7746544
1753183985.8136723
1753183985.8291721
1753183985.855938
1753183985.8857787
1753183985.8975337
1753183985.9250202
1753183985.9363873
1753183985.9591048
1753183985.988752
1753183985.997349
1753183986.0230575
1753183986.034468
1753183986.0613506
1753183986.073519
1753183986.105716
1753183986.1180046
1753183986.1442192
1753183986.1546183
1753183986.182517
1753183986.195022
1753183986.2213285
1753183986.2333374
1753183986.248975
1753183986.2725165
1753183986.2862823
1753183986.3007908
1753183986.315843
1753183986.3311725
1753183986.3547401
1753183986.366626
1753183986.3915763
1753183986.4030848
1753183986.4326382
1753183986.444442
1753183986.4726796
1753183986.486152
1753183986.5065107
1753183986.52544
1753183986.5548863
1753183986.5676837
1753183986.5848465
1753183986.60348
1753183986.6390023
1753183986.6536686
1753183986.6788573
1753183986.7163947
1753183986.7320845
1753183986.7457576
1753183986.7756443
1753183986.808661
1753183986.8244176
1753183986.846867
1753183986.8701885
1753183986.8972082
1753183986.9267917
1753183986.958609
1753183986.9786456
1753183987.0107877
1753183987.0356035
1753183987.0603263
1753183987.096658
1753183987.1193902
1753183987.1537123
1753183987.1771035
1753183987.2129705
1753183987.2454667
1753183987.2674837
1753183987.3005977
1753183987.3370414
1753183987.358482
1753183987.3956165
1753183987.4258296
1753183987.4610975
1753183987.4825807
1753183987.5178428
1753183987.5408044
1753183987.5800328
1753183987.6008852
1753183987.6400678
1753183987.6768374
1753183987.7016294
1753183987.7371955
1753183987.760532
1753183987.7843902
1753183987.820347
1753183987.8415897
1753183987.8766
1753183987.8993132
1753183987.924383
1753183987.9489343
1753183987.985754
1753183988.0115943
1753183988.0475874
1753183988.0740695
1753183988.113687
1753183988.1392467
1753183988.17708
1753183988.2145398
1753183988.242898
1753183988.2768393
1753183988.3162875
1753183988.3447537
1753183988.380119
1753183988.4067228
1753183988.4417531
1753183988.4694898
1753183988.5114512
1753183988.5441658
1753183988.569958
1753183988.6049004
1753183988.6443255
1753183988.6593857
1753183988.6954854
1753183988.7303565
1753183988.745083
1753183988.779245
1753183988.8148117
1753183988.8398666
1753183988.8730967
1753183988.8981225
1753183988.9247458
1753183988.9603994
1753183988.9861336
1753183989.0254912
1753183989.0519276
1753183989.0790808
1753183989.111773
1753183989.145204
1753183989.172251
1753183989.1960468
1753183989.21884
1753183989.2419648
1753183989.277141
1753183989.2984343
1753183989.305429
1753183989.3333812
1753183989.366396
1753183989.3801227
1753183989.406374
1753183989.442128
1753183989.466191
1753183989.4912553
1753183989.5136619
1753183989.536743
1753183989.5712676
1753183989.5916812
1753183989.6249173
1753183989.647076
1753183989.6818597
1753183989.7143013
1753183989.7349088
1753183989.7584653
1753183989.7918596
1753183989.8129056
1753183989.8479989
1753183989.864145
1753183989.89576
1753183989.9280019
1753183989.9381387
1753183989.9542067
1753183989.9693816
1753183989.9843285
1753183990.014219
1753183990.0248253
1753183990.0593603
1753183990.0695903
1753183990.0929685
1753183990.1253886
1753183990.1575935
1753183990.1918283
1753183990.2120018
1753183990.2470498
1753183990.2709696
1753183990.2952785
1753183990.3302915
1753183990.3556042
1753183990.3912907
1753183990.4159093
1753183990.4523172
1753183990.4796376
1753183990.5151865
1753183990.5481863
1753183990.586368
1753183990.6115685
1753183990.6467977
1753183990.671193
1753183990.7095337
1753183990.7341967
1753183990.7659771
1753183990.7998273
1753183990.8243916
1753183990.8493278
1753183990.8870876
