1752502401.2086017
1752502401.2815826
1752502401.4058912
1752502401.5102854
1752502401.6059456
1752502401.7510517
1752502401.8715515
1752502402.0131938
1752502402.132552
1752502402.2629614
1752502402.4006772
1752502402.5179596
1752502402.6254098
1752502402.718223
1752502402.8127568
1752502402.901314
1752502403.023111
1752502403.1183348
1752502403.2381613
1752502403.331059
1752502403.4466376
1752502403.5487676
1752502403.685086
1752502403.778615
1752502403.9150922
1752502404.024247
1752502404.1346033
1752502404.2141504
1752502404.3491561
1752502404.4691632
1752502404.6130562
1752502404.7154512
1752502404.826967
1752502404.9172902
1752502405.0325897
1752502405.1250875
1752502405.2223234
1752502405.3087242
1752502405.4244106
1752502405.5301538
1752502405.6312442
1752502405.7711692
1752502405.873032
1752502405.9651735
1752502406.0889387
1752502406.2076654
1752502406.3526769
1752502406.4594488
1752502406.5879595
1752502406.689121
1752502406.8363442
1752502406.981135
1752502407.159909
1752502407.3274565
1752502407.5124876
1752502407.6472204
1752502407.771412
1752502407.92289
1752502408.0969057
1752502408.2500749
1752502408.409716
1752502408.496111
1752502408.5855715
1752502408.6789112
1752502408.7770014
1752502408.8907068
1752502409.0043354
1752502409.110667
1752502409.2579794
1752502409.4380283
1752502409.5956035
1752502409.750105
1752502409.9607847
1752502410.0649867
1752502410.214392
1752502410.3786626
1752502410.5444663
1752502410.7137835
1752502410.8947105
1752502411.057512
1752502411.24545
1752502411.4135554
1752502411.5705326
1752502411.7518651
1752502411.9434114
1752502412.1373706
1752502412.2898896
1752502412.4395492
1752502412.6273491
1752502412.8108623
1752502413.0024893
1752502413.188341
1752502413.3493388
1752502413.5399911
1752502413.683969
1752502413.8614483
1752502414.0575154
1752502414.2183108
1752502414.3865323
1752502414.553873
1752502414.7445066
1752502414.9417677
1752502415.125982
1752502415.303729
1752502415.4909623
1752502415.665192
1752502415.8545341
1752502416.0002353
1752502416.1977696
1752502416.3656676
1752502416.5388606
1752502416.7025535
1752502416.8828113
1752502416.964874
1752502417.094417
1752502417.2248592
1752502417.414156
1752502417.5618522
1752502417.6982253
1752502417.851799
1752502418.011676
1752502418.1735947
1752502418.3204646
1752502418.3983622
1752502418.5650635
1752502418.768547
1752502418.9354682
1752502419.1297445
1752502419.2774587
1752502419.4393365
1752502419.6352198
1752502419.7745419
1752502419.9355392
1752502420.076694
1752502420.2280464
1752502420.3707092
1752502420.5557733
1752502420.717799
1752502420.8804917
1752502421.0060778
1752502421.1574085
1752502421.287959
1752502421.4486198
1752502421.5670013
1752502421.7338593
1752502421.8797424
1752502422.0436945
1752502422.1842258
1752502422.3566914
1752502422.4751093
1752502422.6151166
1752502422.7628489
1752502422.9440465
1752502423.066724
1752502423.2324839
1752502423.3443172
1752502423.4856694
1752502423.5749536
1752502423.7168436
1752502423.8342195
1752502423.9873335
1752502424.0951757
1752502424.2823625
1752502424.3790154
1752502424.5422683
1752502424.673781
1752502424.8590944
1752502424.9931214
1752502425.174614
1752502425.3188677
1752502425.4584584
1752502425.643072
1752502425.812402
1752502425.991079
1752502426.136863
1752502426.3056614
1752502426.5138242
1752502426.673493
1752502426.8782442
1752502427.0034046
1752502427.1138473
1752502427.1781309
1752502427.3207877
1752502427.4224784
1752502427.5513196
1752502427.6817482
1752502427.8654912
1752502428.00776
1752502428.1612885
1752502428.3126347
1752502428.4563348
1752502428.5968728
1752502428.7581322
1752502428.8983157
1752502429.038377
1752502429.158228
1752502429.3225632
1752502429.4948564
1752502429.6778927
1752502429.8304508
1752502429.9913127
1752502430.1466272
1752502430.329794
1752502430.485262
1752502430.6497903
1752502430.7741487
1752502430.9176204
1752502431.0378351
1752502431.196629
1752502431.3172858
1752502431.4408207
1752502431.55235
1752502431.7249553
1752502431.8726833
1752502432.046731
1752502432.209852
1752502432.3864794
1752502432.5431097
1752502432.7023137
1752502432.9152234
1752502433.0774112
1752502433.2680795
1752502433.432967
1752502433.581072
1752502433.7293437
1752502433.8901322
1752502434.0288205
1752502434.185065
1752502434.3761373
1752502434.5315266
1752502434.7243524
1752502434.8910806
1752502435.1008005
1752502435.2740335
1752502435.4761171
1752502435.63797
1752502435.8457153
1752502436.0341468
1752502436.2161467
1752502436.393672
1752502436.5705347
1752502436.7169852
1752502436.8800457
1752502437.0312917
1752502437.215111
1752502437.3743687
1752502437.5636754
1752502437.7189207
1752502437.8569272
1752502438.0423732
1752502438.2263527
1752502438.3799264
1752502438.552115
1752502438.6973338
1752502438.8325076
1752502438.9558501
1752502439.1035914
1752502439.2466912
1752502439.3961785
1752502439.5217333
1752502439.6827261
1752502439.8452256
1752502439.9743583
1752502440.118175
1752502440.2865746
1752502440.4504395
1752502440.5931675
1752502440.7510335
1752502440.925035
1752502441.0869517
1752502441.25374
1752502441.4057577
1752502441.526516
1752502441.679168
1752502441.8515036
1752502442.0005713
1752502442.1270132
1752502442.2527227
1752502442.4249167
1752502442.6027298
1752502442.7554743
1752502442.9366229
1752502443.0999653
1752502443.2348254
1752502443.4159367
1752502443.5394852
1752502443.6947515
1752502443.862492
1752502444.0386899
1752502444.2018673
1752502444.376322
1752502444.5208685
1752502444.7024493
1752502444.8737555
1752502445.0208113
1752502445.1552846
1752502445.3008325
1752502445.4570544
1752502445.6208751
1752502445.776082
1752502445.9579127
1752502446.131153
1752502446.2696307
1752502446.4303722
1752502446.6183622
1752502446.7946162
1752502446.9011397
1752502447.0304227
1752502447.2076254
1752502447.3670359
1752502447.5221794
1752502447.677879
1752502447.8339074
1752502447.9851568
1752502448.1337607
1752502448.2410755
1752502448.3698409
1752502448.4845202
1752502448.6239018
1752502448.7528124
1752502448.9088483
1752502449.0404623
1752502449.177161
1752502449.3342962
1752502449.5115643
1752502449.6401327
1752502449.781775
1752502449.923972
1752502450.0699148
1752502450.2088954
1752502450.360566
1752502450.4965641
1752502450.615967
1752502450.7559938
1752502450.9055068
1752502451.0550928
1752502451.2228143
1752502451.350441
1752502451.486822
1752502451.6320481
1752502451.8112113
1752502451.9417007
1752502452.1427083
1752502452.315264
1752502452.5202181
1752502452.6673787
1752502452.83768
1752502452.9671824
1752502453.101746
1752502453.2594125
1752502453.4382153
1752502453.590669
1752502453.782109
1752502453.94691
1752502454.1316288
1752502454.298124
1752502454.4703665
1752502454.6203167
1752502454.735784
1752502454.8740387
