1753183856.1412334
1753183856.1565409
1753183856.1950717
1753183856.2216783
1753183856.2564383
1753183856.284572
1753183856.319932
1753183856.353601
1753183856.3896403
1753183853.448615
1753183853.4830208
1753183853.5103362
1753183853.5479827
1753183853.5788388
1753183853.6231265
1753183853.6499965
1753183853.6788106
1753183853.714735
1753183853.7418098
1753183853.783228
1753183853.818406
1753183853.84681
1753183853.8850276
1753183853.9136422
1753183853.9514499
1753183853.98468
1753183854.0117965
1753183854.0489686
1753183854.082739
1753183854.1107776
1753183854.1481504
1753183854.1763313
1753183854.2139533
1753183854.245292
1753183854.282719
1753183854.3096955
1753183854.3536975
1753183854.4076517
1753183854.4573615
1753183854.4938173
1753183854.5965328
1753183854.6377292
1753183854.6839201
1753183854.71744
1753183854.7598965
1753183854.7917256
1753183854.8283627
1753183854.8664994
1753183854.903137
1753183854.929983
1753183854.970664
1753183855.0002356
1753183855.03706
1753183855.0729527
1753183855.0986516
1753183855.1344368
1753183855.1641574
1753183855.2024052
1753183855.2294183
1753183855.2665133
1753183855.2948837
1753183855.3205504
1753183855.3459477
1753183855.3620255
1753183855.397338
1753183855.424932
1753183855.4631193
1753183855.4972618
1753183855.5371633
1753183855.5680819
1753183855.6097918
1753183855.6397586
1753183855.6784182
1753183855.7241356
1753183855.7536855
1753183855.7898633
1753183855.8298016
1753183855.857851
1753183855.893311
1753183855.9208205
1753183855.9589138
1753183855.989907
1753183856.042868
1753183856.0766103
1753183856.1032724
1753183856.1399598
1753183856.175588
1753183856.2048676
1753183856.2412345
1753183856.273417
1753183856.3139596
1753183856.3428035
1753183856.3788867
1753183856.4025815
1753183856.4382274
1753183856.4653966
1753183856.4915245
1753183856.521375
1753183856.5481086
1753183856.58374
1753183856.6108544
1753183856.6467352
1753183856.6736
1753183856.7099702
1753183856.7347777
1753183856.7715251
1753183856.7963607
1753183856.8325622
1753183856.860634
1753183856.8888633
1753183856.9188516
1753183856.9454732
1753183856.973218
1753183856.9998217
1753183857.0284839
1753183857.0565238
1753183857.0854099
1753183857.1135247
1753183857.1470788
1753183857.176703
1753183857.2133057
1753183857.2397256
1753183857.2755783
1753183857.300168
1753183857.325751
1753183857.354309
1753183857.3899884
1753183857.4153678
1753183857.4430914
1753183857.4852312
1753183857.5135725
1753183857.5421965
1753183857.5702624
1753183857.6106572
1753183857.6384294
1753183857.6654088
1753183857.7007816
1753183857.730802
1753183857.7695222
1753183857.8041916
1753183857.8322906
1753183857.86973
1753183857.9047012
1753183857.9326618
1753183857.969275
1753183857.9966748
1753183858.0342672
1753183858.0659487
1753183858.1018586
1753183858.1346858
1753183858.174335
1753183858.2033634
1753183858.2407475
1753183858.2658145
1753183858.3019724
1753183858.3346076
1753183858.370998
1753183858.3997343
1753183858.432945
1753183858.4614642
1753183858.489065
1753183858.525407
1753183858.5537436
1753183858.5889182
1753183858.6166267
1753183858.6520746
1753183858.6808867
1753183858.7143972
1753183858.7504482
1753183858.7801154
1753183858.8153052
1753183858.8448002
1753183858.881401
1753183858.913052
1753183858.9498312
1753183858.9869807
1753183859.0227783
1753183859.053528
1753183859.0934136
1753183859.1230927
1753183859.1622925
1753183859.1929588
1753183859.2284672
1753183859.2555344
1753183859.292484
1753183859.3252854
1753183859.3630471
1753183859.3956943
1753183859.4252636
1753183859.4602122
1753183859.4997668
1753183859.533745
1753183859.5648844
1753183859.5989234
1753183859.6342869
1753183859.6655524
1753183859.7009082
1753183859.7335424
1753183859.767755
1753183859.7946122
1753183859.829707
1753183859.8614569
1753183859.9015343
1753183859.945349
1753183860.0019045
1753183860.0396616
1753183860.0837212
1753183860.1145725
1753183860.1517253
1753183860.1809103
1753183860.215713
1753183860.255265
1753183860.3266943
1753183860.3534422
1753183860.3921714
1753183860.4236898
1753183860.461484
1753183860.4901655
1753183860.5209703
1753183860.5573118
1753183860.5899236
1753183860.6168253
1753183860.6482465
1753183860.6780431
1753183860.7051096
1753183860.741603
1753183860.7751567
1753183860.8041759
1753183860.830285
1753183860.859109
1753183860.8864045
1753183860.9137735
1753183860.943838
1753183860.9734614
1753183861.0121784
1753183861.032568
1753183861.057058
1753183861.0829117
1753183861.1112988
1753183861.1382887
1753183861.1470199
1753183861.1562302
1753183861.1921468
1753183861.228241
1753183861.2630067
1753183861.2911391
1753183861.328487
1753183861.3587508
1753183861.3983934
1753183861.4266927
1753183861.4628687
1753183861.4923685
1753183861.5312045
1753183861.560518
1753183861.6032789
1753183861.6322768
1753183861.6702652
1753183861.6986759
1753183861.7378561
1753183861.771575
1753183861.8079097
1753183861.8362763
1753183861.8704743
1753183861.8980749
1753183861.9353745
1753183861.9634652
1753183862.0015903
1753183862.0345454
1753183862.0635827
1753183862.0979307
1753183862.126779
1753183862.161516
1753183862.1885016
1753183862.2175543
1753183862.2411764
1753183862.2769961
1753183862.3041224
1753183862.339634
1753183862.3655293
1753183862.399915
1753183862.4274821
1753183862.4651718
1753183862.4917932
1753183862.5199153
1753183862.5547469
1753183862.5857134
1753183862.6223164
1753183862.6566792
1753183862.6837335
1753183862.7217748
1753183862.7514637
1753183862.7890081
1753183862.820869
1753183862.8467896
1753183862.8836038
1753183862.9115071
1753183862.950005
1753183862.976705
1753183863.0115206
1753183863.044587
