1752502557.2153409
1752502557.3079302
1752502557.4702566
1752502557.6692042
1752502557.8483062
1752502558.0125556
1752502558.2020006
1752502558.3446786
1752502558.6308694
1752502558.7505558
1752502558.9190142
1752502559.028287
1752502559.125237
1752502559.251624
1752502559.416359
1752502559.5739062
1752502559.771834
1752502559.936035
1752502560.1189752
1752502560.2945127
1752502560.4424875
1752502560.612086
1752502560.759176
1752502560.9186544
1752502561.0735586
1752502561.2203503
1752502561.346369
1752502561.4534032
1752502561.5423992
1752502561.7016156
1752502561.8837538
1752502562.0413039
1752502562.2144396
1752502562.3925362
1752502562.5573885
1752502562.7418945
1752502562.917448
1752502563.0529146
1752502563.2109234
1752502563.3663623
1752502563.5130138
1752502563.653643
1752502563.78581
1752502563.97838
1752502564.115993
1752502564.2746708
1752502564.461047
1752502564.6483274
1752502564.8549986
1752502564.9923658
1752502565.1618044
1752502565.309077
1752502565.4910588
1752502565.6068275
1752502565.7657707
1752502565.8890774
1752502566.0448966
1752502566.1872241
1752502566.3365335
1752502566.4415526
1752502566.6225328
1752502566.8486977
1752502566.9827087
1752502567.1715224
1752502567.3559487
1752502567.5474465
1752502567.6946716
1752502567.8761895
1752502568.0549018
1752502568.1193573
1752502568.2613225
1752502568.4127803
1752502568.5839381
1752502568.7671535
1752502568.9489527
1752502569.112299
1752502569.301882
1752502569.4737542
1752502569.6369705
1752502569.7954354
1752502569.9213831
1752502570.1161165
1752502570.2655349
1752502570.4115484
1752502570.5678265
1752502570.721298
1752502570.946624
1752502571.1310265
1752502571.3272605
1752502571.508997
1752502571.6908565
1752502571.8758636
1752502572.0599005
1752502572.2529807
1752502572.438571
1752502572.6308224
1752502572.7911267
1752502572.9605913
1752502573.1369264
1752502573.3057792
1752502573.4900491
1752502573.6779172
1752502573.867656
1752502574.052799
1752502574.2298977
1752502574.4372592
1752502574.6260083
1752502574.8164206
1752502574.9917
1752502575.1668406
1752502575.3574297
1752502575.5379763
1752502575.7371356
1752502575.9197595
1752502576.1096632
1752502576.265497
1752502576.451293
1752502576.635338
1752502576.8385193
1752502577.0151486
1752502577.1838996
1752502577.362759
1752502577.5231104
1752502577.6690981
1752502577.8109114
1752502577.93924
1752502578.1011364
1752502578.246172
1752502578.4163258
1752502578.5718606
1752502578.7266047
1752502578.8884213
1752502579.0703955
1752502579.2652636
1752502579.4581401
1752502579.6192105
1752502579.7942514
1752502579.961006
1752502580.1240978
1752502580.2799356
1752502580.4483957
1752502580.6076484
1752502580.7962294
1752502580.9728413
1752502581.1435084
1752502581.31155
1752502581.4706619
1752502581.6510422
1752502581.820853
1752502581.9889839
1752502582.1725082
1752502582.297771
1752502582.4402406
1752502582.6198387
1752502582.787655
1752502582.966027
1752502583.1297226
1752502583.2989829
1752502583.4501562
1752502583.610711
1752502583.7892425
1752502583.9761665
1752502584.1398733
1752502584.3056283
1752502584.4751341
1752502584.645823
1752502584.8144076
1752502584.9816048
1752502585.1603377
1752502585.3319147
1752502585.501358
1752502585.697085
1752502585.8520827
1752502586.0269382
1752502586.1922028
1752502586.3644614
1752502586.5289867
1752502586.7049792
1752502586.89376
1752502587.0577912
1752502587.2290134
1752502587.4246438
1752502587.588875
1752502587.753467
1752502587.918294
1752502588.0875635
1752502588.268854
1752502588.4792793
1752502588.6472547
1752502588.827464
1752502588.980309
1752502589.1016142
1752502589.264385
1752502589.429468
1752502589.6004667
1752502589.773725
1752502589.9585314
1752502590.1401875
1752502590.3378665
1752502590.5141258
1752502590.6880238
1752502590.846601
1752502591.00872
1752502591.1810634
1752502591.333461
1752502591.5010128
1752502591.6840608
1752502591.86007
