1752552022.0572715
1752552022.1008606
1752552022.1813648
1752552022.2456565
1752552022.3037941
1752552022.3794818
1752552022.4454005
1752552022.5168986
1752552022.5787687
1752552022.6537893
1752552022.7185056
1752552022.7864547
1752552022.8517802
1752552022.9255612
1752552022.9840097
1752552023.0522199
1752552023.120781
1752552023.1800349
1752552023.248615
1752552023.3049335
1752552023.3759525
1752552023.4388158
1752552023.4979627
1752552023.5544348
1752552023.6547735
1752552023.7045774
1752552023.7579226
1752552023.8163478
1752552023.8680918
1752552023.925223
1752552023.9777818
1752552024.0365558
1752552024.0870435
1752552024.148816
1752552024.2036479
1752552024.2553213
1752552024.3202913
1752552024.3861656
1752552024.4357815
1752552024.4951422
1752552024.557334
1752552024.6191788
1752552024.6780984
1752552024.7452393
1752552024.808434
1752552024.8710334
1752552024.9323792
1752552025.0052955
1752552025.1224723
1752552025.203513
1752552025.2652166
1752552025.3191617
1752552025.348338
1752552025.4027152
1752552025.4842463
1752552025.540491
1752552025.6026912
1752552025.660053
1752552025.7265468
1752552025.7819366
1752552025.8377414
1752552025.8954442
1752552025.9447227
1752552025.996094
1752552026.0527194
1752552026.1072512
1752552026.179371
1752552026.2342656
1752552026.2920601
1752552026.3438835
1752552026.419477
1752552026.4861012
1752552026.5366518
1752552026.603002
1752552026.6496108
1752552026.7059505
1752552026.7588165
1752552026.8122072
1752552026.8661945
1752552026.9333313
1752552026.9943492
1752552027.040933
1752552027.0840201
1752552027.1368876
1752552027.1809056
1752552027.2257469
1752552027.2768266
1752552027.3289313
1752552027.3770354
1752552027.4359028
1752552027.4718876
1752552027.5387318
1752552027.577704
1752552027.6338317
1752552027.6801667
1752552027.7322397
1752552027.7770984
1752552027.8343124
1752552027.87686
1752552027.9220045
1752552027.9742641
1752552028.0197678
1752552028.0463145
1752552028.2303572
1752552028.2963367
1752552028.3354642
1752552028.3658793
1752552028.4134626
1752552028.4416885
1752552028.4917555
1752552028.5427713
1752552028.5695758
1752552028.6168935
1752552028.6472437
1752552028.6847222
1752552028.734986
1752552028.7614732
1752552028.8061347
1752552028.833764
1752552028.8909972
1752552028.916171
1752552028.962557
1752552028.9873207
1752552029.0256028
1752552029.0496058
1752552029.089418
1752552029.1219742
1752552029.1671574
1752552029.1938753
1752552029.222215
1752552029.250049
1752552029.2891328
1752552029.321968
1752552029.3586133
1752552029.3924375
1752552029.446288
1752552029.4805138
1752552029.5268626
1752552029.5570204
1752552029.608046
1752552029.6413758
1752552029.698523
1752552029.733466
1752552029.7886899
1752552029.8349264
1752552029.885412
1752552029.9167728
1752552029.9534998
1752552029.9987333
1752552030.0899613
1752552030.1345994
1752552030.1865742
1752552030.2493253
1752552030.2913237
1752552030.3296084
1752552030.4078577
1752552030.471219
1752552030.5084472
1752552030.5644438
1752552030.6164916
1752552030.6915195
1752552030.7639015
1752552030.8255975
1752552030.8751006
1752552030.9368196
1752552030.9806056
1752552031.0282264
1752552031.1001363
1752552031.1569726
1752552031.2144003
1752552031.2640421
1752552031.3250213
1752552031.382729
1752552031.4377224
1752552031.49596
1752552031.5589714
1752552031.6187234
1752552031.6739302
1752552031.7273674
1752552031.7857325
1752552031.841788
1752552031.9146821
1752552031.9689682
1752552032.0262768
1752552032.0722828
1752552032.1337373
1752552032.201186
1752552032.2549043
1752552032.3199134
1752552032.3723571
1752552032.4320984
1752552032.5006037
1752552032.5719354
1752552032.6600418
1752552032.7269068
1752552032.814051
1752552032.8743684
1752552032.9565296
1752552033.066131
1752552033.1634395
1752552033.242389
1752552033.3175023
1752552033.3779526
1752552033.4698782
1752552033.5500388
1752552033.629134
1752552033.6967833
1752552033.763808
1752552033.8526478
1752552033.9425294
1752552034.0074675
1752552034.089693
1752552034.1580918
1752552034.2374132
1752552034.3150053
1752552034.3755047
1752552034.2923305
1752552034.3798141
1752552034.429287
1752552034.50211
1752552034.5806384
1752552034.6202807
1752552034.6980639
1752552034.7652416
1752552034.82629
1752552034.895683
1752552034.948215
1752552035.0013795
1752552035.0680597
1752552035.1516755
1752552035.2260725
1752552035.2874916
1752552035.3543544
1752552035.4264355
1752552035.4887516
1752552035.5429049
1752552035.596563
1752552035.6562665
1752552035.7134192
1752552035.7748075
1752552035.8236792
1752552035.8460348
1752552035.8996208
1752552035.9563458
1752552035.9900756
1752552036.0635707
1752552036.1292725
1752552036.1824257
1752552036.2383924
1752552036.2876241
1752552036.3309462
1752552036.380842
1752552036.4250984
1752552036.4814036
1752552036.533152
1752552036.5983229
1752552036.662592
1752552036.709771
1752552036.7580252
1752552036.8280637
1752552036.888243
1752552036.952514
1752552036.9899352
1752552037.0521774
1752552037.1088886
1752552037.1360486
1752552037.1768858
1752552037.2157102
1752552037.2592492
1752552037.3564496
1752552037.3893514
1752552037.458836
1752552037.501929
1752552037.5622885
1752552037.6289685
1752552037.6880965
1752552037.7530556
1752552037.7926526
1752552037.867246
1752552037.9176438
1752552037.9700787
1752552038.0333781
1752552038.0934775
1752552038.1522586
1752552038.204989
1752552038.2746403
1752552038.348217
1752552038.4208927
1752552038.489188
1752552038.5504014
1752552038.6129508
1752552038.682461
1752552038.73612
1752552038.8180895
1752552038.8795414
1752552038.9406018
1752552039.0024662
1752552039.0645025
1752552039.1205266
1752552039.1880746
1752843444.7739222
1752843444.7914429
1752843444.832027
1752843444.8610318
1752843444.8847508
1752843444.9198415
1752843444.9460776
1752843444.9819627
1752843445.008004
1752843445.0424454
1752843445.0672235
1752843445.1018693
1752843445.1288056
1752843445.1658635
1752843445.1913116
1752843445.2278903
1752843445.2632587
1752843445.2875443
1752843445.3244743
1752843445.348026
1752843445.3853252
1752843445.4100866
1752843445.4365764
1752843445.4691067
1752843445.4955475
1752843445.528418
1752843445.5522776
1752843445.5865614
1752843445.6102128
1752843445.6471865
1752843445.6724877
1752843445.7074633
1752843445.7333095
1752843445.7738142
1752843445.8066049
1752843445.8292124
1752843445.86864
1752843445.9070988
1752843445.9315248
1752843445.9688568
1752843446.0045278
1752843446.0419247
1752843446.068531
1752843446.104998
1752843446.150003
1752843446.1948385
1752843446.226215
1752843446.2671108
1752843446.3052769
1752843446.345743
1752843446.3733895
1752843446.4013643
1752843446.4111383
1752843446.4390697
1752843446.476457
1752843446.504377
1752843446.5406985
1752843446.5679011
1752843446.6072567
1752843446.6328773
1752843446.66822
1752843446.7103908
1752843446.735647
1752843446.7652998
1752843446.8013968
1752843446.8276455
1752843446.8643243
1752843446.8861485
1752843446.9217381
1752843446.942443
1752843446.9825962
1752843447.0095437
1752843447.043076
1752843447.0827007
1752843447.107547
1752843447.1344275
1752843447.1645656
1752843447.1933358
1752843447.2226772
1752843447.2489958
1752843447.2853184
1752843447.3089554
1752843447.332779
1752843447.3583446
1752843447.383465
1752843447.4075184
1752843447.4312837
1752843447.453357
1752843447.4752474
1752843447.508241
1752843447.5320141
1752843447.5666022
1752843447.5762782
1752843447.6093123
1752843447.6249833
1752843447.662944
1752843447.683586
1752843447.7174106
1752843447.737649
1752843447.7694886
1752843447.7871034
1752843447.8193579
1752843447.8322806
1752843447.8643653
1752843447.876249
1752843447.9157808
1752843447.9281483
1752843447.9641995
1752843447.976995
1752843447.9993565
1752843448.0294027
1752843448.0411549
1752843448.0693362
1752843448.0808587
1752843448.1047506
1752843448.1351688
1752843448.144444
1752843448.1742187
1752843448.1870239
1752843448.214761
1752843448.2269797
1752843448.2581441
1752843448.2720087
1752843448.2997925
1752843448.3118138
1752843448.3422241
1752843448.3586216
1752843448.391484
1752843448.4045038
1752843448.4201078
1752843448.4450524
1752843448.4588819
1752843448.4753034
1752843448.4926994
1752843448.5107822
1752843448.5370922
1752843448.549987
1752843448.5779376
1752843448.5917249
1752843448.6234226
1752843448.636041
1752843448.6650143
1752843448.6799183
1752843448.7006907
1752843448.7201245
1752843448.7492359
1752843448.7617228
1752843448.7796261
1752843448.7996604
1752843448.8333676
1752843448.8482218
1752843448.8805091
1752843448.927017
1752843448.9480388
1752843448.9629643
1752843448.9938793
1752843449.028781
1752843449.0448036
1752843449.0677874
1752843449.0929155
1752843449.1186295
1752843449.148391
1752843449.1842694
1752843449.2053711
1752843449.239994
1752843449.2637417
1752843449.2902234
1752843449.328613
1752843449.354311
1752843449.3953834
1752843449.4194121
1752843449.453707
1752843449.4863756
1752843449.5090759
1752843449.5422044
1752843449.5783398
1752843449.6019125
1752843449.635951
1752843449.6663406
1752843449.7020988
1752843449.7219963
1752843449.7578337
1752843449.7814806
1752843449.8181324
1752843449.8390698
1752843449.8752015
1752843449.9111073
1752843449.939
1752843449.9745684
1752843449.998938
1752843450.02565
1752843450.0600767
1752843450.0817497
1752843450.1163948
1752843450.1413054
1752843450.167575
1752843450.1944468
1752843450.2355955
1752843450.2626493
1752843450.2993433
1752843450.326667
1752843450.363224
1752843450.3878887
1752843450.4235706
1752843450.4585924
1752843450.4880593
1752843450.5247707
1752843450.5614436
1752843450.591066
1752843450.6281378
1752843450.6562076
1752843450.6934536
1752843450.7234747
1752843450.760652
1752843450.7948256
1752843450.8227136
1752843450.8614104
1752843450.8979638
1752843450.9144382
1752843450.9519289
1752843450.99001
1752843451.003964
1752843451.039663
1752843451.0735838
1752843451.100708
1752843451.1391375
1752843451.1664143
1752843451.1940327
1752843451.2327595
1752843451.2606237
1752843451.3001544
1752843451.3281856
1752843451.3556774
1752843451.3886552
1752843451.4244053
1752843451.4511886
1752843451.4768426
1752843451.50178
1752843451.5256798
1752843451.559391
1752843451.5801528
1752843451.588332
1752843451.615233
1752843451.6451957
1752843451.6586013
1752843451.6840143
1752843451.7159293
1752843451.739953
1752843451.7647707
1752843451.7859132
1752843451.809555
1752843451.8395293
1752843451.8593168
1752843451.8898602
1752843451.910481
1752843451.9391148
1752843451.9726138
1752843451.9923198
1752843452.0150864
1752843452.0460274
1752843452.0658863
1752843452.0984256
1752843452.1140645
1752843452.1432178
1752843452.1764386
1752843452.186974
1752843452.202743
1752843452.217455
1752843452.2325547
1752843452.264078
1752843452.2745893
1752843452.3039994
1752843452.3148234
1752843452.3392363
1752843452.3725252
1752843452.4028943
1752843452.435253
1752843452.4549525
1752843452.4889543
1752843452.512524
1752843452.5361936
1752843452.5732021
1752843452.5975122
1752843452.6287792
1752843452.652647
1752843452.6862803
1752843452.712341
1752843452.7474804
1752843452.7728899
1752843452.8076143
1752843452.8325238
1752843452.8649743
1752843452.8882627
1752843452.9255214
1752843452.9516017
1752843452.9768403
1752843453.0085328
1752843453.032023
1752843453.0556357
1752843453.0910525
1752889134.999895
1752889135.0156767
1752889135.0526028
1752889135.0797756
1752889135.1016395
1752889135.135368
1752889135.159748
1752889135.193236
1752889135.2169378
1752889135.2516122
1752889135.2753172
1752889135.3107688
1752889135.338176
1752889135.382383
1752889135.408639
1752889135.4454014
1752889135.482029
1752889135.5066538
1752889135.543065
1752889135.568512
1752889135.6060514
1752889135.633155
1752889135.6601365
1752889135.6945913
1752889135.7209427
1752889135.7544982
1752889135.7793763
1752889135.8156214
1752889135.8418531
1752889135.8792298
1752889135.9037344
1752889135.9386592
1752889135.9645681
1752889136.0065503
1752889136.0380206
1752889136.0610154
1752889136.101499
1752889136.1405468
1752889136.1652362
1752889136.2035587
1752889136.2403219
1752889136.278336
1752889136.3053722
1752889136.3427575
1752889136.3820126
1752889136.4206216
1752889136.4505374
1752889136.486358
1752889136.5224633
1752889136.5585032
1752889136.5874114
1752889136.6149333
1752889136.623833
1752889136.6492023
1752889136.6847854
1752889136.7112682
1752889136.744421
1752889136.7687297
1752889136.8028576
1752889136.8280916
1752889136.854752
1752889136.8878577
1752889136.911199
1752889136.9365878
1752889136.9696085
1752889136.9898763
1752889137.0245528
1752889137.044538
1752889137.0762556
1752889137.095781
1752889137.1306915
1752889137.155703
1752889137.1823294
1752889137.219203
1752889137.2439666
1752889137.2696655
1752889137.297056
1752889137.3277485
1752889137.3547854
1752889137.3807068
1752889137.4151232
1752889137.4387228
1752889137.4627278
1752889137.4872658
1752889137.5134892
1752889137.5371542
1752889137.5608914
1752889137.58279
1752889137.6046143
1752889137.6362827
1752889137.658998
1752889137.6919713
1752889137.7005615
1752889137.7316258
1752889137.7486138
1752889137.7836814
1752889137.804559
1752889137.8383772
1752889137.8581028
1752889137.8888633
1752889137.9066272
1752889137.9365861
1752889137.9484034
1752889137.9791856
1752889137.9906409
1752889138.0196269
1752889138.0308073
1752889138.0630672
1752889138.0759227
1752889138.0980005
1752889138.1275115
1752889138.1404412
1752889138.1692533
1752889138.180297
1752889138.203274
1752889138.2330036
1752889138.2421808
1752889138.2676027
1752889138.2791703
1752889138.3058794
1752889138.3179297
1752889138.351437
1752889138.3641255
1752889138.3913622
1752889138.401917
1752889138.4319117
1752889138.4453738
1752889138.473749
1752889138.4876475
1752889138.5041134
1752889138.5278113
1752889138.5425982
1752889138.557521
1752889138.5738363
1752889138.5900228
1752889138.6199825
1752889138.6326127
1752889138.659946
1752889138.6728797
1752889138.7050383
1752889138.7187674
1752889138.748354
1752889138.763508
1752889138.7858558
1752889138.8061175
1752889138.8342857
1752889138.8472488
1752889138.8660262
1752889138.885009
1752889138.9164422
1752889138.9313564
1752889138.9566302
1752889138.9859724
1752889139.000797
1752889139.013867
1752889139.0430648
1752889139.0765135
1752889139.0912843
1752889139.1136203
1752889139.1375985
1752889139.161612
1752889139.1961
1752889139.227611
1752889139.2475796
1752889139.2782774
1752889139.299551
1752889139.323675
1752889139.3589122
1752889139.3810592
1752889139.4151258
1752889139.4384766
1752889139.471488
1752889139.5046453
1752889139.5294018
1752889139.5622866
1752889139.5963678
1752889139.6197412
1752889139.6520944
1752889139.682085
1752889139.715117
1752889139.73425
1752889139.7672865
1752889139.7902799
1752889139.8246157
1752889139.8446257
1752889139.878977
1752889139.913041
1752889139.9368756
1752889139.9710839
1752889139.9940119
1752889140.0220683
1752889140.0552568
1752889140.076392
1752889140.1093457
1752889140.1325388
1752889140.1576104
1752889140.1846128
1752889140.218859
1752889140.2455783
1752889140.2805572
1752889140.3068368
1752889140.3415794
1752889140.365031
1752889140.4002185
1752889140.4355054
1752889140.4650404
1752889140.4976902
1752889140.5349312
1752889140.5623639
1752889140.5984645
1752889140.6250656
1752889140.6591835
1752889140.6867719
1752889140.7228873
1752889140.7556715
1752889140.781594
1752889140.8167396
1752889140.8524616
1752889140.8666162
1752889140.901085
1752889140.9357574
1752889140.9504566
1752889140.9857748
1752889141.021203
1752889141.0470996
1752889141.0818694
1752889141.1076918
1752889141.1362383
1752889141.173081
1752889141.2009592
1752889141.2372873
1752889141.263709
1752889141.2900178
1752889141.324044
1752889141.3566542
1752889141.382108
1752889141.408282
1752889141.4344854
1752889141.457905
1752889141.4909394
1752889141.512847
1752889141.5199838
1752889141.550112
1752889141.5795207
1752889141.5943844
1752889141.6245673
1752889141.6613815
1752889141.6870615
1752889141.7131934
1752889141.7357364
1752889141.7592044
1752889141.790571
1752889141.8126578
1752889141.8445556
1752889141.8657768
1752889141.8947215
1752889141.9256897
1752889141.9473526
1752889141.9723878
1752889142.0045676
1752889142.026539
1752889142.061125
1752889142.077819
1752889142.109873
1752889142.1439216
1752889142.1553547
1752889142.173093
1752889142.1885016
1752889142.2089853
1752889142.24286
1752889142.253435
1752889142.2850082
1752889142.2964418
1752889142.3218706
1752889142.354638
1752889142.3854625
1752889142.4185112
1752889142.4385772
1752889142.4736288
1752889142.4981074
1752889142.5228136
1752889142.5600333
1752889142.5854235
1752889142.6176794
1752889142.6443043
1752889142.6828437
1752889142.710425
1752889142.7472696
1752889142.7720873
1752889142.807644
1752889142.8334925
1752889142.8679543
1752889142.891316
1752889142.9270642
1752889142.9516368
1752889142.9775958
1752889143.0112975
1752889143.0364676
1752889143.062347
1752889143.1004918
1752891652.611678
1752891652.628315
1752891652.6720884
1752891652.7050645
1752891652.7321339
1752891652.7715254
1752891652.8032594
1752891652.8439405
1752891652.8759453
1752891652.9154718
1752891652.9466174
1752891652.9839754
1752891653.0121388
1752891653.051931
1752891653.0787375
1752891653.1202233
1752891653.1607516
1752891653.189314
1752891653.2323923
1752891653.2575417
1752891653.2996044
1752891653.3268564
1752891653.357729
1752891653.3944051
1752891653.4239907
1752891653.461066
1752891653.4872742
1752891653.5263479
1752891653.5525749
1752891653.5945308
1752891653.624071
1752891653.6629238
1752891653.6913338
1752891653.7380986
1752891653.7709973
1752891653.7967763
1752891653.8367915
1752891653.8885314
1752891653.918198
1752891653.968759
1752891654.009127
1752891654.0501544
1752891654.0804014
1752891654.1247425
1752891654.1668339
1752891654.2148368
1752891654.24897
1752891654.2933342
1752891654.3361378
1752891654.378132
1752891654.4122205
1752891654.442549
1752891654.4531574
1752891654.4957538
1752891654.5823362
1752891654.6192172
1752891654.6610591
1752891654.693888
1752891654.7355955
1752891654.7640367
1752891654.7936995
1752891654.831813
1752891654.8578198
1752891654.8939004
1752891654.933847
1752891654.963133
1752891655.0040936
1752891655.033462
1752891655.0695028
1752891655.0928907
1752891655.1394644
1752891655.1766994
1752891655.2128155
1752891655.2736502
1752891655.3034966
1752891655.3385057
1752891655.376775
1752891655.4162488
1752891655.4535184
1752891655.488514
1752891655.5322962
1752891655.5637457
1752891655.6008086
1752891655.6334827
1752891655.6640823
1752891655.702087
1752891655.743915
1752891655.773657
1752891655.8078644
1752891655.8517058
1752891655.9019892
1752891655.9606912
1752891655.9721382
1752891656.016739
1752891656.0411623
1752891656.082952
1752891656.10676
1752891656.1434832
1752891656.1718848
1752891656.2084296
1752891656.2283328
1752891656.2647989
1752891656.2781608
1752891656.3130019
1752891656.3271189
1752891656.3646877
1752891656.38044
1752891656.4293296
1752891656.4449613
1752891656.4754386
1752891656.5116215
1752891656.5256147
1752891656.5560145
1752891656.569352
1752891656.602656
1752891656.635786
1752891656.6461947
1752891656.676899
1752891656.6902053
1752891656.7248683
1752891656.7424521
1752891656.7805827
1752891656.7962654
1752891656.8278515
1752891656.8386445
1752891656.8754225
1752891656.8925748
1752891656.923417
1752891656.9376168
1752891656.956563
1752891656.980462
1752891656.9961302
1752891657.0122328
1752891657.030522
1752891657.0472045
1752891657.0730143
1752891657.0871966
1752891657.1178172
1752891657.1332972
1752891657.1743193
1752891657.188787
1752891657.221839
1752891657.2392
1752891657.2641602
1752891657.2877843
1752891657.330564
1752891657.3507524
1752891657.383213
1752891657.4142048
1752891657.4984949
1752891657.5221152
1752891657.5646596
1752891657.6125169
1752891657.633461
1752891657.6497536
1752891657.6837924
1752891657.720432
1752891657.738599
1752891657.763304
1752891657.7922013
1752891657.8240864
1752891657.8568492
1752891657.8967237
1752891657.919495
1752891657.9560633
1752891657.9795375
1752891658.0068724
1752891658.0558429
1752891658.0844412
1752891658.1214705
1752891658.1486998
1752891658.1863074
1752891658.2233212
1752891658.25324
1752891658.2910948
1752891658.3289056
1752891658.3538897
1752891658.3991008
1752891658.4307983
1752891658.4728112
1752891658.4950593
1752891658.5324926
1752891658.5594404
1752891658.6020484
1752891658.6269772
1752891658.671687
1752891658.7088823
1752891658.7413948
1752891658.7817037
1752891658.8118894
1752891658.8427126
1752891658.8904727
1752891658.9219906
1752891658.96863
1752891658.996496
1752891659.029451
1752891659.0594187
1752891659.1050267
1752891659.1345303
1752891659.1760676
1752891659.2070756
1752891659.2496297
1752891659.2781675
1752891659.3301873
1752891659.3716555
1752891659.4047248
1752891659.4446936
1752891659.4879992
1752891659.520582
1752891659.5585442
1752891659.5912046
1752891659.6309378
1752891659.6602697
1752891659.7022488
1752891659.7405317
1752891659.772339
1752891659.812588
1752891659.8511202
1752891659.866921
1752891659.9072149
1752891659.9604082
1752891659.979474
1752891660.0239978
1752891660.0649552
1752891660.096025
1752891660.1337495
1752891660.165489
1752891660.196385
1752891660.2416031
1752891660.2770033
1752891660.3203137
1752891660.3509524
1752891660.3832753
1752891660.4248917
1752891660.474656
1752891660.5062175
1752891660.5390763
1752891660.5699334
1752891660.600799
1752891660.6454465
1752891660.6730952
1752891660.6829824
1752891660.7183669
1752891660.768452
1752891660.7926536
1752891660.8289516
1752891660.8703668
1752891660.9003794
1752891660.9319656
1752891660.9660213
1752891660.9955602
1752891661.0389023
1752891661.0629246
1752891661.0995228
1752891661.1233933
1752891661.1580422
1752891661.1992257
1752891661.2241745
1752891661.2525008
1752891661.287887
1752891661.3135185
1752891661.353014
1752891661.3719223
1752891661.4063575
1752891661.4437258
1752891661.462158
1752891661.4854605
1752891661.50636
1752891661.525749
1752891661.5613225
1752891661.5745337
1752891661.6172032
1752891661.6301289
1752891661.6571965
1752891661.6934354
1752891661.7305157
1752891661.7714484
1752891661.796064
1752891661.8419182
1752891661.8688517
1752891661.898245
1752891661.940509
1752891661.973081
1752891662.0109007
1752891662.0416691
1752891662.0868945
1752891662.1216319
1752891662.1650615
1752891662.1940894
1752891662.2372432
1752891662.264587
1752891662.3078463
1752891662.3361042
1752891662.374826
1752891662.403349
1752891662.4329283
1752891662.4737954
1752891662.5036764
1752891662.5333238
1752891662.5726602
