1753184189.7171235
1753184189.7376943
1753184189.7890258
1753184189.8422115
1753184189.8723707
1753184189.918168
1753184189.9544744
1753184189.9965672
1753184190.020631
1753184190.061312
1753184190.1095555
1753184190.1581855
1753184190.198324
1753184190.2457104
1753184190.2854915
1753184190.3281016
1753184190.3576143
1753184190.4118755
1753184190.4569945
1753184190.505809
1753184190.5932696
1753184190.658574
1753184190.7133331
1753184190.7686243
1753184190.799177
1753184190.8572676
1753184190.9059691
1753184190.9573894
1753184190.991745
1753184191.0385242
1753184191.0859792
1753184191.12928
1753184191.159643
1753184191.2086277
1753184191.2526288
1753184191.3004403
1753184191.3353527
1753184191.384515
1753184191.4414318
1753184191.5091324
1753184191.5413196
1753184191.5975676
1753184191.6382756
1753184191.680838
1753184191.7103481
1753184191.7539518
1753184191.7945058
1753184191.8345118
1753184191.860328
1753184191.8989534
1753184191.9382014
1753184191.9760098
1753184192.0005865
1753184192.042627
1753184192.0803845
1753184192.119891
1753184192.1433334
1753184192.183235
1753184192.2225528
1753184192.2621138
1753184192.2863877
1753184192.3292587
1753184192.3682327
1753184192.4064293
1753184192.4305818
1753184192.472675
1753184192.5097666
1753184192.5501766
1753184192.574091
1753184192.6433768
1753184192.6800838
1753184192.7053087
1753184192.7149005
1753184192.7593684
1753184192.7962143
1753184192.837213
1753184192.862594
1753184192.9006677
1753184192.940158
1753184192.9837036
1753184193.0082119
1753184193.0494766
1753184193.089243
1753184193.1305897
1753184193.153956
1753184193.1928127
1753184193.2337654
1753184193.2751403
1753184193.2988513
1753184193.3426323
1753184193.3833897
1753184193.4265275
1753184193.450245
1753184193.489805
1753184193.5303264
1753184193.572655
1753184193.5956318
1753184193.6349893
1753184193.676252
1753184193.7162793
1753184193.7407126
1753184193.78082
1753184193.8206935
1753184193.8607447
1753184193.8880694
1753184193.9288218
1753184193.9708195
1753184194.0118148
1753184194.0360305
1753184194.0764384
1753184194.1172874
1753184194.1581862
1753184194.1828673
1753184194.2249587
1753184194.2677705
1753184194.3076704
1753184194.3309395
1753184194.3701162
1753184194.4096198
1753184194.450869
1753184194.4767044
1753184194.5232604
1753184194.564969
1753184194.608047
1753184194.6321392
1753184194.672843
1753184194.7125738
1753184194.7572758
1753184194.7855349
1753184194.825695
1753184194.8721738
1753184194.9119833
1753184194.9358003
1753184194.974698
1753184195.015197
1753184195.0551593
1753184195.0804152
1753184195.1267226
1753184195.1686563
1753184195.211184
1753184195.235043
1753184195.278116
1753184195.320544
1753184195.3709512
1753184195.399523
1753184195.4422252
1753184195.4893398
1753184195.5304742
1753184195.5551698
1753184195.594527
1753184195.6339676
1753184195.6736972
1753184195.697524
1753184195.7396631
1753184195.7841763
1753184195.8232713
1753184195.8479853
1753184195.887468
1753184195.927089
1753184195.9814737
1753184196.0062835
1753184196.0529985
1753184196.0971022
1753184196.13982
1753184196.1649246
1753184196.2062585
1753184196.247957
1753184196.2887557
1753184196.313944
1753184196.3581727
1753184196.4014235
1753184196.4514585
1753184196.4789464
1753184196.5268595
1753184196.580214
1753184196.6280632
1753184196.6568763
1753184196.7027125
1753184196.7485292
1753184196.7890627
1753184196.8135478
1753184196.8552165
1753184196.8981779
1753184196.9421992
1753184196.9664075
1753184197.0070355
1753184197.0513945
1753184197.0913482
1753184197.1146872
1753184197.1566467
1753184197.2025256
1753184197.2442002
1753184197.2712326
1753184197.3162062
1753184197.3608546
1753184197.401271
1753184197.4325519
1753184197.4806058
1753184197.5276608
1753184197.5791197
1753184197.6077902
1753184197.6616273
1753184197.7150393
1753184197.7604775
1753184197.7852182
1753184197.8283527
1753184197.8794446
1753184197.9194992
1753184197.9443917
1753184197.9860866
1753184198.0293248
1753184198.07151
1753184198.096025
1753184198.1382444
1753184198.1863067
1753184198.2301455
1753184198.2545574
1753184198.298026
1753184198.3459804
1753184198.3904278
1753184198.4206114
1753184198.464871
1753184198.5126827
1753184198.5540342
1753184198.5777016
1753184198.6171014
1753184198.661515
1753184198.7007663
1753184198.725718
1753184198.7671745
1753184198.8103795
1753184198.8516488
1753184198.8748856
1753184198.9166787
1753184198.959948
1753184199.0002015
1753184199.0271263
1753184199.0767899
1753184199.1256778
1753184199.1688085
1753184199.197523
1753184199.207509
1753184199.2608404
1753184199.3043807
1753184199.3499162
1753184199.3803968
1753184199.4410567
1753184199.4892406
1753184199.5370202
1753184199.562554
1753184199.6116922
1753184199.655661
1753184199.7007422
1753184199.7308452
1753184199.7748442
1753184199.8164349
1753184199.8607945
1753184199.886448
1753184199.9282613
1753184199.9673073
1753184200.0081682
1753184200.0400374
1753184200.095758
1753184200.1380088
1753184200.1813867
1753184200.2111797
1753184200.2510653
1753184200.303256
1753184200.4028025
1753184200.4399703
1753184200.4881744
1753184200.5286913
1753184200.5692463
1753184200.5937192
1753184200.6340344
1753184200.6746001
1753184200.7161248
1753184200.7443137
1753184200.7875855
1753184200.8331366
1753184200.8772798
1753184200.900147
1753184200.9386759
1753184200.982605
1753184201.0278041
1753184201.053444
1753184201.0942535
1753184201.133555
1753184201.1729689
1753184201.1965897
1753184201.2359183
1753184201.2749949
1753184201.3143725
1753184201.3392258
1753184201.3825147
1753184201.4213202
1753184201.4593039
1753184201.4833019
1753184201.5210614
1753184201.559659
