1753774115.1729329
1753774115.2136133
1753774115.255435
1753774115.2972128
1753774115.3242922
1753774115.364651
1753774115.3919823
1753774115.4259884
1753774115.4534752
1753774115.4902692
1753774115.525944
1753774115.5523567
1753774115.5957673
1753774115.638956
1753774115.6665108
1753774115.7024174
1753774115.739165
1753774115.7671547
1753774115.7961195
1753774115.804564
1753774115.8378267
1753774115.8728735
1753774115.8966758
1753774115.9334435
1753774115.9601836
1753774115.9921198
1753774116.0309048
1753774116.0556583
1753774116.0921564
1753774116.1175632
1753774116.1557994
1753774116.1823254
1753774116.2146142
1753774116.2227194
1753774116.2643523
1753774116.290906
1753774116.3346453
1753774116.364578
1753774116.4041872
1753774116.4335895
1753774116.4774117
1753774116.5069256
1753774116.5469913
1753774116.5721557
1753774116.6143756
1753774116.6466105
1753774116.7003663
1753774116.7264857
1753774116.7686267
1753774116.794283
1753774116.8329425
1753774116.8566897
1753774116.8966887
1753774116.9253228
1753774116.9723804
1753774117.0066247
1753774117.059004
1753774117.0857823
1753774117.1289854
1753774117.1561825
1753774117.1966884
1753774117.2222188
1753774117.2578104
1753774117.2773979
1753774117.3163924
1753774117.3428261
1753774117.3741853
1753774117.4074113
1753774117.4471052
1753774117.4709837
1753774117.5164504
1753774117.5393744
1753774117.5844007
1753774117.621022
1753774117.6715233
1753774117.6976285
1753774117.7508292
1753774117.7786899
1753774117.8073773
1753774117.8485172
1753774117.873979
1753774117.908408
1753774117.96525
1753774118.0132976
1753774118.100613
1753774118.1318202
1753774118.171748
1753774118.2157557
1753774118.2669382
1753774118.302045
1753774118.3565094
1753774118.3821125
1753774118.4124322
1753774118.4375622
1753774118.4897335
1753774118.5353963
1753774118.7110953
1753774118.7557144
1753774118.7966468
1753774118.8522096
1753774118.8845785
1753774118.9553735
1753774118.9883113
1753774119.0535395
1753774119.0916986
1753774119.1451786
1753774119.1816409
1753774119.2406113
1753774119.2696266
1753774119.316764
1753774119.3512154
1753774119.3953383
1753774119.4426389
1753774119.4642267
1753774119.5013394
1753774119.5279515
1753774119.5704484
1753774119.597352
1753774119.6378343
1753774119.6692204
1753774119.7195044
1753774119.7499774
1753774119.806066
1753774119.8313522
1753774119.8856428
1753774119.9138267
1753774119.9528928
1753774119.9797795
1753774120.0195885
1753774120.0458775
1753774120.0853934
1753774120.1133714
1753774120.1518831
1753774120.1777086
1753774120.2146895
1753774120.2419794
1753774120.283024
1753774120.3179271
1753774120.3450677
1753774120.385314
1753774120.4323337
1753774120.4602342
1753774120.4975955
1753774120.5245626
1753774120.561961
1753774120.5894034
1753774120.62613
1753774120.6528728
1753774120.6898131
1753774117.7731419
1753774117.8100414
1753774117.8458064
1753774117.8854449
1753774117.9047596
1753774117.9443233
1753774117.97391
1753774118.011291
1753774118.0379238
1753774118.075841
1753774118.100662
1753774118.143898
1753774118.1820524
1753774118.206729
1753774118.248723
1753774118.2755136
1753774118.315135
1753774118.3379877
1753774118.3743153
1753774118.3992288
1753774118.4227939
1753774118.4466863
1753774118.4890456
1753774118.5151112
1753774118.5594358
1753774118.581334
1753774118.6086512
1753774118.6464732
1753774118.6657646
1753774118.7035446
1753774118.7253659
1753774118.7637906
1753774118.7842426
1753774118.8214388
1753774118.8417168
1753774118.8787308
1753774118.8969326
1753774118.9212892
1753774118.9448647
1753774118.9672155
1753774118.9879737
1753774119.0087209
1753774119.0305126
1753774119.056735
1753774119.0799773
1753774119.1044905
1753774119.1257777
1753774119.1523395
1753774119.1795998
1753774119.2096
1753774119.2329733
1753774119.2837374
1753774119.3033984
1753774119.3259835
1753774119.3520055
1753774119.3808615
1753774119.4183483
1753774119.440447
1753774119.466495
1753774119.495059
1753774119.5231495
1753774119.5499563
1753774119.577159
1753774119.60695
1753774119.6167233
1753774119.6458752
1753774119.687317
1753774119.7095003
1753774119.7483716
1753774119.772685
1753774119.7993095
1753774119.838055
1753774119.863822
1753774119.891131
1753774119.9297378
1753774119.956595
1753774120.004727
1753774120.0353382
1753774120.06671
1753774120.111827
1753774120.1395044
1753774120.1802921
1753774120.205441
1753774120.2443526
1753774120.272347
1753774120.3011198
1753774120.3278253
1753774120.3664796
1753774120.3932855
1753774120.439616
1753774120.4661958
1753774120.5083032
1753774120.5379996
1753774120.5765545
1753774120.5980291
1753774120.633179
1753774120.6584406
1753774120.6943583
1753774120.7194393
1753774120.7503262
1753774120.7917123
1753774120.8178496
1753774120.8435967
1753774120.8814435
1753774120.9079998
1753774120.94324
1753774120.970103
1753774121.0121217
1753774121.0400982
1753774121.0818985
1753774121.1116424
1753774121.1579719
1753774121.1868532
1753774121.2313826
1753774121.260392
1753774121.305428
1753774121.3463752
1753774121.3734899
1753774121.4006958
1753774121.4412792
1753774121.4657743
1753774121.5037136
1753774121.5333838
1753774121.57214
1753774121.591102
1753774121.6266737
1753774121.6517427
1753774121.6894073
1753774121.7136059
1753774121.7388
1753774121.7846723
1753774121.8103278
1753774121.847035
1753774121.8885303
1753774121.9136658
1753774121.9516995
1753774121.9773557
1753774122.017389
1753774122.041675
1753774122.0874214
1753774122.118383
1753774122.1705627
1753774122.198293
1753774122.2401786
1753774122.2658782
1753774122.30319
1753774122.3271878
1753774122.3640175
1753774122.3886657
1753774122.4247477
1753774122.4523654
1753774122.4915388
1753774910.8797648
1753774910.9226184
1753774911.0101917
1753774911.073434
1753774911.1022959
1753774911.141633
1753774911.171381
1753774911.2086048
1753774911.2385628
1753774911.2834992
1753774911.3224335
1753774911.3491988
1753774911.3898985
1753774911.4318008
1753774911.4581742
1753774911.4970434
1753774911.568222
1753774911.6179576
1753774911.657646
1753774911.668518
1753774911.6980505
1753774911.7364361
1753774911.7630816
1753774911.8043423
1753774911.8339021
1753774911.8611557
1753774911.9009361
1753774911.9312673
1753774911.9741244
1753774912.0034842
1753774912.0566714
1753774912.0832028
1753774912.1323738
1753774912.1526446
1753774912.2115033
1753774912.2372515
1753774912.274303
1753774912.300501
1753774912.3439782
1753774912.374916
1753774912.4170437
1753774912.4456177
1753774912.4862087
1753774912.511311
1753774912.5510697
1753774912.576567
1753774912.617969
1753774912.6437285
1753774912.7664254
1753774912.8049414
1753774912.852081
1753774912.8788447
1753774912.9200146
1753774912.9454646
1753774912.9877264
1753774913.0127525
1753774913.0507789
1753774913.075892
1753774913.1131778
1753774913.1393564
1753774913.1785257
1753774913.2020793
1753774913.2693982
1753774913.3259478
1753774913.4008934
1753774913.432177
1753774913.4712977
1753774913.5081165
1753774913.5651472
1753774913.592566
1753774913.6315973
1753774913.656029
1753774913.6941826
1753774913.715285
1753774913.751611
1753774913.7709465
1753774913.810102
1753774913.835365
1753774913.862901
1753774913.904823
1753774913.9495337
1753774913.9988084
1753774914.0527775
1753774914.0741065
1753774914.1095326
1753774914.1282735
1753774914.1524487
1753774914.1770005
1753774914.2310965
1753774914.2543235
1753774914.293546
1753774914.3185089
1753774914.346364
1753774914.3684113
1753774914.4080205
1753774914.4307902
1753774914.4678187
1753774914.491082
1753774914.5363882
1753774914.6079383
1753774914.6332376
1753774914.678425
1753774914.7026381
1753774914.739076
1753774914.7613432
1753774914.798127
1753774914.8232806
1753774914.8648248
1753774914.8900795
1753774914.9319944
1753774914.9576604
1753774914.9978342
1753774915.0453072
1753774915.084497
1753774915.1803262
1753774915.2395816
1753774915.2916737
1753774915.319424
1753774915.373753
1753774915.4002588
1753774915.4436862
1753774915.47233
1753774915.517838
1753774915.539206
1753774915.5792975
1753774915.6052635
1753774915.6473165
1753774915.677496
1753774915.7185366
1753774915.749712
1753774915.8563147
1753774915.9060693
1753774915.9527838
1753774915.9872837
1753774916.0312738
1753774916.0648081
1753774916.1091402
1753774916.1567204
1753774916.1835175
1753774916.2220705
1753774916.262665
1753774916.2954473
1753774916.3832705
1753774916.459508
1753774916.50856
1753774916.5736802
1753774916.6749778
1753774916.7412348
1753774916.8410525
1753774916.9352121
1753774917.0515554
1753774917.0966697
1753774917.1453586
1753774917.1683838
1753774917.2349336
1753774917.2927585
1753774917.3528402
1753774917.390983
1753774917.4322412
1753774917.4671803
1753774917.5055497
1753774917.544399
1753774917.575267
1753774917.6399064
1753774917.6789088
1753774917.7247293
1753774917.749814
1753774917.7869363
1753774917.812168
1753774917.8369553
1753774917.8631313
1753774917.901097
1753774917.9236925
1753774917.9677188
1753774917.9888775
1753774918.0167148
1753774918.0615072
1753774918.0821784
1753774918.1281247
1753774918.1840959
1753774915.2948742
1753774915.3303142
1753774915.3813803
1753774915.4032044
1753774915.4484158
1753774915.4944546
1753774915.5248082
1753774915.5515938
1753774915.5758553
1753774915.5981045
1753774915.6211183
1753774915.647023
1753774915.6744041
1753774915.6996713
1753774915.7250397
1753774915.747097
1753774915.7763953
1753774915.806404
1753774915.8447952
1753774915.8762841
1753774915.9402068
1753774915.9932966
1753774916.029064
1753774916.0566444
1753774916.0862486
1753774916.1236746
1753774916.145562
1753774916.1729612
1753774916.2078767
1753774916.2410588
1753774916.2767768
1753774916.3070927
1753774916.33378
1753774916.3437333
1753774916.3690786
1753774916.409102
1753774916.4313524
1753774916.470547
1753774916.4958177
1753774916.5651453
1753774916.632249
1753774916.6650643
1753774916.69899
1753774916.7439208
1753774916.7705803
1753774916.8090308
1753774916.8347812
1753774916.86223
1753774916.9007068
1753774916.9272592
1753774916.9693806
1753774916.9948347
1753774917.0343294
1753774917.0616572
1753774917.0905445
1753774917.1495383
1753774917.2092528
1753774917.2401462
1753774917.2791443
1753774917.308429
1753774917.358526
1753774917.387833
1753774917.4263148
1753774917.4485276
1753774917.4838533
1753774917.509121
1753774917.5525846
1753774917.5785832
1753774917.6052988
1753774917.6456027
1753774917.6732097
1753774917.7149734
1753774917.77574
1753774917.8169186
1753774917.8564336
1753774917.8841426
1753774917.920316
1753774917.9474435
1753774917.9899452
1753774918.0175376
1753774918.0615654
1753774918.0888283
1753774918.1288636
1753774918.1584504
1753774918.201233
1753774918.2410824
1753774918.3006747
1753774918.3598409
1753774918.4078243
1753774918.434987
1753774918.474117
1753774918.5007436
1753774918.53807
1753774918.5609004
1753774918.5976667
1753774918.6233983
1753774918.6601746
1753774918.68588
1753774918.7123275
1753774918.747964
1753774918.7759507
1753774918.8331742
1753774918.9276779
1753774918.9599092
1753774919.0048385
1753774919.031584
1753774919.0736067
1753774919.1037812
1753774919.1484935
1753774919.176503
1753774919.2186036
1753774919.2433825
1753774919.2826464
1753774919.3073695
1753774919.3491983
1753774919.3764343
1753774919.4600277
1753774919.5092509
1753774919.5553885
1753774919.5823708
1753774919.6259387
1753775465.8573406
1753775465.9038646
1753775465.9506452
1753775465.9945078
1753775466.024756
1753775466.0666864
1753775466.100166
1753775466.140879
1753775466.173092
1753775466.2184765
1753775466.2675989
1753775466.3025236
1753775466.3490725
1753775466.3930926
1753775466.4264874
1753775466.4702063
1753775466.5162761
1753775466.5473049
1753775466.5773218
1753775466.588567
1753775466.6321013
1753775466.6799092
1753775466.7132745
1753775466.7563305
1753775466.7880704
1753775466.8195243
1753775466.8632505
1753775466.8928192
1753775466.9353583
1753775466.9658668
1753775467.0184648
1753775467.0479212
1753775467.0789533
1753775467.0873983
1753775467.131633
1753775467.163568
1753775467.2087467
1753775467.2370446
1753775467.2776957
1753775467.3107712
1753775467.3641515
1753775467.3948872
1753775467.4392064
1753775467.4798024
1753775467.5337799
1753775467.5745907
1753775467.6399767
1753775467.6951253
1753775467.7718852
1753775467.838238
1753775467.9154997
1753775467.9722495
1753775468.0442617
1753775468.0909688
1753775468.1556036
1753775468.1922467
1753775468.241413
1753775468.2742817
1753775468.3200893
1753775468.352545
1753775468.398214
1753775468.432485
1753775468.4832566
1753775468.513588
1753775468.591788
1753775468.6900458
1753775468.7446055
1753775468.798132
1753775468.8618078
1753775468.8966122
1753775468.9652324
1753775468.9999888
1753775469.0533388
1753775469.0808947
1753775469.126903
1753775469.1555727
1753775469.2059534
1753775469.237
1753775469.274584
1753775469.3296988
1753775469.3646107
1753775469.401751
1753775469.4537873
1753775469.481723
1753775469.5367837
1753775469.5739818
1753775469.6114259
1753775469.7118618
1753775469.8487015
1753775469.8927994
1753775469.9516044
1753775469.9845214
1753775470.0294535
1753775470.0969088
1753775470.2014115
1753775470.2383192
1753775470.284634
1753775470.309359
1753775470.342686
1753775470.3996778
1753775470.4336886
1753775470.4879107
1753775470.5308206
1753775470.5980003
1753775470.6432347
1753775470.7062812
1753775470.745517
1753775470.8025508
1753775470.8439047
1753775470.913308
1753775470.949687
1753775471.0103793
1753775471.071414
1753775471.1054657
1753775471.154522
1753775471.185308
1753775471.247374
1753775471.3394942
1753775471.4145646
1753775471.4572382
1753775471.513969
1753775471.5665352
1753775471.630777
1753775471.6642408
1753775471.7884932
1753775471.8238418
1753775471.8724182
1753775471.903672
1753775471.9403083
1753775471.9664068
1753775472.0079224
1753775472.03479
1753775472.0710247
1753775472.0965068
1753775472.1353054
1753775472.1661224
1753775472.218192
1753775472.2650526
1753775472.3004692
1753775472.3589509
1753775472.3982553
1753775472.436801
1753775472.518336
1753775472.5567317
1753775472.6158192
1753775472.643852
1753775472.680055
1753775472.7067094
1753775472.7441258
1753775472.7708557
1753775472.809855
1753775472.8371198
1753775472.876604
1753775472.8973155
1753775472.9347923
1753775472.9614635
1753775472.9986846
1753775473.0252979
1753775473.0644472
1753775473.09205
1753775473.1307213
1753775473.171992
1753775473.198729
1753775473.2351665
1753775473.2600722
1753775473.2996764
1753775473.3255153
1753775473.364201
1753775473.3908849
1753775473.4162288
1753775473.441387
1753775473.4796278
1753775473.5018337
1753775473.539084
1753775473.5593
1753775473.5862157
1753775473.625032
1753775473.6461964
1753775473.6858408
1753775473.7077186
1753775473.7457418
1753775473.7672944
1753775473.8042386
1753775473.8198009
1753775473.8533978
1753775473.8722951
1753775473.8967338
1753775473.9214945
1753775473.9436603
1753775473.9666984
1753775473.9910715
1753775474.0196896
1753775474.042195
1753775474.0658693
1753775474.0902848
1753775474.114741
1753775474.1405911
1753775474.1645422
1753775474.1907072
1753775474.2166262
1753775474.2580385
1753775474.2765255
1753775474.3005435
1753775474.327292
1753775474.355564
1753775474.395465
1753775474.4158957
1753775474.440508
1753775474.4676723
1753775474.4993834
1753775474.537889
1753775474.5698416
1753775474.6015582
1753775474.612452
1753775474.6417258
1753775474.6865559
1753775474.712724
1753775474.7600152
1753775474.7916121
1753775474.8201492
1753775474.8599205
1753775474.8842516
1753775474.9097393
1753775474.9482007
1753775474.9732468
1753775475.0126092
1753775475.0379133
1753775475.064672
1753775475.1047878
1753775475.136617
1753775475.176253
1753775475.206603
1753775475.247105
1753775475.2761056
1753775475.3067853
1753775475.336754
1753775475.3788364
1753775475.4207275
1753775475.4607635
1753775475.48718
1753775475.5252008
1753775475.5507686
1753775475.5872335
1753775475.609537
1753775475.6486049
1753775475.6758683
1753775475.7149696
1753775475.7398043
1753775475.765033
1753775475.8015869
1753775475.8271732
1753775475.8552363
1753775475.8955672
1753775475.9214115
1753775475.960184
1753775475.9864962
1753775476.0315833
1753775476.0570514
1753775476.0989673
1753775476.136362
1753775476.1858885
1753775476.2201
1753775476.264948
1753775476.3012288
1753775476.3489912
1753775476.3923547
1753775476.4276028
1753775476.4573312
1753775476.5151086
1753775476.5475786
1753775476.595477
1753775476.6283708
1753775476.6789362
1753775476.7068696
1753775476.7522416
1753775476.781605
1753775476.8228588
1753775476.8479173
1753775476.87404
1753775476.909878
1753775476.9365816
1753775476.9761431
1753775477.0158556
1753775477.0420117
1753775477.0773592
1753775477.1025321
1753775477.1419256
1753775477.1674242
1753775477.2046423
1753775477.2299035
1753775477.2677765
1753775477.2955596
1753775477.339563
1753775477.3902555
1753775477.4496064
1753775477.4835498
1753775477.536889
1753775477.574708
1753775477.6237612
1753775477.654514
1753775477.704553
1753776182.7894952
1753776182.829363
1753776182.8705118
1753776182.912344
1753776182.9400296
1753776182.9758418
1753776183.0052314
1753776183.043159
1753776183.076516
1753776183.1161118
1753776183.153878
1753776183.1816723
1753776183.219774
1753776183.259307
1753776183.2875714
1753776183.3256063
1753776183.3664684
1753776183.399071
1753776183.4289713
1753776183.4365423
1753776183.461777
1753776183.4991481
1753776183.5266478
1753776183.5674038
1753776183.59663
1753776183.623886
1753776183.668226
1753776183.6953657
1753776183.732235
1753776183.759126
1753776183.8008535
1753776183.826813
1753776183.8537116
1753776183.8617926
1753776183.8963234
1753776183.9214327
1753776183.9591575
1753776183.9849002
1753776184.0264506
1753776184.0532403
1753776184.0937715
1753776184.119894
1753776184.1572611
1753776184.181916
1753776184.2188385
1753776184.244299
1753776184.2832956
1753776184.3086073
1753776184.3542764
1753776184.3788016
1753776184.4166396
1753776184.439975
1753776184.4785643
1753776184.5032942
1753776184.5436187
1753776184.568255
1753776184.6066756
1753776184.6314886
1753776184.6702757
1753776184.696503
1753776184.731974
1753776184.755057
1753776184.7896492
1753776184.80852
1753776184.846333
1753776184.8689518
1753776184.894394
1753776184.918482
1753776184.9568648
1753776184.9800515
1753776185.0186992
1753776185.04112
1753776185.079701
1753776185.101404
1753776185.155229
1753776185.1905513
1753776185.2388346
1753776185.2668636
1753776185.297599
1753776185.335775
1753776185.3632488
1753776185.3986247
1753776185.442951
1753776185.4635358
1753776185.4967716
1753776185.5143383
1753776185.536807
1753776185.5595822
1753776185.5978484
1753776185.620485
1753776185.658194
1753776185.6814694
1753776185.7096417
1753776185.7373784
1753776185.7752945
1753776185.797771
1753776185.8334472
1753776185.8561034
1753776185.882779
1753776185.9206984
1753776185.9427898
1753776185.9782476
1753776186.0018904
1753776186.0375454
1753776186.0598576
1753776186.0977077
1753776186.122577
1753776186.1665218
1753776186.1933532
1753776186.2338393
1753776186.259447
1753776186.298887
1753776186.3358493
1753776186.3570817
1753776186.3924716
1753776186.4161072
1753776186.4600146
1753776186.483773
1753776186.5205448
1753776186.548449
1753776186.5898397
1753776186.6169374
1753776186.6551616
1753776186.674182
1753776186.7107766
1753776186.7357886
1753776186.7740588
1753776186.800341
1753776186.8376489
1753776186.8637815
1753776186.902334
1753776186.9294412
1753776186.9659681
1753776186.9921947
1753776187.0309277
1753776187.05771
1753776187.0950437
1753776187.1336527
1753776187.1602418
1753776187.1967874
1753776187.2315784
1753776187.2578824
1753776187.2949402
1753776187.3206658
1753776187.3599575
1753776187.3867052
1753776187.4266813
1753776187.455762
1753776187.494347
1753776187.5219526
1753776187.5603037
1753776187.5857222
1753776187.623263
1753776187.6454482
1753776187.6832526
1753776187.7088394
1753776187.7465048
1753776187.7722406
1753776187.809311
1753776187.8351166
1753776187.872837
1753776187.911457
1753776187.9343238
1753776187.9709587
1753776187.9977248
1753776188.0359907
1753776188.0599282
1753776188.0964677
1753776188.1265326
1753776188.1520786
1753776188.176991
1753776188.2137253
1753776188.2342577
1753776188.2702744
1753776188.2891653
1753776188.31459
1753776188.3508694
1753776188.3700166
1753776188.4050634
1753776188.4265354
1753776188.4660735
1753776185.5491588
1753776185.5833204
1753776185.598897
1753776185.6326845
1753776185.6514466
1753776185.6750221
1753776185.6984375
1753776185.722509
1753776185.7440517
1753776185.765249
1753776185.7896097
1753776185.812166
1753776185.8349319
1753776185.8573713
1753776185.8783882
1753776185.9006393
1753776185.9263964
1753776185.94977
1753776185.9753244
1753776186.0125651
1753776186.0307872
1753776186.054264
1753776186.0820396
1753776186.1094306
1753776186.1461658
1753776186.1660764
1753776186.191022
1753776186.217677
1753776186.2456818
1753776186.2719214
1753776186.301609
1753776186.328404
1753776186.3362563
1753776186.36187
1753776186.4027855
1753776186.4248447
1753776186.4621294
1753776186.487681
1753776186.5139914
1753776186.5527706
1753776186.5842025
1753776186.6109397
1753776186.64906
1753776186.675479
1753776186.7182093
1753776186.747634
1753776186.7752275
1753776186.827446
1753776186.8537326
1753776186.8983777
1753776186.9282093
1753776186.9739537
1753776187.0034094
1753776187.0351405
1753776187.0741622
1753776187.1262116
1753776187.1670792
1753776187.2217546
1753776187.2623725
1753776187.318992
1753776187.3498242
1753776187.3943303
1753776187.4760795
1753776187.523842
1753776187.5613074
1753776187.615388
1753776187.6589217
1753776187.710046
1753776187.7543237
1753776187.783326
1753776187.810674
1753776187.852097
1753776187.879413
1753776187.9170494
1753776187.944842
1753776187.983938
1753776188.0093863
1753776188.049585
1753776188.0751524
1753776188.1130073
1753776188.1372125
1753776188.1740723
1753776188.199189
1753776188.239114
1753776188.2810283
1753776188.3076515
1753776188.3346672
1753776188.3740659
1753776188.3988307
1753776188.435157
1753776188.4613278
1753776188.4959416
1753776188.5155113
1753776188.5525286
1753776188.5783582
1753776188.6199658
1753776188.6503372
1753776188.6770265
1753776188.7124126
1753776188.7385385
1753776188.776116
1753776188.8147302
1753776188.8401792
1753776188.876114
1753776188.9000244
1753776188.937973
1753776188.96447
1753776189.0099092
1753776189.0377157
1753776189.0826306
1753776189.107512
1753776189.1459503
1753776189.170241
1753776189.2067695
1753776189.2304285
1753776189.2663417
1753776189.2907422
1753776189.3269532
1753776189.3520527
1753776189.390168
1753776869.4659824
1753776869.509273
1753776869.5550427
1753776869.6074934
1753776869.6379583
1753776869.6774936
1753776869.7145329
1753776869.7537727
1753776869.7970893
1753776869.8417382
1753776869.8905058
1753776869.9299295
1753776869.9787164
1753776870.0890636
1753776870.1405337
1753776870.2039475
1753776870.270036
1753776870.3035135
1753776870.33476
1753776870.3449223
1753776870.3773801
1753776870.4246747
1753776870.4683704
1753776870.5153465
1753776870.5500786
1753776870.5810442
1753776870.6402469
1753776870.669087
1753776870.7116694
1753776870.751948
1753776870.8102348
1753776870.8512158
1753776870.89102
1753776870.9029534
1753776870.9442513
1753776870.9801893
1753776871.0427728
1753776871.083702
1753776871.1340792
1753776871.1644902
1753776871.208708
1753776871.2428098
1753776871.3361719
1753776871.4285824
1753776871.494454
1753776871.5269969
1753776871.5738873
1753776871.602364
1753776871.6481442
1753776871.675627
1753776871.728448
1753776871.7552912
1753776871.8012624
1753776871.834899
1753776871.8890917
1753776871.9342895
1753776871.9903417
1753776872.027305
1753776872.071557
1753776872.1078374
1753776872.1736267
1753776872.2112923
1753776872.2707555
1753776872.302898
1753776872.3666108
1753776872.3972654
1753776872.434354
1753776872.4739993
1753776872.525377
1753776872.566515
1753776872.615923
1753776872.6466234
1753776872.7134233
1753776872.7814994
1753776872.839231
1753776872.8769193
1753776872.9312062
1753776872.962496
1753776872.9913614
1753776873.0464268
1753776873.0770352
1753776873.109243
1753776873.1545746
1753776873.182053
1753776873.2336972
1753776873.2580633
1753776873.2853065
1753776873.34004
1753776873.3867033
1753776873.433275
1753776873.4881663
1753776873.525005
1753776873.5586848
1753776873.6028533
1753776873.6534982
1753776873.693685
1753776873.751606
1753776873.781055
1753776873.814718
1753776873.8735542
1753776873.9141986
1753776873.959202
1753776873.9897823
1753776874.0427196
1753776874.0736632
1753776874.1391175
1753776874.217173
1753776874.2804399
1753776874.3126247
1753776874.3609695
1753776874.3931773
1753776874.4397955
1753776874.4907045
1753776874.5213227
1753776874.5654707
1753776874.595775
1753776874.6453872
1753776874.6870756
1753776874.734699
1753776874.7705503
1753776874.8302069
1753776874.8655298
1753776874.923038
1753776874.9489849
1753776874.9934418
1753776875.028862
1753776875.0852437
1753776875.1320126
1753776875.1742933
1753776875.2085872
1753776875.2529824
1753776875.2853234
1753776875.356903
1753776875.409174
1753776875.4734664
1753776875.5095189
1753776875.5585165
1753776875.6031418
1753776875.6375635
1753776875.6872451
1753776875.7335525
1753776875.7690523
1753776875.8162396
1753776875.865662
1753776875.9150944
1753776875.9476044
1753776875.9920766
1753776876.0241947
1753776876.085402
1753776876.1191158
1753776876.1665893
1753776876.204581
1753776876.2495885
1753776876.287557
1753776876.3388882
1753776876.3791091
1753776876.4233437
1753776876.4995794
1753776876.6016495
1753776876.6332784
1753776876.6786435
1753776876.7255335
1753776876.7560363
1753776876.7998335
1753776876.8354175
1753776876.8809128
1753776876.9112673
1753776876.9599698
1753776876.9953794
1753776877.044025
1753776877.082218
1753776877.1313484
1753776877.1624198
1753776877.2195423
1753776877.248426
1753776877.289412
1753776877.350379
1753776877.3782377
1753776877.4255164
1753776877.4623132
1753776877.506807
1753776877.5367534
1753776877.577312
1753776877.5976772
1753776877.6664517
1753776877.724289
1753776877.7949736
1753776877.8325565
1753776877.8640485
1753776877.9012468
1753776877.9301667
1753776877.9598505
1753776877.9835248
1753776878.010279
1753776878.037323
1753776878.0699224
1753776878.1075535
1753776878.1433175
1753776878.184136
1753776878.2179716
1753776878.2787437
1753776878.302579
1753776878.331698
1753776878.3655055
1753776878.4025447
1753776878.4535842
1753776878.4998598
1753776878.540886
1753776878.5778418
1753776878.6120508
1753776878.6450212
1753776878.6826038
1753776878.728885
1753776878.7402012
1753776878.7714586
1753776878.8167899
1753776878.8435643
1753776878.9148946
1753776878.975362
1753776879.0526855
1753776879.0992925
1753776879.1336455
1753776879.1664908
1753776879.2220628
1753776879.2510812
1753776879.302655
1753776879.3352547
1753776879.3751092
1753776879.4374628
1753776879.4681177
1753776879.5236769
1753776879.5531673
1753776879.600874
1753776879.6328626
1753776879.6656363
1753776879.6958513
1753776879.7522895
1753776879.7874434
1753776879.8332014
1753776879.8653448
1753776879.918041
1753776879.946593
1753776879.9885101
1753776880.0150254
1753776880.0543392
1753776880.091737
1753776880.2268565
1753776880.2676544
1753776880.2983906
1753776880.33955
1753776880.3700185
1753776880.4129572
1753776880.4666889
1753776880.5108063
1753776880.5643902
1753776880.600637
1753776880.654506
1753776880.68858
1753776880.7430112
1753776880.7737508
1753776880.8191779
1753776880.8489282
1753776880.9037511
1753776880.9387593
1753776880.9870095
1753776881.0312827
1753776881.0634751
1753776881.0930176
1753776881.1466033
1753776881.177753
1753776881.220331
1753776881.256164
1753776881.363905
1753776881.4526358
1753776881.4956493
1753776881.5277197
1753776881.5773091
1753776881.6116884
1753776881.6530733
1753776881.7055497
1753776881.7498972
1753776881.8020306
1753776881.8492913
1753776881.8807154
1753776881.941325
1753776881.972865
1753776882.0208325
1753776882.056924
1753776882.1070566
1753776882.1462343
1753776882.1938531
1753776882.2223463
1753776882.265971
1753776882.3006704
1753776882.3441904
1753776882.372086
1753776882.415154
1753776882.4450753
1753776882.5049171
1753776882.5895708
1753776882.6550963
1753777682.203656
1753777682.243702
1753777682.2829885
1753777682.3218517
1753777682.3467748
1753777682.385225
1753777682.4145858
1753777677.1947248
1753777677.226826
1753777677.271193
1753777677.3227007
1753777677.3497977
1753777677.3893995
1753777677.4304345
1753777677.4582798
1753777677.495642
1753777677.5353024
1753777677.56236
1753777677.5895758
1753777677.5993826
1753777677.6276336
1753777677.6662147
1753777677.6930075
1753777677.7336562
1753777677.7622864
1753777677.788845
1753777677.8282628
1753777677.8545575
1753777677.8914664
1753777677.9177206
1753777677.96043
1753777677.987508
1753777678.016349
1753777678.0238461
1753777678.0585556
1753777678.0826087
1753777678.1182332
1753777678.143799
1753777678.184057
1753777678.2105253
1753777678.2503798
1753777678.2771034
1753777678.3154297
1753777678.3405333
1753777678.378334
1753777678.4042535
1753777678.4457686
1753777678.4713113
1753777678.5117507
1753777678.5365882
1753777678.5745623
1753777678.5982103
1753777678.6345785
1753777678.6610475
1753777678.701769
1753777678.7264726
1753777678.7634501
1753777678.7907436
1753777678.8296704
1753777678.8528056
1753777678.88833
1753777678.9116917
1753777678.946395
1753777678.9687812
1753777679.0054357
1753777679.028123
1753777679.0534182
1753777679.0771186
1753777679.1133366
1753777679.136503
1753777679.1729577
1753777679.1957676
1753777679.233608
1753777679.254318
1753777679.2912195
1753777679.3113668
1753777679.349838
1753777679.3734488
1753777679.4030282
1753777679.4445024
1753777679.468845
1753777679.4965758
1753777679.5323286
1753777679.5542452
1753777679.5881302
1753777679.6058033
1753777679.6292667
1753777679.6530602
1753777679.690177
1753777679.711865
1753777679.7483952
1753777679.772056
1753777679.7987554
1753777679.8215106
1753777679.859615
1753777679.8836086
1753777679.9218404
1753777679.9440632
1753777679.9699814
1753777680.0070226
1753777680.029725
1753777680.0659194
1753777680.0900297
1753777680.1279247
1753777680.1501815
1753777680.187038
1753777680.21102
1753777680.2515547
1753777680.2748992
1753777680.3132584
1753777680.3384929
1753777680.3746114
1753777680.41167
1753777680.4328015
1753777680.4686549
1753777680.492253
1753777680.5325751
1753777680.5557282
1753777680.607111
1753777680.6340938
1753777680.6740875
1753777680.7038367
1753777680.7404523
1753777680.7596674
1753777680.7958229
1753777680.8230078
1753777680.860836
1753777680.8863194
1753777680.9222023
1753777680.9476511
1753777680.9866645
1753777681.0132263
1753777681.0503407
1753777681.07456
1753777681.1123233
1753777681.1402678
1753777681.1783214
1753777681.215147
1753777681.2397258
1753777681.275838
1753777681.310872
1753777681.3389175
1753777681.3762062
1753777681.402488
1753777681.442031
1753777681.4698064
1753777681.5090494
1753777681.5363486
1753777681.5783372
1753777681.6113782
1753777681.6518064
1753777681.679029
1753777681.7168758
1753777681.7369084
1753777681.773503
1753777681.80101
1753777681.8401768
1753777681.86575
1753777681.9029129
1753777681.9298992
1753777681.9676983
1753777682.0076306
1753777682.03104
1753777682.0680294
1753777682.0941348
1753777682.1325912
1753777682.1571305
1753777682.193352
1753777682.2169747
1753777682.2431145
1753777682.2711723
1753777682.3102098
1753777682.3318667
1753777682.371103
1753777682.3906772
1753777682.416747
1753777682.454336
1753777682.4755404
1753777682.5143344
1753777682.5361953
1753777682.571677
1753777682.5927284
1753777682.627567
1753777682.6439495
1753777682.678169
1753777682.696588
1753777682.7203994
1753777682.7445672
1753777682.7664804
1753777682.7867577
1753777682.8081036
1753777682.8309364
1753777682.8554862
1753777682.8781369
1753777682.9014215
1753777682.9235315
1753777682.949799
1753777682.975535
1753777683.0037816
1753777683.0285938
1753777683.0677152
1753777683.0864933
1753777683.1103165
1753777683.136559
1753777683.1648877
1753777683.2015004
1753777683.2222826
1753777683.2491713
1753777683.2771745
1753777683.304371
1753777683.331333
1753777683.361622
1753777683.3874383
1753777683.395025
1753777683.4228005
1753777683.4649653
1753777683.4881806
1753777683.527855
1753777683.551164
1753777683.5761588
1753777683.6127315
1753777683.6370876
1753777683.6644006
1753777683.7030256
1753777683.726889
1753777683.763245
1753777683.7887034
1753777683.8157907
1753777683.8579748
1753777683.8839936
1753777683.923874
1753777683.9483194
1753777683.985961
1753777684.011482
1753777684.0387702
1753777684.0643098
1753777684.1018424
1753777684.1259372
1753777684.1622458
1753777684.187376
1753777684.2249572
1753777684.251119
1753777684.289161
1753777684.3105967
1753777684.3460326
1753777684.3717988
1753777684.4096699
1753777684.433656
1753777684.459016
1753777684.495423
1753777684.5198176
1753777684.5460758
1753777684.594665
1753777684.6195934
1753777684.6566558
1753777684.6828034
1753777684.717144
1753777684.7417462
1753777684.7795568
1753777684.8056254
1753777684.844077
1753777684.8686981
1753777684.9068277
1753777684.932142
1753777684.971191
1753777685.0094638
1753777685.0370474
1753777685.0622537
1753777685.1000974
1753777685.1245134
1753777685.1605127
1753777685.185367
1753777685.220982
1753777685.2411532
1753777685.2766807
1753777685.3014648
1753777685.34208
1753777685.3668425
1753777685.3930624
1753777685.427492
1753777685.4530776
1753777685.4901474
1753777685.5284007
1753777685.5529819
1753777685.5897236
1753777685.6142473
1753777685.652146
1753777685.678174
1753777685.7181828
1753777685.7440689
1753777685.7845786
1753777685.8093019
1753777685.849179
1753777685.8748353
1753777685.9134943
1753777685.9383283
1753777685.9741945
1753777685.999023
1753777686.0351782
1753777686.0605025
1753777686.0986876
