1753183714.1496456
1753183714.1676662
1753183714.207672
1753183714.2560308
1753183714.287724
1753183714.3312037
1753183714.3680131
1753183714.4146864
1753183714.4447541
1753183714.4847343
1753183714.52019
1753183714.5459921
1753183714.5833158
1753183714.6227655
1753183714.658941
1753183714.683451
1753183714.7143111
1753183714.7524195
1753183714.7811856
1753183714.8178244
1753183714.855053
1753183714.8920002
1753183714.9140198
1753183714.9535198
1753183714.9788864
1753183715.0180616
1753183715.0439737
1753183715.081864
1753183715.1069155
1753183715.1520562
1753183715.1769419
1753183715.2158272
1753183715.2386541
1753183715.2868066
1753183715.3168497
1753183715.3560512
1753183715.378915
1753183715.4155092
1753183715.440118
1753183715.4663565
1753183715.4913619
1753183715.5290725
1753183715.5518787
1753183715.5902781
1753183715.6167397
1753183715.6439245
1753183715.6750166
1753183715.6994524
1753183715.7354975
1753183715.7587912
1753183715.787996
1753183715.8496935
1753183715.8716805
1753183715.9032881
1753183715.9474618
1753183715.9744427
1753183716.0143673
1753183716.0338802
1753183716.0700004
1753183716.0915413
1753183716.1235704
1753183716.16009
1753183716.177498
1753183716.2115614
1753183716.2329843
1753183716.2612636
1753183716.2919881
1753183716.318596
1753183716.3629425
1753183716.3860316
1753183716.4326801
1753183716.457349
1753183716.484248
1753183716.5252507
1753183716.546405
1753183716.5814638
1753183716.6245558
1753183716.6506317
1753183716.6932757
1753183716.7245386
1753183716.7574885
1753183716.8058481
1753183716.8371146
1753183716.8830056
1753183716.9110448
1753183716.9734206
1753183717.006046
1753183717.0589395
1753183717.0904038
1753183717.1211402
1753183717.14724
1753183717.1850164
1753183717.2019663
1753183717.2447703
1753183717.2756755
1753183717.3102782
1753183717.3485029
1753183717.3756182
1753183717.4066427
1753183717.457147
1753183717.4865134
1753183717.5184405
1753183717.552751
1753183717.5945146
1753183717.6323256
1753183717.6802373
1753183717.7351027
1753183717.7807245
1753183717.8093908
1753183717.8495386
1753183717.9086108
1753183717.9487164
1753183717.982563
1753183718.0282495
1753183718.0580208
1753183718.1027093
1753183718.1353765
1753183718.1817007
1753183718.2117307
1753183718.256482
1753183718.284315
1753183718.3230922
1753183718.3483675
1753183718.3876262
1753183718.4168956
1753183718.4602637
1753183718.4925387
1753183718.5316374
1753183718.5731692
1753183718.6196656
1753183718.661189
1753183718.6962051
1753183718.7489858
1753183718.7856228
1753183718.8304484
1753183718.8788157
1753183718.9145582
1753183718.9487493
1753183718.993375
1753183719.0416305
1753183719.0725234
1753183719.1250381
1753183719.1558638
1753183719.2008493
1753183719.2309332
1753183719.2808633
1753183719.3176315
1753183719.3641982
1753183719.4038904
1753183719.4570076
1753183719.484981
1753183719.5370944
1753183719.5667412
1753183719.6130054
1753183719.647201
1753183719.705096
1753183719.7444527
1753183719.7907803
1753183719.8188727
1753183719.865419
1753183719.8956027
1753183719.9525633
1753183719.9872289
1753183720.0466628
1753183720.0867107
1753183720.144094
1753183720.190165
1753183720.2197459
1753183720.2752042
1753183720.307568
1753183720.3427482
1753183720.382963
1753183720.4102485
1753183720.4625669
1753183720.5020018
1753183720.5453942
1753183720.5837417
1753183720.6297584
1753183720.6695971
1753183720.7171593
1753183720.755583
1753183720.8067584
1753183720.8404458
1753183720.8717113
1753183720.9060357
1753183720.9558027
1753183720.9854345
1753183721.0279262
1753183721.057002
1753183721.0984557
1753183721.13235
1753183721.1851258
1753183721.2214339
1753183721.2659879
1753183721.2947376
1753183721.3415916
1753183721.3735285
1753183721.4131827
1753183721.4413881
1753183721.487449
1753183721.5166686
1753183721.5463629
1753183721.578056
1753183721.6176145
1753183721.628496
1753183721.6675627
1753183721.688786
1753183721.7323372
1753183721.757133
1753183721.7828963
1753183721.8085647
1753183721.8462758
1753183721.8666995
1753183721.89095
1753183721.9212794
1753183721.950487
1753183721.9878426
1753183722.0102854
1753183722.048381
1753183722.0715232
1753183722.0983438
1753183722.1333501
1753183722.1690516
1753183722.192986
1753183722.217443
1753183722.244533
1753183722.2685442
1753183722.306322
1753183722.3290985
1753183722.3622947
1753183722.3841603
1753183722.422273
1753183722.443296
1753183722.4806612
1753183722.5002306
1753183722.5348253
1753183722.554303
1753183722.5878513
1753183722.609536
1753183722.649301
1753183722.6696408
1753183722.6797762
1753183722.6999114
1753183722.7370977
1753183722.7655637
1753183722.801126
1753183722.8188252
1753183722.8513787
1753183722.8720503
1753183722.910177
1753183722.9303129
1753183722.962068
1753183722.9796565
1753183723.0123782
1753183723.0305269
1753183723.0756762
1753183723.0994549
1753183723.1250365
1753183723.1494954
1753183723.1994803
1753183723.2260885
1753183723.256611
1753183723.294535
1753183723.318914
1753183723.3607876
1753183723.3844976
1753183723.4097743
1753183723.4467816
1753183723.4694738
1753183723.5054815
1753183723.527888
1753183723.556525
1753183723.5700297
1753183723.5925655
1753183723.6188731
1753183723.6430874
1753183723.6723714
1753183723.708777
1753183723.7291496
1753183723.754451
1753183723.7787483
1753183723.8044121
1753183723.828185
1753183723.8633835
1753183723.885227
1753183723.9087093
1753183723.934614
1753183723.9740298
1753183724.0010724
1753183724.042967
1753183724.0703902
1753183724.112663
1753183724.1369684
1753183724.1722474
1753183724.1962588
1753183724.2391121
1753183724.2629583
1753183724.2998395
1753183724.3240957
1753183724.3625703
