1753183944.9691753
1753183944.9860945
1753183945.0450985
1753183942.086664
1753183942.1367707
1753183942.1646702
1753183942.2148929
1753183942.240513
1753183942.286109
1753183942.3187642
1753183942.36371
1753183942.3906763
1753183942.4269373
1753183942.4578369
1753183942.4921224
1753183942.516685
1753183942.5574071
1753183942.5903592
1753183942.6294456
1753183942.6583564
1753183942.6910517
1753183942.714657
1753183942.754393
1753183942.7805681
1753183942.8276594
1753183942.8597143
1753183942.898922
1753183942.9253485
1753183942.9652646
1753183942.9938629
1753183943.0353842
1753183943.0684881
1753183943.1153603
1753183943.1463044
1753183943.1922214
1753183943.221707
1753183943.2614229
1753183943.28652
1753183943.3257985
1753183943.3544743
1753183943.410103
1753183943.4432914
1753183943.494138
1753183943.533685
1753183943.5734143
1753183943.5987847
1753183943.6323342
1753183943.657167
1753183943.694863
1753183943.71744
1753183943.7505107
1753183943.7744112
1753183943.8113687
1753183943.8409443
1753183943.880436
1753183943.9107482
1753183943.9517646
1753183943.9818892
1753183944.021081
1753183944.0595295
1753183944.083013
1753183944.1243968
1753183944.1503584
1753183944.1648972
1753183944.201924
1753183944.2254558
1753183944.260627
1753183944.2839482
1753183944.3188872
1753183944.3432796
1753183944.3820956
1753183944.40883
1753183944.4492705
1753183944.470958
1753183944.4968534
1753183944.521433
1753183944.5607862
1753183944.582217
1753183944.6226492
1753183944.6480832
1753183944.6820672
1753183944.7067084
1753183944.7470999
1753183944.773222
1753183944.805875
1753183944.8244667
1753183944.8586109
1753183944.872879
1753183944.9058616
1753183944.935281
1753183944.9456797
1753183944.980611
1753183944.9957383
1753183945.018825
1753183945.054928
1753183945.073365
1753183945.1024776
1753183945.12921
1753183945.1568592
1753183945.1804361
1753183945.2170403
1753183945.2380793
1753183945.2606952
1753183945.2847512
1753183945.3089685
1753183945.3314903
1753183945.354393
1753183945.3809392
1753183945.413562
1753183945.4332569
1753183945.4679728
1753183945.4891076
1753183945.5220034
1753183945.543357
1753183945.5665207
1753183945.592801
1753183945.6271002
1753183945.6456277
1753183945.6692424
1753183945.704832
1753183945.7238307
1753183945.7465854
1753183945.767675
1753183945.7845495
1753183945.8121257
1753183945.8290617
1753183945.8567853
1753183945.874183
1753183945.9009314
1753183945.916212
1753183945.9361343
1753183945.9548516
1753183945.9710712
1753183945.9892492
1753183946.0087516
1753183946.028299
1753183946.0479527
1753183946.0691707
1753183946.0903566
1753183946.1118555
1753183946.1411097
1753183946.1688547
1753183946.1922727
1753183946.2137077
1753183946.2382076
1753183946.2614899
1753183946.2853396
1753183946.3078263
1753183946.331344
1753183946.3560429
1753183946.3802333
1753183946.406719
1753183946.4309962
1753183946.4511092
1753183946.4865227
1753183946.5105343
1753183946.5379853
1753183946.563746
1753183946.5929623
1753183946.6168942
1753183946.6451697
1753183946.667721
1753183946.6880052
1753183946.7088354
1753183946.7299907
1753183946.751831
1753183946.772403
1753183946.792211
1753183946.8159575
1753183946.8374958
1753183946.8573225
1753183946.876839
1753183946.8969085
1753183946.9185438
1753183946.9420302
1753183946.9506721
1753183946.9897547
1753183947.013046
1753183947.0502646
1753183947.0717416
1753183947.0958629
1753183947.1220922
1753183947.1619005
1753183947.195047
1753183947.2146008
1753183947.2508075
1753183947.2803228
1753183947.3050046
1753183947.3301418
1753183947.3589098
1753183947.384826
1753183947.4161377
1753183947.4424381
1753183947.4815204
1753183947.5077202
1753183947.5439749
1753183947.570233
1753183947.6061406
1753183947.6430516
1753183947.6705103
1753183947.7093832
1753183947.733968
1753183947.7718704
1753183947.794944
1753183947.8297637
1753183947.8487911
1753183947.8828034
1753183947.9012277
1753183947.9371717
1753183947.9565945
1753183947.9931638
1753183948.0127797
1753183948.0448854
1753183948.062286
1753183948.097245
1753183948.1298761
1753183948.148383
1753183948.1819866
1753183948.2025533
1753183948.2335649
1753183948.2680016
1753183948.2882926
1753183948.320428
1753183948.341355
1753183948.3757513
1753183948.398392
1753183948.4318094
1753183948.4530146
1753183948.4751651
1753183948.515149
1753183948.5378504
1753183948.5611885
1753183948.5856018
1753183948.611052
1753183948.6359673
1753183948.6617985
1753183948.6856558
1753183948.7126
1753183948.7444
1753183948.7679474
1753183948.791976
1753183948.8004918
1753183948.825411
1753183948.8581054
1753183948.882386
1753183948.918308
1753183948.9440358
1753183948.9795182
1753183949.0056148
1753183949.033488
1753183949.0596702
1753183949.1021938
1753183949.1390872
1753183949.1750507
1753183949.20101
1753183949.2366784
1753183949.2736998
1753183949.309369
1753183949.337735
1753183949.3745723
1753183949.4114532
1753183949.4483042
1753183949.4755065
1753183949.5113733
1753183949.5427349
1753183949.5789397
1753183949.606044
1753183949.6328356
1753183949.6743798
1753183949.7031138
1753183949.740976
1753183949.7780402
1753183949.8033924
1753183949.8335323
1753183949.8639321
1753183949.8977497
1753183949.921443
1753183950.0233047
1753183950.0755985
1753183950.1131237
1753183950.1422367
1753183950.1770077
1753183950.21114
1753183950.2455728
1753183950.272278
1753183950.305922
1753183950.3398218
1753183950.376683
1753183950.4052095
1753183950.4430532
1753183950.4701796
1753183950.5093157
1753183950.5430515
1753183950.56976
1753183950.6066258
1753183950.6309307
1753183950.6677468
1753183950.6931567
1753183950.728535
