1753183900.2675884
1753183900.28261
1753183900.3188813
1753183900.3550055
1753183900.3875995
1753183900.414154
1753183900.4489625
1753183900.4941983
1753183900.5223255
1753183900.5622027
1753183900.5986102
1753183900.6412225
1753183900.6785803
1753183900.7128372
1753183900.7518947
1753183900.7846942
1753183900.8120441
1753183900.8408167
1753183900.8688953
1753183900.890879
1753183900.9169862
1753183900.9515886
1753183900.9787195
1753183901.0164611
1753183901.0481749
1753183901.0829496
1753183901.1382105
1753183901.1644104
1753183901.2133095
1753183901.2476451
1753183901.2883637
1753183901.3199801
1753183901.3613167
1753183901.397254
1753183901.450848
1753183901.4826686
1753183901.5273793
1753183901.5552723
1753183901.6002805
1753183901.6324792
1753183901.6710737
1753183901.7061098
1753183901.763264
1753183901.7988935
1753183901.8402271
1753183901.8668263
1753183901.917335
1753183901.9559507
1753183902.014895
1753183902.0469751
1753183902.0965703
1753183902.1313732
1753183902.186657
1753183902.2141547
1753183902.2530086
1753183902.2765396
1753183902.3143058
1753183902.3372903
1753183902.3750887
1753183902.4078264
1753183902.4420424
1753183902.464449
1753183902.499259
1753183902.5163758
1753183902.5473008
1753183902.5675023
1753183902.5902505
1753183902.6132455
1753183902.6464615
1753183902.6874137
1753183902.723002
1753183902.7452478
1753183902.780733
1753183902.801895
1753183902.8407967
1753183902.8598676
1753183902.893775
1753183902.91804
1753183902.9589176
1753183903.0033824
1753183903.0250745
1753183903.0500178
1753183903.0797255
1753183903.0994308
1753183903.131235
1753183903.1528225
1753183903.1802974
1753183903.204086
1753183903.2527268
1753183903.2730823
1753183903.3070364
1753183903.3285403
1753183903.3515995
1753183903.3739114
1753183903.4110076
1753183903.4320827
1753183903.4655578
1753183903.4876747
1753183903.518872
1753183903.5654476
1753183903.587157
1753183903.6213043
1753183903.6448345
1753183903.6778476
1753183903.70021
1753183903.733654
1753183903.7568715
1753183903.7909656
1753183903.8139632
1753183903.8535302
1753183903.8822837
1753183903.916499
1753183903.9501073
1753183903.9704716
1753183904.003267
1753183904.0261872
1753183904.06293
1753183904.0853956
1753183904.122078
1753183904.147025
1753183904.1942372
1753183904.2198584
1753183904.2554064
1753183904.2828333
1753183904.3164086
1753183904.3411896
1753183904.374328
1753183904.3975022
1753183904.4387577
1753183904.4761744
1753183904.5171707
1753183904.5430365
1753183904.5777903
1753183904.6010153
1753183904.6355095
1753183904.665891
1753183904.7089615
1753183904.7457256
1753183904.7797353
1753183904.8121073
1753183904.8521483
1753183904.878815
1753183904.9120784
1753183904.9427803
1753183904.9803193
1753183905.0145016
1753183905.0557036
1753183905.0863118
1753183905.1238406
1753183905.1593614
1753183905.2109966
1753183905.236618
1753183905.2707949
1753183905.2918122
1753183905.333871
1753183905.36103
1753183905.4063613
1753183905.4339643
1753183905.4739728
1753183905.5004227
1753183905.5377896
1753183905.574815
1753183905.5974767
1753183905.6593418
1753183905.7042387
1753183905.742073
1753183905.7657804
1753183905.8003137
1753183905.8226156
1753183905.8463354
1753183905.8710272
1753183905.9046824
1753183905.9263115
1753183905.9586017
1753183905.97733
1753183906.0013177
1753183906.0327566
1753183906.0543516
1753183906.0860958
1753183906.1066215
1753183906.1501245
1753183906.1684668
1753183906.2020116
1753183906.217155
1753183906.2479312
1753183906.2683241
1753183906.2950163
1753183906.3268924
1753183906.3472884
1753183906.3765998
1753183906.3965786
1753183906.420222
1753183906.4422839
1753183906.4621606
1753183906.4880338
1753183906.5116751
1753183906.5345182
1753183906.560675
1753183906.5824146
1753183906.603586
1753183906.6440835
1753183906.6620793
1753183906.6850913
1753183906.7131484
1753183906.7393274
1753183906.7728977
1753183906.7922807
1753183906.8151064
1753183906.8387606
1753183906.8631263
1753183906.886064
1753183906.9112191
1753183906.95009
1753183906.9655943
1753183906.9895053
1753183907.0241816
1753183907.0448554
1753183907.089756
1753183907.1121585
1753183907.1578717
1753183907.1950388
1753183907.2163403
1753183907.2495656
1753183907.2857316
1753183907.3073478
1753183907.3402624
1753183907.3648057
1753183907.4002523
1753183907.4341326
1753183907.457481
1753183907.4930146
1753183907.515548
1753183907.5525193
1753183907.5794296
1753183907.6076508
1753183907.6433594
1753183907.6785796
1753183907.702
1753183907.73595
1753183907.7603667
1753183907.7903612
1753183907.7995903
1753183907.8361254
1753183907.8570375
1753183907.9052014
1753183907.928633
1753183907.9667811
1753183907.99049
1753183908.0243492
1753183908.061856
1753183908.094565
1753183908.1263301
1753183908.1605763
1753183908.1868317
1753183908.223687
1753183908.2521574
1753183908.2914264
1753183908.32193
1753183908.3671556
1753183908.3912926
1753183908.4278026
1753183908.4520373
1753183908.4896042
1753183908.516602
1753183908.568701
1753183908.6036992
1753183908.6277134
1753183908.658548
1753183908.6965544
1753183908.7210157
1753183908.7551093
1753183908.7816482
1753183908.8262212
1753183908.848689
1753183908.8856936
1753183908.9105315
1753183908.948581
1753183908.9741926
1753183909.0160658
1753183909.0525377
1753183909.0763462
1753183909.111819
1753183909.1447034
1753183909.1680906
1753183909.2025967
1753183909.2383869
1753183909.2775514
1753183909.3002913
1753183909.3365424
1753183909.361994
1753183909.402127
1753183909.4261308
1753183909.4657362
1753183909.4975808
1753183909.540995
1753183909.5640862
1753183909.6016533
1753183909.6262481
1753183909.6706553
1753183909.6982675
