1753774314.7081726
1753774314.758946
1753774314.8038783
1753774314.8383453
1753774314.8782146
1753774314.913749
1753774314.9446418
1753774314.988415
1753774315.0175445
1753774315.0566735
1753774315.1010606
1753774315.1313992
1753774315.1693923
1753774315.2082725
1753774315.2405796
1753774315.2833438
1753774315.309999
1753774315.3175423
1753774315.342961
1753774315.3710022
1753774315.3955212
1753774315.423501
1753774315.4488125
1753774315.4751515
1753774315.5017416
1753774315.5262773
1753774315.552731
1753774315.5909514
1753774315.6146963
1753774315.63974
1753774315.666141
1753774315.703001
1753774315.727583
1753774315.753909
1753774315.7909842
1753774315.8080783
1753774315.8328166
1753774315.8672638
1753774315.8858814
1753774315.9202325
1753774315.9416153
1753774315.9659922
1753774315.9886668
1753774316.0238245
1753774316.0436516
1753774316.0782292
1753774316.0974338
1753774316.1333165
1753774316.1553488
1753774316.1848183
1753774316.2346017
1753774316.2579522
1753774316.2941844
1753774316.3290083
1753774316.3483517
1753774316.3850975
1753774316.407174
1753774316.4318767
1753774316.4590921
1753774316.4820356
1753774316.50548
1753774316.543637
1753774316.568306
1753774316.6069055
1753774316.6286805
1753774316.6461926
1753774316.6823435
1753774316.706414
1753774316.741818
1753774316.7652361
1753774316.8009574
1753774316.823369
1753774316.847768
1753774316.8853223
1753774316.9092808
1753774316.9327626
1753774316.95868
1753774316.9827738
1753774317.0222347
1753774317.0445776
1753774317.080686
1753774317.103028
1753774317.1403778
1753774317.1637425
1753774317.2065864
1753774317.2310734
1753774317.2712054
1753774317.2987905
1753774317.3392098
1753774317.36576
1753774317.3929331
1753774317.4184186
1753774317.4393651
1753774317.4773557
1753774317.497824
1753774317.5177088
1753774317.5435326
1753774317.5929415
1753774317.611104
1753774317.6311414
1753774317.6673381
1753774317.6894236
1753774317.7267075
1753774317.7500143
1753774317.7777224
1753774317.818588
1753774317.8431914
1753774317.883631
1753774317.9103389
1753774317.9372644
1753774317.9623692
1753774318.003035
1753774318.0265903
1753774318.0643914
1753774318.0870671
1753774318.1261024
1753774318.1481452
1753774318.187435
1753774318.2212377
1753774318.2511888
1753774318.2913878
1753774318.3205342
1753774318.3637567
1753774318.3932467
1753774318.4351437
1753774318.4560473
1753774318.4952292
1753774318.5228908
1753774318.5618858
1753774318.5897827
1753774318.6440723
1753774318.667815
1753774318.6958632
1753774318.7398963
1753774318.7606137
1753774318.8035433
1753774318.8250444
1753774318.8501394
1753774318.8746395
1753774318.897676
1753774318.920286
1753774318.9584796
1753774318.9865735
1753774319.0164108
1753774319.052823
1753774319.0727723
1753774319.0971494
1753774319.133045
1753774319.1519418
1753774319.1736693
1753774319.1965108
1753774319.2179277
1753774319.2567012
1753774319.2747133
1753774319.2965386
1753774319.303857
1753774319.312765
1753774319.3531082
1753774319.3768647
1753774319.4164207
1753774319.454523
1753774319.4775352
1753774319.5166874
1753774319.5591562
1753774319.5822268
1753774319.6202984
1753774319.6587327
1753774319.6819339
1753774319.7204432
1753774319.744646
1753774319.7873845
1753774319.810615
1753774319.8444214
1753774319.8876185
1753774319.906097
1753774319.9427779
1753774319.9621158
1753774319.9970315
1753774320.0149426
1753774320.0474958
1753774320.0695515
1753774320.1085355
1753774320.1333172
1753774320.1693702
1753774320.1915886
1753774320.2093885
1753774320.2277174
1753774320.2518945
1753774320.287715
1753774320.3088148
1753774320.3427842
1753774320.3664958
1753774320.4073339
1753774320.4331279
1753774320.4744368
1753774320.513072
1753774320.5369625
1753774320.575113
1753774320.6155348
1753774320.6395988
1753774320.679867
1753774320.7015886
1753774320.7238038
1753774320.7609174
1753774320.7856753
1753774320.8279393
1753774320.8709593
1753774320.8981717
1753774320.9280062
1753774320.948313
1753774320.9874253
1753774321.0102785
1753774321.0534585
1753774321.0786104
1753774321.1141934
1753774321.1367533
1753774321.1795554
1753774321.204625
1753774321.24095
1753774321.2645233
1753774321.3022456
1753774321.3255978
1753774321.3645926
1753774321.393049
1753774321.4364362
1753774321.4604654
1753774321.4989066
1753774321.5233834
1753774321.5623577
1753774321.5857706
1753774321.6087785
1753774321.6369805
1753774321.6522644
1753774321.6909456
1753774321.7143905
1753774321.7539
1753774321.7816744
1753774321.8196878
1753774321.8425815
1753774321.8813937
1753774321.9214976
1753774321.9458063
1753774321.985321
1753774322.0277216
1753774322.0504572
1753774322.0573788
1753774322.099053
1753774322.1248453
1753774322.1651454
1753774322.1902661
1753774322.2289987
1753774322.2522054
1753774322.286642
1753774322.3204787
1753774322.3391695
1753774322.3591514
1753774322.3789413
1753774322.4014146
1753774322.4430797
1753774322.4664319
1753774322.5049338
1753774322.5433881
1753774322.5700414
1753774322.6117163
1753774322.6433573
1753774322.6857285
1753774322.7106352
1753774322.735127
1753774322.767315
1753774322.8047235
1753774322.8267813
1753774322.864879
1753774322.8898246
1753774322.9325476
1753774322.9581528
1753774322.9820402
1753774323.017782
1753774323.0560439
1753774323.0803094
1753774323.1006393
1753774323.1224842
1753774323.1421328
1753774323.1590097
1753774323.1811938
1753774323.2023897
1753774323.2222111
1753774323.247377
1753774323.27539
1753774323.2992172
1753774323.3240328
1753774323.3464265
1753774323.3687766
1753774323.4030807
1753774323.4392211
1753774323.4620306
1753774323.4979973
1753774323.5353484
1753774323.558564
1753774323.5957341
1753774323.6191125
1753774323.6573036
1753775678.1475067
1753775678.2130141
1753775678.2554264
1753775678.2899554
1753775678.3286493
1753775678.3663156
1753775678.3958979
1753775678.4435477
1753775678.475172
1753775678.5154164
1753775678.5611024
1753775678.5932178
1753775678.6335332
1753775678.6753561
1753775678.7106955
1753775678.7596393
1753775678.7903876
1753775678.8002977
1753775678.8263733
1753775678.851904
1753775678.877219
1753775678.9058638
1753775678.9352689
1753775678.963048
1753775678.9916358
1753775679.017486
1753775679.0455585
1753775679.0834582
1753775679.1089735
1753775679.136304
1753775679.1646457
1753775679.2027202
1753775679.2274082
1753775679.2537978
1753775679.290421
1753775679.307676
1753775679.3343327
1753775679.3742816
1753775679.3935435
1753775679.4308503
1753775679.455632
1753775679.48145
1753775679.5047464
1753775679.544014
1753775679.564645
1753775679.60186
1753775679.6247692
1753775679.6616836
1753775679.6821687
1753775679.7051902
1753775679.7433925
1753775679.7655616
1753775679.800181
1753775679.8374531
1753775679.8601143
1753775679.8968434
1753775679.9214408
1753775679.9471674
1753775679.9723787
1753775679.9969351
1753775680.0205956
1753775680.0592859
1753775680.0825305
1753775680.1174462
1753775680.140926
1753775680.1624525
1753775680.1995912
1753775680.222895
1753775680.2602253
1753775680.2839093
1753775680.3203108
1753775680.3431091
1753775680.3684647
1753775680.4050834
1753775680.4277737
1753775680.4520352
1753775680.4774463
1753775680.502215
1753775680.5419672
1753775680.5659428
1753775680.6022542
1753775680.625685
1753775680.6615562
1753775680.6866953
1753775680.7266302
1753775680.751741
1753775680.7912083
1753775680.8176508
1753775680.85533
1753775680.8817625
1753775680.9098687
1753775680.9355125
1753775680.9637668
1753775681.0012326
1753775681.0209398
1753775681.0373957
1753775681.060828
1753775681.0992093
1753775681.1155694
1753775681.1400476
1753775681.1833158
1753775681.208199
1753775681.2496166
1753775681.2741613
1753775681.30363
1753775681.3470156
1753775681.3718448
1753775681.4157073
1753775681.442513
1753775681.4753857
1753775681.5048656
1753775681.5441668
1753775681.567692
1753775681.6032667
1753775681.6239514
1753775681.6601992
1753775681.6840744
1753775681.7259018
1753775681.7520895
1753775681.7807307
1753775681.8194268
1753775681.8472593
1753775681.8861837
1753775681.9168048
1753775681.9656804
1753775681.9929967
1753775682.0361469
1753775682.0649924
1753775682.1025999
1753775682.121328
1753775682.1591344
1753775682.177743
1753775682.2030768
1753775682.242478
1753775682.2654514
1753775682.309212
1753775682.3332584
1753775682.36098
1753775682.387583
1753775682.4148595
1753775682.4428325
1753775682.5060143
1753775682.5337956
1753775682.5608299
1753775682.6057167
1753775682.6314592
1753775682.6628604
1753775682.7104855
1753775682.7336764
1753775682.7577567
1753775682.7831562
1753775682.8059628
1753775682.8647456
1753775682.887156
1753775682.9145272
1753775682.923966
1753775682.9345303
1753775682.9845667
1753775683.0157583
1753775683.0621018
1753775683.1026132
1753775683.1289368
1753775683.1700065
1753775683.224999
1753775683.2530425
1753775683.29624
1753775683.334377
1753775683.3576245
1753775683.3983657
1753775683.423445
1753775683.464608
1753775683.4913945
1753775683.526357
1753775683.5696833
1753775683.5896595
1753775683.6251745
1753775683.6456943
1753775683.6800158
1753775683.698882
1753775683.7299187
1753775683.7527046
1753775683.789545
1753775683.8132677
1753775683.8493555
1753775683.872345
1753775683.8909397
1753775683.910813
1753775683.9367442
1753775683.9719753
1753775683.9954765
1753775684.0313017
1753775684.0551348
1753775684.0896015
1753775684.1139057
1753775684.1536715
1753775684.1982918
1753775684.2240074
1753775684.264901
1753775684.3038065
1753775684.330087
1753775684.3710966
1753775684.3939447
1753775684.4170656
1753775684.4526458
1753775684.476526
1753775684.517563
1753775684.5572586
1753775684.5823288
1753775684.6106603
1753775684.6300013
1753775684.6696036
1753775684.6926417
1753775684.7312195
1753775684.757799
1753775684.7957604
1753775684.820512
1753775684.865077
1753775684.8935845
1753775684.932609
1753775684.9580328
1753775684.9974017
1753775685.0243065
1753775685.0696416
1753775685.095855
1753775685.1360028
1753775685.1607254
1753775685.2053099
1753775685.2323127
1753775685.272985
1753775685.297579
1753775685.3219187
1753775685.353091
1753775685.3716354
1753775685.4157276
1753775685.4411798
1753775685.4829068
1753775685.509396
1753775685.5574312
1753775685.5927932
1753775685.6354144
1753775685.6750379
1753775685.70076
1753775685.7414513
1753775685.7837658
1753775685.808745
1753775685.8165104
1753775685.856496
1753775685.8836155
1753775685.9263468
1753775685.952433
1753775685.9919608
1753775686.016403
1753775686.0510592
1753775686.0885112
1753775686.1085522
1753775686.1293075
1753775686.1508749
1753775686.1772027
1753775686.2162492
1753775686.2409787
1753775683.320767
1753775683.3618057
1753775683.3872037
1753775683.4247205
1753775683.4507356
1753775683.4933946
1753775683.519828
1753775683.5451794
1753775683.5805895
1753775683.6355462
1753775683.66749
1753775683.7061083
1753775683.7302184
1753775683.7691793
1753775683.7934444
1753775683.8159397
1753775683.8537128
1753775683.8933485
1753775683.9158857
1753775683.9355257
1753775683.9555469
1753775683.9770753
1753775683.9997509
1753775684.020318
1753775684.042794
1753775684.0648143
1753775684.0949402
1753775684.1204333
1753775684.1460505
1753775684.171661
1753775684.197615
1753775684.2216136
1753775684.2578778
1753775684.2956676
1753775684.3303971
1753775684.384488
1753775684.4239438
1753775684.4484258
1753775684.4879215
1753775684.5136945
1753775684.5566847
1753777863.3724813
1753777863.4298773
1753777863.4739118
1753777863.5068042
1753777863.544957
1753777863.5803053
1753777863.612097
1753777863.6596713
1753777863.6897795
1753777863.7434664
1753777863.8021975
1753777863.8324938
1753777863.8691952
1753777863.9070163
1753777863.9386725
1753777863.9787903
1753777864.0059237
1753777864.0133293
1753777864.0388448
1753777864.0631726
1753777864.0871432
1753777864.1174324
1753777864.1519194
1753777864.1780589
1753777864.2043858
1753777864.2290268
1753777864.253934
1753777864.291479
1753777864.3159516
1753777864.3419337
1753777864.369579
1753777864.4111314
1753777864.4374285
1753777864.4625916
1753777864.500221
1753777864.51743
1753777864.5435336
1753777864.5822165
1753777864.6011283
1753777864.6363873
1753777864.6598413
1753777864.6836627
1753777864.7089121
1753777864.7481086
1753777864.768238
1753777864.8045962
1753777864.8312604
1753777864.8669128
1753777864.8871703
1753777864.9105597
1753777864.9469194
1753777864.9679577
1753777865.0020704
1753777865.0363266
1753777865.0558937
1753777865.090577
1753777865.113685
1753777865.1368508
1753777865.1623375
1753777865.186612
1753777865.2115834
1753777865.2495449
1753777865.272123
1753777865.3082256
1753777865.3292086
1753777865.3472521
1753777865.3847342
1753777865.4086323
1753777865.4448519
1753777865.4664826
1753777865.5039093
1753777865.5274084
1753777865.552371
1753777865.5913544
1753777865.6141763
1753777865.6376402
1753777865.6618865
1753777865.685865
1753777865.7218432
1753777865.74371
1753777865.7790499
1753777865.8013856
1753777865.8367112
1753777865.8613644
1753777865.9017153
1753777865.9276772
1753777865.9680867
1753777865.9949696
1753777866.0346086
1753777866.0637808
1753777866.0938032
1753777866.122464
1753777866.1486576
1753777866.1908607
1753777866.224137
1753777866.2433605
1753777866.2674682
1753777866.3045337
1753777866.321307
1753777866.3425786
1753777866.378779
1753777866.399402
1753777866.4384754
1753777866.4615717
1753777866.4883146
1753777866.5293097
1753777866.5515785
1753777866.587906
1753777866.6100562
1753777866.6344213
1753777866.6598113
1753777866.7010214
1753777866.7235029
1753777866.7591524
1753777866.7791097
1753777866.8142083
1753777866.8374312
1753777866.8779314
1753777866.9030066
1753777866.932852
1753777866.9725783
1753777866.998269
1753777867.035161
1753777867.0623572
1753777867.100014
1753777867.1210992
1753777867.15892
1753777867.1837807
1753777867.2192159
1753777867.2367785
1753777867.2735503
1753777867.290958
1753777867.314782
1753777867.351255
1753777867.3709283
1753777867.406698
1753777867.4301922
1753777867.4594398
1753777867.4835472
1753777867.507406
1753777867.5308955
1753777867.567935
1753777867.5889525
1753777867.611733
1753777867.646909
1753777867.6664836
1753777867.6909273
1753777867.730914
1753777867.7529106
1753777867.780683
1753777867.8092835
1753777867.8364403
1753777867.8770165
1753777867.8951585
1753777867.9172854
1753777867.9257524
1753777867.934891
1753777867.9763093
1753777868.01194
1753777868.051308
1753777868.0955372
1753777868.1218839
1753777868.1642687
1753777868.2073529
1753777868.2315407
1753777868.2722754
1753777868.3364391
1753777868.3639877
1753777868.4154618
1753777868.4446971
1753777868.5183382
1753777868.556233
1753777868.6038575
1753777868.6455622
1753777868.6661906
1753777868.7016416
1753777868.7223494
1753777868.7650754
1753777868.7909586
1753777868.8377702
1753777868.872535
1753777868.9212787
1753777868.9476898
1753777868.9859238
1753777869.010537
1753777869.0324001
1753777869.0552516
1753777869.0897064
1753777869.179236
1753777869.210012
1753777869.26297
1753777869.2917223
1753777869.3357427
1753777869.364502
1753777869.4191983
1753777869.4639993
1753777869.495446
1753777869.536784
1753777869.5817802
1753777869.6166816
1753777869.6583939
1753777869.6868455
1753777869.709914
1753777869.748112
1753777869.7728288
1753777869.8120883
1753777869.8522182
1753777869.8770576
1753777869.905203
1753777869.9243233
1753777869.9622512
1753777869.986311
1753777870.0286882
1753777870.0538986
1753777870.0885077
1753777870.1105359
1753777870.1493282
1753777870.1735394
1753777870.2098475
1753777870.2350209
1753777870.2756767
1753777870.300006
1753777870.3432634
1753777870.3717186
1753777870.4124684
1753777870.4379463
1753777870.4816487
1753777870.5082896
1753777870.5495942
1753777870.5750995
1753777870.5991478
1753777870.6281588
1753777870.64363
1753777870.6847513
1753777870.708795
1753777870.7484584
1753777870.777739
1753777870.8201644
1753777870.8445299
1753777870.8859818
1753777870.9250808
1753777870.9506207
1753777870.9902985
1753777871.034288
1753777871.0585148
1753777871.0658917
1753777871.1067405
1753777871.1341681
1753777871.1751158
1753777871.2009642
1753777871.2406447
1753777871.2658617
1753777871.301474
1753777871.3383915
1753777871.3586447
1753777871.3813288
1753777871.401681
1753777871.4264727
1753777871.4653742
1753777871.4901118
1753777871.5291154
1753777871.5686285
1753777871.5974865
1753777871.6352675
1753777871.66069
1753777871.7031357
1753777871.728437
1753777871.7535949
1753777871.7941983
1753777871.8331716
1753777871.8574216
1753777871.8962724
1753777871.9208496
1753777871.9613693
1753777871.9862933
1753777872.0102746
1753777872.0455272
1753777872.0851445
1753777872.1077168
1753777872.1269703
1753777872.147932
1753777872.1665647
1753777872.1837742
1753777872.2027256
1753777872.2227998
1753777872.2454722
1753777872.2722206
1753777872.3050375
1753777872.3308961
1753777872.357354
1753777872.381032
1753777872.4048748
1753777872.4421284
1753777872.479013
1753777872.502513
1753777872.5400918
1753777872.5800755
1753777872.6047866
1753777872.6447163
1753777872.6703672
1753777872.710805
