1753184026.722239
1753184026.7366667
1753184026.7673607
1753184026.807403
1753184026.8391814
1753184026.860832
1753184026.8930898
1753184026.9296427
1753184026.953703
1753184026.9901
1753184027.0178614
1753184027.0535517
1753184027.079556
1753184027.1167855
1753184027.142303
1753184027.1766653
1753184027.1988184
1753184027.2365937
1753184027.2617712
1753184027.2956815
1753184027.3299522
1753184027.3509014
1753184027.3754182
1753184027.4083223
1753184027.430804
1753184027.4540932
1753184027.4819067
1753184027.5181682
1753184027.5442808
1753184027.579439
1753184027.6048234
1753184027.6312993
1753184027.6592004
1753184027.6906447
1753184027.7259707
1753184027.743832
1753184027.7808163
1753184027.8036795
1753184027.8311527
1753184027.870447
1753184027.8910978
1753184027.9265935
1753184027.9487057
1753184027.9765668
1753184027.9995098
1753184028.0231447
1753184028.0620787
1753184028.0814881
1753184028.1124592
1753184028.129934
1753184028.1560032
1753184028.1871696
1753184028.2007172
1753184028.217105
1753184028.2322903
1753184028.2503858
1753184028.2821941
1753184028.2952933
1753184028.316593
1753184028.348062
1753184028.3684974
1753184028.401139
1753184028.422862
1753184028.4513378
1753184028.4794712
1753184028.493155
1753184028.5223196
1753184028.538539
1753184028.5688481
1753184028.5873253
1753184028.6180632
1753184028.635955
1753184028.66462
1753184028.681017
1753184028.7063193
1753184028.740255
1753184028.7584512
1753184028.7905188
1753184028.8123143
1753184028.8493648
1753184028.8807747
1753184028.9193132
1753184028.9406366
1753184028.974724
1753184029.0210412
1753184029.040269
1753184029.0737472
1753184029.0924237
1753184029.1282136
1753184029.1457107
1753184029.182744
1753184029.2023592
1753184029.2254863
1753184029.2453682
1753184029.2677927
1753184029.3087578
1753184029.3296292
1753184029.360619
1753184029.39083
1753184029.4234
1753184029.445043
1753184029.4812365
1753184029.5016985
1753184029.536364
1753184029.559292
1753184029.6019795
1753184029.6251667
1753184029.6633909
1753184029.6874812
1753184029.7209096
1753184029.7411635
1753184029.7658315
1753184029.7878065
1753184029.8109136
1753184029.8333888
1753184029.8557122
1753184029.8804536
1753184029.9135973
1753184029.9365573
1753184029.962402
1753184029.991366
1753184030.0181384
1753184030.046019
1753184030.0893059
1753184030.111216
1753184030.1484222
1753184030.1768146
1753184030.2172148
1753184030.2475336
1753184030.276614
1753184030.304699
1753184030.340059
1753184030.3772836
1753184030.404946
1753184030.4340472
1753184030.4644778
1753184030.502558
1753184030.5307944
1753184030.5675673
1753184030.5960872
1753184030.630141
1753184030.6676276
1753184030.6969936
1753184030.733604
1753184030.7634838
1753184030.7949038
1753184030.8245718
1753184030.8636909
1753184030.8946369
1753184030.925888
1753184030.9636743
1753184030.9926264
1753184031.0287714
1753184031.0582402
1753184031.094222
1753184031.1333287
1753184031.1753585
1753184031.2091832
1753184031.245179
1753184031.2756793
1753184031.3151803
1753184031.3468406
1753184031.3872185
1753184031.4211607
1753184031.459953
1753184031.4981177
1753184031.53777
1753184031.57221
1753184031.6077893
1753184031.64411
1753184031.6784034
1753184031.7170608
1753184031.749652
1753184031.7889876
1753184031.820109
1753184031.857396
1753184031.8963516
1753184031.934
1753184031.96678
1753184032.0067918
1753184032.038127
1753184032.0737529
1753184032.10408
1753184032.1406653
1753184032.1701384
1753184032.1970026
1753184032.206682
1753184032.2437427
1753184032.2808115
1753184032.3113096
1753184032.3377368
1753184032.3675435
1753184032.40379
1753184032.4396214
1753184032.478723
1753184032.5089214
1753184032.5463955
1753184032.5780501
1753184032.6158752
1753184032.653868
1753184032.690318
1753184032.7211483
1753184032.7585175
1753184032.7890422
1753184032.8293917
1753184032.8672953
1753184032.9041324
1753184032.9364336
1753184032.977448
1753184033.0148613
1753184033.050755
1753184033.083625
1753184033.126066
1753184033.1643305
1753184033.201248
1753184033.2342062
1753184033.2747555
1753184033.3120298
1753184033.3492947
1753184033.3796623
1753184033.4170713
1753184033.4558327
1753184033.497278
1753184033.5270703
1753184033.5595806
1753184033.596163
1753184033.6380646
1753184030.6975281
1753184030.7351367
1753184030.7729259
1753184030.8135397
1753184030.843842
1753184030.8791895
1753184030.915573
1753184030.9540899
1753184030.985426
1753184031.023967
1753184031.060026
1753184031.0983422
1753184031.1305504
1753184031.1613688
1753184031.1706116
1753184031.2070389
1753184031.2451751
1753184031.28033
1753184031.3098562
1753184031.3455873
1753184031.3843234
1753184031.419104
1753184031.4549313
1753184031.4897346
1753184031.5285687
1753184031.5626764
1753184031.603464
1753184031.6345036
1753184031.6751025
1753184031.7155077
1753184031.7417433
1753184031.779601
1753184031.8078568
1753184031.84624
1753184031.8796248
1753184031.9063392
1753184031.9455914
1753184031.9738152
1753184032.0113938
1753184032.0382833
1753184032.074015
1753184032.0994782
1753184032.1254568
1753184032.1523254
1753184032.1773267
1753184032.2103057
1753184032.2327518
1753184032.2534401
1753184032.2789795
1753184032.3051448
1753184032.3426445
1753184032.3678586
1753184032.4007885
1753184032.4265542
1753184032.4539435
1753184032.478983
1753184032.5031567
1753184032.5297341
1753184032.556937
1753184032.5883405
1753184032.6134748
1753184032.6378744
1753184032.663626
1753184032.6894398
1753184032.7143612
1753184032.7391953
1753184032.7651353
1753184032.792294
1753184032.8187568
1753184032.8534343
1753184032.8791664
1753184032.9037046
1753184032.933499
