1753774250.4019713
1753774250.4385664
1753774250.470652
1753774250.503634
1753774250.5278149
1753774250.5597906
1753774250.599204
1753774250.635788
1753774250.6718433
1753774250.7032216
1753774250.7298558
1753774250.773136
1753774250.7967951
1753774250.8202684
1753774250.855943
1753774250.8771713
1753774250.9130437
1753774250.9360156
1753774250.9678526
1753774250.9755204
1753774251.0044029
1753774251.0319579
1753774251.0586736
1753774251.0855477
1753774251.1207693
1753774251.1467907
1753774251.171597
1753774251.1983054
1753774251.2279596
1753774251.2543433
1753774251.282495
1753774251.3116364
1753774251.3431814
1753774251.3719783
1753774251.3983245
1753774251.4248621
1753774251.4540284
1753774251.4808354
1753774251.507639
1753774251.535507
1753774251.5626516
1753774251.5886385
1753774251.6157537
1753774251.6422718
1753774251.686108
1753774251.7176938
1753774251.7477968
1753774251.7864037
1753774251.8124967
1753774251.838052
1753774251.8615537
1753774251.8846986
1753774251.908034
1753774251.9466705
1753774251.9834468
1753774252.0007625
1753774252.0255427
1753774252.0524065
1753774252.0810924
1753774252.1083114
1753774252.134342
1753774252.1601195
1753774252.1840632
1753774252.2098897
1753774252.2315185
1753774252.2565715
1753774252.3045392
1753774252.3322031
1753774252.367263
1753774252.4085505
1753774252.4711318
1753774252.5875785
1753774252.658718
1753774252.6904712
1753774252.7266507
1753774252.755629
1753774252.7911224
1753774252.8399706
1753774252.8641171
1753774252.8889265
1753774252.9153402
1753774252.9567235
1753774252.9814122
1753774253.0205808
1753774253.0475416
1753774253.085931
1753774253.1155887
1753774253.1689928
1753774253.1951702
1753774253.238722
1753774253.281948
1753774253.311156
1753774253.3401418
1753774253.3794506
1753774253.40311
1753774253.4418502
1753774253.521583
1753774253.5752096
1753774253.6118631
1753774253.640918
1753774253.679258
1753774253.7095916
1753774253.7454352
1753774253.7824903
1753774253.810236
1753774253.8444602
1753774253.8840086
1753774253.9219768
1753774253.9604294
1753774253.9872243
1753774254.0255432
1753774254.052875
1753774254.0908315
1753774254.1177025
1753774254.1572433
1753774254.1869211
1753774254.23285
1753774254.256632
1753774254.291655
1753774254.3296053
1753774254.355093
1753774254.3935716
1753774254.420174
1753774254.461532
1753774254.4839025
1753774254.511827
1753774254.5495467
1753774254.5751755
1753774254.611512
1753774254.6361835
1753774254.6711273
1753774254.6974318
1753774254.7228062
1753774254.7494164
1753774254.7871845
1753774254.8121977
1753774254.8471081
1753774254.8735466
1753774254.9204154
1753774254.9469268
1753774254.9861417
1753774255.0104196
1753774255.0475898
1753774255.0722668
1753774255.1099584
1753774255.1348803
1753774255.1735773
1753774255.1969116
1753774255.221042
1753774255.2455559
1753774255.2703617
1753774255.2983456
1753774255.3264062
1753774255.3652
1753774255.3868818
1753774255.4117737
1753774255.4380105
1753774255.465048
1753774255.4902947
1753774255.5297837
1753774255.553172
1753774255.5896034
1753774255.6123166
1753774255.6363072
1753774255.6639
1753774255.6933212
1753774255.7166667
1753774255.7404127
1753774255.7640133
1753774255.7924614
1753774255.8289797
1753774255.8520513
1753774255.8781147
1753774255.910319
1753774255.9191515
1753774255.958039
1753774255.9781325
1753774256.0115817
1753774256.0320675
1753774256.0703118
1753774256.0902176
1753774256.1243753
1753774256.1586428
1753774256.1778011
1753774256.1952746
1753774256.230837
1753774256.2703135
1753774256.2898042
1753774256.3114486
1753774256.3446624
1753774256.365406
1753774256.3884382
1753774256.4144285
1753774256.4481328
1753774256.4694076
1753774256.4926229
1753774256.519436
1753774256.5550318
1753774256.5766363
1753774256.6147275
1753774256.6377065
1753774256.6750925
1753774256.698129
1753774256.7341955
1753774256.7594657
1753774256.7984922
1753774256.8251607
1753774256.8663993
1753774256.906972
1753774256.932617
1753774256.9718592
1753774257.0096793
1753774257.0326204
1753774257.068728
1753774257.104109
1753774257.1234424
1753774257.1624103
1753774257.186371
1753774257.2237227
1753774257.2529814
1753774257.2883382
1753774257.3246095
1753774257.3524036
1753774257.390924
1753774257.4154205
1753774257.4549239
1753774257.4779415
1753774257.5161734
1753774257.539863
1753774257.5751414
1753774257.6133997
1753774257.637538
1753774257.677255
1753774257.703359
1753774257.7274928
1753774257.7676299
1753774257.7907803
1753774257.8307714
1753774257.8543768
1753774257.894932
1753774257.9222045
1753774257.9636729
1753774257.9869895
1753774258.0204902
1753774258.0394623
1753774258.0773597
1753774258.1022105
1753774258.140987
1753774258.1783047
1753774258.2046244
1753774258.2459528
1753774258.2871592
1753774258.310842
1753774258.345941
1753774258.382367
1753774258.4081037
1753774258.4452236
1753774258.4848204
1753774258.5110369
1753774258.5501516
1753774258.5732486
1753774258.6071794
1753774258.6486053
1753774258.6724432
1753774258.7060072
1753774258.7320807
1753774258.7703848
1753774258.8066986
1753774258.8292365
1753774258.864572
1753774258.9030838
1753774258.9268281
1753774258.971911
1753774258.9963653
1753774259.0048692
1753774259.0395908
1753774259.0637994
1753774259.1004856
1753774259.1230865
1753774259.1595948
1753774259.180705
1753774259.2156775
1753774259.2370412
1753774259.2723618
1753774259.307073
1753774259.3274574
1753774259.3650916
1753774259.4022117
1753774259.4245183
1753774259.44627
1753774259.4716575
1753774259.505475
1753774259.5278225
1753774259.5529706
1753774259.5866196
1753774259.630433
1753774259.6516318
1753774259.6753974
1753774259.7122574
1753774259.7333026
1753775603.4017313
1753775603.4442434
1753775603.486029
1753775603.53165
1753775603.5576053
1753775603.5911446
1753775603.6189613
1753775603.6486433
1753775603.6805937
1753775603.7112656
1753775603.7453623
1753775603.7934694
1753775603.824661
1753775603.852433
1753775603.904064
1753775603.9393046
1753775603.984376
1753775604.01272
1753775604.0463226
1753775604.0562246
1753775604.0913017
1753775604.1262004
1753775604.1714315
1753775604.2030306
1753775604.2425487
1753775604.2819383
1753775604.3179088
1753775604.3559136
1753775604.421696
1753775604.468719
1753775604.5222597
1753775604.5573227
1753775604.5999076
1753775604.6420321
1753775604.6816173
1753775604.713353
1753775604.749347
1753775604.783104
1753775604.8245745
1753775604.8693764
1753775604.901688
1753775604.9372954
1753775604.9731297
1753775605.005214
1753775605.0642858
1753775605.1087613
1753775605.145618
1753775605.1953924
1753775605.2319577
1753775605.2684183
1753775605.306999
1753775605.345219
1753775605.3961093
1753775605.4589972
1753775605.5236282
1753775605.5518157
1753775605.584462
1753775605.6277652
1753775605.6659188
1753775605.7094622
1753775605.7426467
1753775605.7785165
1753775605.8166203
1753775605.8640463
1753775605.9011767
1753775605.946702
1753775605.9960845
1753775606.03134
1753775606.0763376
1753775606.1361847
1753775606.1990738
1753775606.2865994
1753775606.3230162
1753775606.3621356
1753775606.399304
1753775606.427535
1753775606.465978
1753775606.5341659
1753775606.5688763
1753775606.6009254
1753775606.6534543
1753775606.7055378
1753775606.7388313
1753775606.7964728
1753775606.8299425
1753775606.9028726
1753775606.934526
1753775606.9966757
1753775607.0341578
1753775607.120825
1753775607.1721647
1753775607.2096066
1753775607.2522411
1753775607.309759
1753775607.3458736
1753775607.4028332
1753775607.4456406
1753775607.4957893
1753775607.5383985
1753775607.5866818
1753775607.6387184
1753775607.6826768
1753775607.736809
1753775607.7968109
1753775607.8436394
1753775607.8899996
1753775607.9505584
1753775607.9937663
1753775608.0521882
1753775608.0945601
1753775608.1485982
1753775608.1827676
1753775608.2303402
1753775608.2654338
1753775608.3228097
1753775608.3590093
1753775608.40448
1753775608.4338565
1753775608.4823956
1753775608.534602
1753775608.5819883
1753775608.6497366
1753775608.6835606
1753775608.7324674
1753775608.7634823
1753775608.8113723
1753775608.8616855
1753775608.8940477
1753775608.9479365
1753775608.9986887
1753775609.0602021
1753775609.1008563
1753775609.140456
1753775609.1695156
1753775609.2150292
1753775609.2500536
1753775609.3071005
1753775609.356806
1753775609.4081764
1753775609.443082
1753775609.5009353
1753775609.5287738
1753775609.5792344
1753775609.6189613
1753775609.6784775
1753775609.7177105
1753775609.7677877
1753775609.7966413
1753775609.8390443
1753775609.871087
1753775609.9028628
1753775609.941228
1753775609.9853215
1753775610.0379276
1753775610.0753114
1753775610.109855
1753775610.1491463
1753775610.1855369
1753775610.2192483
1753775610.2763505
1753775610.321243
1753775610.3848226
1753775610.4219148
1753775610.4570396
1753775610.493163
1753775610.525275
1753775610.5550518
1753775610.6089528
1753775610.6507065
1753775610.690754
1753775610.7449183
1753775610.7760289
1753775610.8117998
1753775610.859999
1753775610.867611
1753775610.911233
1753775610.9377575
1753775610.9873066
1753775611.0208042
1753775611.0740383
1753775611.10171
1753775611.1590075
1753775611.2063766
1753775611.2308261
1753775611.2605858
1753775611.3141801
1753775611.3863368
1753775611.4136004
1753775611.4427261
1753775611.493209
1753775611.5198748
1753775611.5536807
1753775611.5954533
1753775611.6406612
1753775611.678332
1753775611.7218466
1753775611.7593484
1753775611.8100734
1753775611.8440053
1753775611.9576266
1753775612.021806
1753775612.0776849
1753775612.1135347
1753775612.1691618
1753775612.2069535
1753775612.2611308
1753775612.2982943
1753775612.3612747
1753775612.419321
1753775612.460678
1753775612.5120935
1753775612.5619297
1753775612.5911646
1753775612.6460311
1753775612.6889138
1753775612.7116513
1753775612.7615516
1753775612.8039038
1753775612.8524272
1753775612.8849897
1753775612.9268272
1753775612.9684212
1753775613.0026016
1753775613.048154
1753775613.0742166
1753775613.1367464
1753775613.1731143
1753775613.2278142
1753775613.2561324
1753775613.3044147
1753775613.346795
1753775613.372589
1753775613.4150193
1753775613.4399493
1753775613.4760528
1753775613.521789
1753775613.5563338
1753775613.605052
1753775613.6357338
1753775613.7073247
1753775613.7374158
1753775613.7803328
1753775613.8064127
1753775613.8523548
1753775613.8797262
1753775613.924572
1753775613.951571
1753775613.9976552
1753775614.0483255
1753775614.0767932
1753775614.1143718
1753775614.1562583
1753775614.1838613
1753775614.2368095
1753775614.2805572
1753775614.3087547
1753775614.352563
1753775614.4027956
1753775614.4301755
1753775614.4691331
1753775614.4958367
1753775614.537992
1753775614.5922036
1753775614.6225944
1753775614.6610432
1753775614.688163
1753775614.7299461
1753775614.7774525
1753775614.8059952
1753775614.8471904
1753775614.902291
1753775614.931144
1753775614.986766
1753775615.0134182
1753775615.023976
1753775615.067777
1753775615.0996249
1753775615.136359
1753775615.1712635
1753775615.2112403
1753775615.2354226
1753775615.2731185
1753775615.2986536
1753775615.3478446
1753775615.3870704
1753775615.408742
1753775615.4459803
1753775615.4851584
1753775615.5201283
1753775615.546789
1753775615.5812297
1753775615.6210196
1753775615.6470127
1753775615.6830606
1753775615.7090576
1753775615.7461274
1753775615.769735
1753775615.7952647
1753775615.833078
1753775615.8723927
1753777801.6539938
1753777801.690147
1753777801.7192316
1753777801.748652
1753777801.76866
1753777801.7928548
1753777801.8179562
1753777801.8441226
1753777801.8700113
1753777801.8993163
1753777801.9262202
1753777801.9689016
1753777801.994511
1753777802.0207844
1753777802.058997
1753777802.0843549
1753777802.1233115
1753777802.145463
1753777802.1695833
1753777802.1772482
1753777802.2050967
1753777802.2321854
1753777802.2591908
1753777802.2873788
1753777802.3237476
1753777802.353683
1753777802.3798373
1753777802.408579
1753777802.439782
1753777802.4697826
1753777802.5020468
1753777802.5341008
1753777802.5682325
1753777802.6004372
1753777802.627955
1753777802.6568258
1753777802.6900716
1753777802.7187245
1753777802.7507339
1753777802.7797408
1753777802.8091793
1753777802.8373165
1753777802.8651977
1753777802.9012976
1753777802.9536707
1753777802.9795518
1753777803.0061648
1753777803.0444882
1753777803.0699215
1753777803.096089
1753777803.124149
1753777803.1498275
1753777803.1778293
1753777803.2160366
1753777803.2607594
1753777803.2780263
1753777803.303974
1753777803.3302364
1753777803.3578067
1753777803.3843791
1753777803.4124339
1753777803.4485955
1753777803.4786158
1753777803.506942
1753777803.5302243
1753777803.5576215
1753777803.6063077
1753777803.6339645
1753777803.6615186
1753777803.6917
1753777803.7199109
1753777803.765286
1753777803.7889118
1753777803.813396
1753777803.8402145
1753777803.8682654
1753777803.9016848
1753777803.9433758
1753777803.9663942
1753777803.9943159
1753777804.025147
1753777804.0669212
1753777804.0928085
1753777804.1307416
1753777804.160596
1753777804.1998754
1753777804.2276237
1753777804.2668748
1753777804.293887
1753777804.3358634
1753777804.375694
1753777804.4050255
1753777804.4334788
1753777804.4734693
1753777804.4978282
1753777804.5358796
1753777804.5684435
1753777804.6126769
1753777804.650513
1753777804.6804068
1753777804.7190812
1753777804.7506056
1753777804.7897847
1753777804.82672
1753777804.8555048
1753777804.89191
1753777804.9317224
1753777804.9594524
1753777804.9973385
1753777805.0253994
1753777805.0622964
1753777805.0906267
1753777805.1306753
1753777805.1589296
1753777805.2001698
1753777805.228432
1753777805.2684288
1753777805.2937887
1753777805.3300138
1753777805.36643
1753777805.392485
1753777805.432037
1753777805.4590018
1753777805.4987638
1753777805.5223908
1753777805.551908
1753777805.5890238
1753777805.6212156
1753777805.6578648
1753777805.6842499
1753777805.7208996
1753777805.7449784
1753777805.7706404
1753777805.796865
1753777805.8346434
1753777805.860453
1753777805.9000905
1753777805.9273872
1753777805.968967
1753777805.9969754
1753777806.0369341
1753777806.0643616
1753777806.101436
1753777806.1274543
1753777806.165666
1753777806.1922827
1753777806.2311082
1753777806.2555287
1753777806.2812715
1753777806.3075156
1753777806.3354409
1753777806.3634756
1753777806.3925784
1753777806.4302223
1753777806.4549623
1753777806.4830387
1753777806.5086393
1753777806.5345576
1753777806.5629318
1753777806.601932
1753777806.626925
1753777806.6648126
1753777806.6899397
1753777806.716723
1753777806.7440875
1753777806.772817
1753777806.8000753
1753777806.8271031
1753777806.8517964
1753777806.8769503
1753777806.9161437
1753777806.940747
1753777806.9665136
1753777806.9954555
1753777807.0036922
1753777807.0409472
1753777807.0623918
1753777807.1002605
1753777807.120946
1753777807.156565
1753777807.17858
1753777807.2148745
1753777807.2522054
1753777807.2782738
1753777807.3026063
1753777807.3389628
1753777807.375957
1753777807.3967764
1753777807.4203575
1753777807.4569585
1753777807.4788313
1753777807.5018964
1753777807.5266664
1753777807.564918
1753777807.587771
1753777807.6118362
1753777807.6363735
1753777807.6774209
1753777807.7021573
1753777807.742404
1753777807.7677357
1753777807.8064728
1753777807.8314254
1753777807.8705583
1753777807.895894
1753777807.9357092
1753777807.9615314
1753777808.0021093
1753777808.0399313
1753777808.0647528
1753777808.1051946
1753777808.1487117
1753777808.17337
1753777808.2120807
1753777808.2512147
1753777808.2758963
1753777808.341675
1753777808.3693814
1753777808.4144812
1753777808.4420223
1753777808.480937
1753777808.5209079
1753777808.5485363
1753777808.6008363
1753777808.630521
1753777808.6768336
1753777808.702697
1753777808.7432382
1753777808.7691967
1753777808.817499
1753777808.8598144
1753777808.8961794
1753777808.9603422
1753777808.993146
1753777809.0276906
1753777809.0890794
1753777809.1518207
1753777809.2051668
1753777809.2380202
1753777809.3015754
1753777809.3343334
1753777809.4019024
1753777809.4323535
1753777809.4769976
1753777809.4984283
1753777809.535354
1753777809.5609314
1753777809.5985894
1753777809.6367068
1753777809.6633902
1753777809.6994572
1753777809.738037
1753777809.7630677
1753777809.7985744
1753777809.836482
1753777809.862119
1753777809.9000158
1753777809.9391642
1753777809.965347
1753777810.0054662
1753777810.0303922
1753777810.065823
1753777810.1023974
1753777810.1270893
1753777810.162633
1753777810.1865435
1753777810.2251558
1753777810.2617483
1753777810.2862332
1753777810.3215933
1753777810.3609293
1753777810.3850513
1753777810.4229987
1753777810.4510117
1753777810.4603076
1753777810.497448
1753777810.5268729
1753777810.5652807
1753777810.5880828
1753777810.6257894
1753777810.6470811
1753777810.6821582
1753777810.7042177
1753777810.739726
1753777810.7779002
1753777810.7991304
1753777810.8360038
1753777810.871271
1753777810.8937001
1753777810.9182022
1753777810.9464242
1753777810.9824061
1753777811.0066247
1753777811.0328307
1753777811.0607996
1753777811.0971963
1753777811.1202295
1753777811.145745
1753777811.1845648
1753777811.207273
