1753773978.9630215
1753773979.012259
1753773979.0419734
1753773979.086572
1753773979.1231492
1753773979.1609
1753773979.1892922
1753773979.2294104
1753773979.2594943
1753773979.3017478
1753773979.3417652
1753773979.3682542
1753773979.3985202
1753773979.4401312
1753773979.4644966
1753773979.5025403
1753773979.5277276
1753773979.567813
1753773979.5910413
1753773979.6271205
1753773979.6497111
1753773979.6868277
1753773979.7085893
1753773979.745705
1753773979.7688875
1753773979.806574
1753773979.8302803
1753773979.872036
1753773979.8941493
1753773979.9305968
1753773979.9512153
1753773979.9889588
1753773980.0062432
1753773980.0412948
1753773980.063967
1753773980.1018713
1753773980.1218584
1753773980.1564128
1753773980.176963
1753773980.2019799
1753773980.2262607
1753773980.2649686
1753773980.2861247
1753773980.3239014
1753773980.3472297
1753773980.374181
1753773980.4118001
1753773980.4306211
1753773980.4710705
1753773980.4936585
1753773980.5210247
1753773980.5605345
1753773980.5805497
1753773980.6025286
1753773980.6406088
1753773980.6621158
1753773980.6995502
1753773980.719592
1753773980.756203
1753773980.7737286
1753773980.7974243
1753773980.8341174
1753773980.8499494
1753773980.885685
1753773980.9050822
1753773980.928429
1753773980.9513679
1753773980.9726424
1753773981.010095
1753773981.0318556
1753773981.077191
1753773981.10251
1753773981.1293843
1753773981.1714914
1753773981.1936955
1753773981.2174785
1753773981.2543643
1753773981.2784305
1753773981.317618
1753773981.3422117
1753773981.3678398
1753773981.4095006
1753773981.4344106
1753773981.4769652
1753773981.5012136
1753773981.5437906
1753773981.5687954
1753773981.6106162
1753773981.6350305
1753773981.659971
1753773981.6878908
1753773981.7146962
1753773981.722472
1753773981.7615793
1753773981.7836995
1753773981.8088484
1753773981.8461068
1753773981.8707566
1753773981.9008014
1753773981.943635
1753773981.9771461
1753773982.00278
1753773982.0294838
1753773982.06076
1753773982.0909343
1753773982.128316
1753773982.1551495
1753773982.1953378
1753773982.2224617
1753773982.259994
1753773982.2860153
1753773982.327029
1753773982.352897
1753773982.3939474
1753773982.4201581
1753773982.459976
1753773982.4872956
1753773982.5268495
1753773982.5547466
1753773982.5989323
1753773982.6331656
1753773982.6701565
1753773982.697158
1753773982.738471
1753773982.7645955
1753773982.8028085
1753773982.8294537
1753773982.8718767
1753773982.8995595
1753773982.9394164
1753773982.979937
1753773983.0111105
1753773983.0511444
1753773983.0797017
1753773983.1065474
1753773983.1463962
1753773983.1746473
1753773983.201385
1753773983.2292619
1753773983.271313
1753773983.3002186
1753773983.3531544
1753773983.381373
1753773983.423126
1753773983.4524338
1753773983.4912865
1753773983.519617
1753773983.562955
1753773983.5939198
1753773983.637028
1753773983.669016
1753773983.7126796
1753773983.735952
1753773983.7730541
1753773983.8045964
1753773983.8557062
1753773983.8858728
1753773983.9378312
1753773983.974652
1753773984.0289197
1753773984.0575864
1753773984.097302
1753773984.1263328
1753773984.1717935
1753773984.2021563
1753773984.2466984
1753773984.295687
1753773984.3283098
1753773984.3838272
1753773984.4214735
1753773984.4591753
1753773984.499269
1753773984.5261004
1753773984.5649085
1753773984.5950317
1753773984.6434214
1753773984.676637
1753773984.7260208
1753773984.7592542
1753773984.8046327
1753773984.8332188
1753773984.8700273
1753773984.904468
1753773984.9277968
1753773984.955876
1753773985.0035453
1753773985.0326083
1753773985.0707066
1753773985.0953875
1753773985.1323502
1753773985.158485
1753773985.1994102
1753773985.2269518
1753773985.2685423
1753773985.294468
1753773985.3306677
1753773985.3573909
1753773985.3985455
1753773985.4247227
1753773985.461766
1753773985.4885888
1753773985.5203936
1753773985.54778
1753773985.5786858
1753773985.5903785
1753773985.6128633
1753773985.6413898
1753773985.6795669
1753773985.6997254
1753773985.7224243
1753773985.7469418
1753773985.7735171
1753773985.8112748
1753773985.8337507
1753773985.8618932
1753773985.8860378
1753773985.924215
1753773985.9447215
1753773985.9788105
1753773985.9991446
1753773986.0231185
1753773986.0697284
1753773986.0911407
1753773986.1247487
1753773986.1471167
1753773986.1714156
1753773986.1938639
1753773986.2305884
1753773986.2506056
1753773986.2856588
1753773986.306691
1753773986.3444495
1753773986.3651497
1753773986.400556
1753773986.4186456
1753773986.4529607
1753773986.4717846
1753773986.5093222
1753773986.5284956
1753773986.5641742
1753773986.580275
1753773986.613756
1753773986.628949
1753773986.6660173
1753773986.6864846
1753773986.721157
1753773986.7396743
1753773986.775642
1753773986.794159
1753773986.8280187
1753773986.8445659
1753773986.8761566
1753773986.8920732
1753773986.925414
1753773986.9444332
1753773986.9814477
1753773987.001529
1753773987.0238416
1753773987.0457652
1753773987.0845497
1753773987.1038373
1753773987.127392
1753773987.163666
1753773987.1881802
1753773987.2228813
1753773987.244957
1753773987.268821
1753773987.3041794
1753773987.3260245
1753773987.3629706
1753773987.3815956
1753773987.4043815
1753773987.4108677
1753773987.431646
1753773987.4518185
1753773987.4740887
1753773987.4964907
1753773987.5335703
1753773987.5524106
1753773987.573543
1753773987.5963688
1753773987.6223273
1753773987.6445026
1753773987.682534
1753773987.7014155
1753773987.723797
1753773987.7470405
1753773987.7901852
1753773987.8110197
1753773987.85028
1753773987.8745794
1753773987.9140162
1753773987.9339194
1753773987.9685786
1753773987.9931374
1753773988.029827
1753773988.0528548
1753773988.091916
1753773988.1144025
1753773988.1469145
1753773988.172302
1753774749.96429
1753774750.0367472
1753774750.0731175
1753774750.1247635
1753774750.1631525
1753774750.2081597
1753774750.2404194
1753774750.2899814
1753774750.3299692
1753774750.385019
1753774750.4372332
1753774750.4720263
1753774750.526192
1753774750.5839863
1753774750.619457
1753774750.6851213
1753774750.7352486
1753774750.8090773
1753774750.8441515
1753774750.9015784
1753774750.9287367
1753774750.9760997
1753774751.0005674
1753774751.0418532
1753774751.0674539
1753774751.1307523
1753774751.171893
1753774751.2188783
1753774751.2837865
1753774751.3702996
1753774751.3973293
1753774751.4349735
1753774751.45463
1753774751.491058
1753774751.5149658
1753774751.550065
1753774751.5729203
1753774751.609785
1753774751.6318045
1753774751.6590683
1753774751.6851833
1753774751.727259
1753774751.749752
1753774751.7883003
1753774751.8126323
1753774751.8380692
1753774751.8760023
1753774751.8963366
1753774751.9335496
1753774751.957055
1753774751.9848397
1753774752.0252223
1753774752.0475085
1753774752.070639
1753774752.1097925
1753774752.132413
1753774752.1708028
1753774752.1907074
1753774752.2298899
1753774752.2490017
1753774752.275705
1753774752.3140173
1753774752.3298826
1753774752.3708274
1753774752.391135
1753774752.4160697
1753774752.4391117
1753774752.4624717
1753774752.5036383
1753774752.5294778
1753774752.5704308
1753774752.5973706
1753774752.625914
1753774752.6673825
1753774752.6909397
1753774752.7158105
1753774752.7556813
1753774752.7818496
1753774752.8198762
1753774752.8446007
1753774752.871804
1753774752.911802
1753774752.9378245
1753774752.9855025
1753774753.0162044
1753774753.0603018
1753774753.09004
1753774753.1387205
1753774753.1721542
1753774753.2075975
1753774753.2418199
1753774753.271243
1753774753.279076
1753774753.3189318
1753774753.3444653
1753774753.372498
1753774753.4125478
1753774753.4388447
1753774753.4665952
1753774753.506042
1753774753.5340006
1753774753.5622225
1753774753.5904315
1753774753.62271
1753774753.651009
1753774753.690585
1753774753.7191896
1753774753.7588434
1753774753.7875395
1753774753.8266826
1753774753.8541043
1753774753.8933928
1753774753.9220579
1753774753.966275
1753774753.9955664
1753774754.0367665
1753774754.065171
1753774754.1059184
1753774754.134692
1753774754.1748493
1753774754.20348
1753774754.2422347
1753774754.2679222
1753774754.310814
1753774754.3408577
1753774754.3877656
1753774754.4155583
1753774754.456061
1753774754.4864156
1753774754.5294957
1753774754.585603
1753774754.6164007
1753774754.657728
1753774754.6868768
1753774754.715991
1753774754.7584794
1753774754.788032
1753774754.8202343
1753774754.8484335
1753774754.8914018
1753774754.920806
1753774754.9645047
1753774754.9974394
1753774755.0408847
1753774755.0791135
1753774755.1218565
1753774755.1525502
1753774755.205447
1753774755.2407851
1753774755.2856948
1753774755.3144622
1753774755.3531244
1753774755.3786144
1753774755.4204526
1753774755.4485312
1753774755.4893131
1753774755.5188856
1753774755.5653508
1753774755.5947511
1753774755.634677
1753774755.6662445
1753774755.7043846
1753774755.7331202
1753774755.771704
1753774755.8018801
1753774755.842409
1753774755.8824608
1753774755.9091258
1753774755.948651
1753774755.9772308
1753774756.0082347
1753774756.0475564
1753774756.075737
1753774756.1144972
1753774756.1432545
1753774756.1853704
1753774756.2157547
1753774756.256746
1753774756.2861323
1753774756.3318107
1753774756.3595188
1753774756.3949819
1753774756.4312677
1753774756.4577107
1753774756.4859817
1753774756.5245588
1753774756.5528958
1753774756.592285
1753774756.618994
1753774756.6588347
1753774756.6864963
1753774756.7265992
1753774756.7543437
1753774756.7967904
1753774756.8243358
1753774756.8612585
1753774756.8881016
1753774756.9262557
1753774756.9530377
1753774756.9904385
1753774757.0170186
1753774757.0443063
1753774757.07148
1753774757.1038792
1753774757.112731
1753774757.1360962
1753774757.1616042
1753774757.203645
1753774757.2264588
1753774757.250346
1753774757.2762337
1753774757.3021698
1753774757.3399591
1753774757.364918
1753774757.3962657
1753774757.4259548
1753774757.486635
1753774757.511449
1753774757.5506678
1753774757.5741556
1753774757.599592
1753774757.6376746
1753774757.6617754
1753774757.6976092
1753774757.7202885
1753774757.7440417
1753774757.7693903
1753774757.8098385
1753774757.8312464
1753774757.8677046
1753774757.8912034
1753774757.9296288
1753774757.9517076
1753774757.988151
1753774758.0086985
1753774758.0438519
1753774758.064585
1753774758.1013455
1753774758.121852
1753774758.1575022
1753774758.1753132
1753774758.2086997
1753774758.2247858
1753774758.2651317
1753774758.2882147
1753774758.3242888
1753774758.344784
1753774758.381717
1753774758.4013731
1753774758.4357352
1753774758.4536963
1753774758.4866457
1753774758.5034776
1753774758.5374708
1753774758.5574107
1753774758.5939393
1753774758.612826
1753774758.6372657
1753774758.6642108
1753774758.7064862
1753774758.7283819
1753774758.7519011
1753774758.7878003
1753774758.8095055
1753774758.8464994
1753774758.870046
1753774758.8954413
1753774758.9305897
1753774758.9529176
1753774758.9882584
1753774759.0085115
1753774759.0322683
1753774759.0402055
1753774759.0636275
1753774759.0887086
1753774759.1144228
1753774759.1404078
1753774759.1942835
1753774759.2150857
1753774759.2396786
1753774759.2632678
1753774759.292851
1753774759.3196068
1753774759.357365
1753774759.3799863
1753774759.4055104
1753774759.431231
1753774759.4901192
1753774759.5158856
1753774759.557355
1753774759.5866296
1753774759.6318452
1753774759.6593218
1753774759.7007728
1753774759.727509
1753774759.765987
1753774759.7886002
1753774759.824923
1753774759.8512428
1753774759.8892841
1753774759.9143708
1753775092.8328536
1753775092.890066
1753775092.921238
1753775092.963933
1753775092.9927895
1753775093.0320199
1753775093.0618293
1753775093.1046648
1753775093.1331913
1753775093.1759386
1753775093.2254472
1753775093.255999
1753775093.285806
1753775093.326131
1753775093.353385
1753775093.3940125
1753775093.4192069
1753775093.4572499
1753775093.4822736
1753775093.5309827
1753775093.5615468
1753775093.6079464
1753775093.6438184
1753775093.6992626
1753775093.7310476
1753775093.7912302
1753775093.8286443
1753775093.8802104
1753775093.9087296
1753775093.956339
1753775093.9875097
1753775094.0311577
1753775094.0571105
1753775094.1293576
1753775094.1575184
1753775094.2058473
1753775094.2371182
1753775094.2852395
1753775094.316924
1753775094.3653722
1753775094.398626
1753775094.4476728
1753775094.4779763
1753775094.5279112
1753775094.5670757
1753775094.6077971
1753775094.6718473
1753775094.7031574
1753775094.754997
1753775094.7881615
1753775094.8220334
1753775094.8698568
1753775094.8941057
1753775094.9204688
1753775094.962271
1753775094.9957988
1753775095.0419712
1753775095.063097
1753775095.1028166
1753775095.1222436
1753775095.1488345
1753775095.185256
1753775095.2010603
1753775095.2386253
1753775095.2596078
1753775095.2839987
1753775095.3079495
1753775095.3311017
1753775095.3723578
1753775095.3937688
1753775095.4330938
1753775095.4596162
1753775095.4880254
1753775095.5299225
1753775095.5577629
1753775095.5856597
1753775095.625941
1753775095.6510017
1753775095.6890905
1753775095.7132273
1753775095.7409804
1753775095.7849913
1753775095.8084111
1753775095.8446229
1753775095.872045
1753775095.9222722
1753775095.9507427
1753775095.9974966
1753775096.0300658
1753775096.0686746
1753775096.1030521
1753775096.13873
1753775096.1479938
1753775096.1899312
1753775096.2153733
1753775096.2439764
1753775096.287297
1753775096.317244
1753775096.3514812
1753775096.397922
1753775096.4295943
1753775096.459635
1753775096.4873993
1753775096.5176978
1753775096.5462155
1753775096.5853605
1753775096.613287
1753775096.651911
1753775096.6804967
1753775096.7196562
1753775096.7484567
1753775096.7897983
1753775096.8181958
1753775096.8590753
1753775096.8920612
1753775096.9346125
1753775096.9641552
1753775097.0073562
1753775097.037449
1753775097.081282
1753775097.1120546
1753775097.1496441
1753775097.174812
1753775097.216983
1753775097.2483342
1753775097.2935011
1753775097.3222682
1753775097.4071836
1753775097.451177
1753775097.4997797
1753775097.5501125
1753775097.5834634
1753775097.6313436
1753775097.6630375
1753775097.6935906
1753775097.7354445
1753775097.7679052
1753775097.8033168
1753775097.835209
1753775097.8794537
1753775097.908601
1753775097.9493232
1753775097.9801846
1753775098.0191276
1753775098.0484247
1753775098.0890145
1753775098.1256464
1753775098.1721137
1753775098.2045195
1753775098.2467928
1753775098.2756443
1753775098.3143866
1753775098.3393505
1753775098.3802412
1753775098.4086187
1753775098.448474
1753775098.4792256
1753775098.5217912
1753775098.5519562
1753775098.5933318
1753775098.622591
1753775098.662315
1753775098.6909907
1753775098.7301965
1753775098.7612278
1753775098.8010333
1753775098.8419948
1753775098.8684547
1753775098.9062366
1753775098.9347653
1753775098.9639962
1753775099.0019596
1753775099.0303333
1753775099.0695574
1753775099.099612
1753775099.201231
1753775099.251624
1753775099.3081768
1753775099.3381898
1753775099.3852198
1753775099.4141755
1753775099.4526548
1753775099.4937596
1753775099.523871
1753775099.5622838
1753775099.6080985
1753775099.6451375
1753775099.6887147
1753775099.7149537
1753775099.7592964
1753775099.7900155
1753775099.8352487
1753775099.8657913
1753775099.9106631
1753775099.9471152
1753775099.985236
1753775100.0133119
1753775100.0559578
1753775100.085362
1753775100.122863
1753775100.1500247
1753775100.1787965
1753775100.2075865
1753775100.2435606
1753775100.2548888
1753775100.2878082
1753775100.3219154
1753775100.376331
1753775100.4024594
1753775100.4329906
1753775100.4620075
1753775100.493731
1753775100.5375426
1753775100.5610986
1753775100.589929
1753775100.6215224
1753775100.6684864
1753775100.6986144
1753775100.7402725
1753775100.7628736
1753775100.78881
1753775100.8274097
1753775100.8570113
1753775100.8942668
1753775100.9172149
1753775100.9413166
1753775100.9664953
1753775101.0168636
1753775101.0484369
1753775101.0861137
1753775101.1098828
1753775101.153019
1753775101.1764205
1753775101.212458
1753775101.2333064
1753775101.2702389
1753775101.2910368
1753775101.3290877
1753775101.3506405
1753775101.3883188
1753775101.4066787
1753775101.4406164
1753775101.4582982
1753775101.495863
1753775101.5193126
1753775101.5592353
1753775101.579711
1753775101.6191726
1753775101.6407628
1753775101.676253
1753775101.6950204
1753775101.7292502
1753775101.7470121
1753775101.7826762
1753775101.8016748
1753775101.8418255
1753775101.862666
1753775101.8883162
1753775101.9129052
1753775101.954798
1753775101.9765663
1753775102.002098
1753775102.0469058
1753775102.0712883
1753775102.10907
1753775102.132922
1753775102.1603737
1753775102.19641
1753775102.2178729
1753775102.2554758
1753775102.278052
1753775102.3039777
1753775102.3125834
1753775102.337157
1753775102.3615992
1753775102.3862913
1753775102.4101982
1753775102.448913
1753775102.4709404
1753775102.499021
1753775102.5268211
1753775102.5560868
1753775102.5823548
1753775102.6260524
1753775102.6550252
1753775102.6899064
1753775102.7250612
1753775102.7812395
1753775102.8092196
1753775102.8469403
1753775102.8729134
1753775102.9116848
1753775102.9343605
1753775102.9708667
1753775102.9966881
1753775103.0348396
1753775103.062534
1753775103.1108265
1753775103.1368222
1753775103.1763325
1753775103.2007103
1753775309.7196267
1753775309.7762604
1753775309.807976
1753775309.8544564
1753775309.8859284
1753775309.9252875
1753775309.956624
1753775310.002532
1753775310.0434077
1753775310.0885954
1753775310.1282094
1753775310.1544023
1753775310.1832354
1753775310.2236166
1753775310.2482653
1753775310.286023
1753775310.3110135
1753775310.3496583
1753775310.374643
1753775310.4155607
1753775310.4382899
1753775310.4751673
1753775310.4972987
1753775310.5351927
1753775310.5580106
1753775310.5997114
1753775310.6249
1753775310.6630023
1753775310.6886358
1753775310.730681
1753775310.7533152
1753775310.7902994
1753775310.8086748
1753775310.842949
1753775310.8654487
1753775310.901157
1753775310.9218388
1753775310.957081
1753775310.9779658
1753775311.0046103
1753775311.0302596
1753775311.069227
1753775311.09096
1753775311.1295316
1753775311.154573
1753775311.1807704
1753775311.2218678
1753775311.2418585
1753775311.2790082
1753775311.3014185
1753775311.3265944
1753775311.3659482
1753775311.3871624
1753775311.4114082
1753775311.4522474
1753775311.4756696
1753775311.5151713
1753775311.535948
1753775311.5746067
1753775311.5922372
1753775311.6156876
1753775311.6517465
1753775311.6694574
1753775311.7061522
1753775311.724761
1753775311.746977
1753775311.7692375
1753775311.793443
1753775311.8339999
1753775311.854913
1753775311.894204
1753775311.9188623
1753775311.9461849
1753775311.9876664
1753775312.0099773
1753775312.0358403
1753775312.0738792
1753775312.0994768
1753775312.1372042
1753775312.1615982
1753775312.1873853
1753775312.2240112
1753775312.2466125
1753775312.2861319
1753775312.3107119
1753775312.3511279
1753775312.3777125
1753775312.419047
1753775312.4429984
1753775312.4680636
1753775312.4944384
1753775312.5212712
1753775312.5290027
1753775312.5678995
1753775312.5911229
1753775312.6171656
1753775312.654683
1753775312.680928
1753775312.7071424
1753775312.7456715
1753775312.7745228
1753775312.8027706
1753775312.8293388
1753775312.858586
1753775312.887807
1753775312.92779
1753775312.9577084
1753775312.9961302
1753775313.0237777
1753775313.0626209
1753775313.0913343
1753775313.1336465
1753775313.1614501
1753775313.2015533
1753775313.227595
1753775313.267803
1753775313.296849
1753775313.3369935
1753775313.3654299
1753775313.403592
1753775313.4322011
1753775313.4693213
1753775313.4929512
1753775313.5328453
1753775313.56153
1753775313.6027794
1753775313.6299822
1753775313.6675248
1753775313.6939805
1753775313.733542
1753775313.7745116
1753775313.8026333
1753775313.8418157
1753775313.871634
1753775313.902355
1753775313.94267
1753775313.9717283
1753775313.9993737
1753775314.0281472
1753775314.0803049
1753775314.113269
1753775314.1527655
1753775314.1815157
1753775314.221051
1753775314.2496204
1753775314.290303
1753775314.3194356
1753775314.359315
1753775314.389027
1753775314.4271123
1753775314.454548
1753775314.4922318
1753775314.516511
1753775314.5555243
1753775314.5847864
1753775314.6259215
1753775314.6543388
1753775314.6989677
1753775314.7265024
1753775314.7663102
1753775314.793962
1753775314.8318667
1753775314.8604846
1753775314.8985684
1753775314.9280784
1753775314.964926
1753775315.003815
1753775315.0300157
1753775315.0673118
1753775315.0989175
1753775315.1334834
1753775315.1804938
1753775315.2082312
1753775315.2465153
1753775315.2767015
1753775315.3183637
1753775315.3472655
1753775315.3898246
1753775315.419269
1753775315.4662845
1753775315.4952126
1753775315.5347285
1753775315.5705357
1753775315.5941932
1753775315.6233706
1753775315.661004
1753775315.6876533
1753775315.7255044
1753775315.7514322
1753775315.7903984
1753775315.8178537
1753775315.8571048
1753775315.8855112
1753775315.927988
1753775315.9564664
1753775315.9953382
1753775316.022918
1753775316.0595815
1753775316.0866113
1753775316.123535
1753775316.149922
1753775316.1771116
1753775316.2043102
1753775316.2358162
1753775316.2456963
1753775316.2700791
1753775316.2929618
1753775316.3324218
1753775316.3540258
1753775316.3782554
1753775316.4042332
1753775316.4308498
1753775316.467642
1753775316.4877799
1753775316.512875
1753775316.538212
1753775316.5776758
1753775316.600325
1753775316.6354673
1753775316.6576982
1753775316.682487
1753775316.7187908
1753775316.7421541
1753775316.780487
1753775316.804248
1753775316.8290763
1753775316.854176
1753775316.8938873
1753775316.9158902
1753775316.9531674
1753775316.9765544
1753775317.0167685
1753775317.0391793
1753775317.0761976
1753775317.101642
1753775317.145024
1753775317.171021
1753775317.2173018
1753775317.2427473
1753775317.2931566
1753775317.314243
1753775317.3544052
1753775317.3744087
1753775317.4188256
1753775317.4465845
1753775317.4881232
1753775317.5128832
1753775317.5550451
1753775317.5819945
1753775317.6334567
1753775317.656562
1753775317.7011352
1753775317.7187655
1753775317.7536085
1753775317.7719517
1753775317.8097415
1753775317.8288274
1753775317.8516145
1753775317.873682
1753775317.91227
1753775317.933838
1753775317.958656
1753775317.9956388
1753775318.0174398
1753775318.053279
1753775318.0759118
1753775318.101106
1753775318.1365411
1753775318.1576815
1753775318.195411
1753775318.2165666
1753775318.241865
1753775318.2492833
1753775318.272197
1753775318.2942076
1753775318.3168256
1753775318.340911
1753775318.3763425
1753775318.396397
1753775318.4205558
1753775318.45084
1753775318.4742932
1753775318.4981651
1753775318.53546
1753775318.5559766
1753775318.5799322
1753775318.6040723
1753775318.6437154
1753775318.6661665
1753775318.7033658
1753775318.7279997
1753775318.765293
1753775318.786425
1753775318.8208597
1753775318.8449485
1753775318.882015
1753775318.9046624
1753775318.9409359
1753775318.965487
1753775319.0014658
1753775319.0251122
1753776033.4191687
1753776033.4835682
1753776033.5150435
1753776033.5654404
1753776033.595275
1753776033.633568
1753776033.6621222
1753776033.7068644
1753776033.750486
1753776033.796645
1753776033.8395002
1753776033.868963
1753776033.900719
1753776033.953301
1753776033.9787004
1753776034.0178344
1753776034.0491543
1753776034.093797
1753776034.124807
1753776034.181048
1753776034.2120607
1753776034.2613642
1753776034.2872677
1753776034.3373826
1753776034.3622181
1753776034.400817
1753776034.4260201
1753776034.4755228
1753776034.5019155
1753776034.5412383
1753776034.5656898
1753776034.607446
1753776034.631447
1753776034.6771057
1753776034.6997564
1753776034.7354193
1753776034.7593036
1753776034.797146
1753776034.8213983
1753776034.8496351
1753776034.8777385
1753776034.9210844
1753776034.947521
1753776034.993081
1753776035.0171099
1753776035.0468073
1753776035.0894945
1753776035.1121805
1753776035.1599748
1753776035.1842873
1753776035.2153566
1753776035.2697718
1753776035.2918293
1753776035.315176
1753776035.3563588
1753776035.378524
1753776035.414765
1753776035.43431
1753776035.472585
1753776035.4933836
1753776035.521971
1753776035.5598824
1753776035.578393
1753776035.6175184
1753776035.6391513
1753776035.6656995
1753776035.689219
1753776035.7115493
1753776035.754647
1753776035.7745395
1753776035.812568
1753776035.837947
1753776035.8664165
1753776035.9071162
1753776035.9304206
1753776035.954815
1753776035.9913394
1753776036.015355
1753776036.0529726
1753776036.0786529
1753776036.1062672
1753776036.1469831
1753776036.1731555
1753776036.2114549
1753776036.2354815
1753776036.2767584
1753776036.300872
1753776036.3431163
1753776036.3685613
1753776036.3966515
1753776036.4226384
1753776036.451985
1753776036.461616
1753776036.5022182
1753776036.529756
1753776036.5603223
1753776036.6072552
1753776036.640664
1753776036.6720834
1753776036.710651
1753776036.738201
1753776036.7640524
1753776036.791637
1753776036.821526
1753776036.8479626
1753776036.8846629
1753776036.9117723
1753776036.9506433
1753776036.978046
1753776037.0159707
1753776037.0427775
1753776037.0807097
1753776037.109953
1753776037.1506631
1753776037.1817336
1753776037.2233703
1753776037.2527733
1753776037.2948158
1753776037.323712
1753776037.3643389
1753776037.3929706
1753776037.4304323
1753776037.4553285
1753776037.4946773
1753776037.52352
1753776037.566563
1753776037.5957932
1753776037.6361
1753776037.664399
1753776037.7060866
1753776037.7471144
1753776037.7770374
1753776037.8217766
1753776037.8515275
1753776037.8813028
1753776037.9254918
1753776037.9534488
1753776037.9810188
1753776038.0104566
1753776038.0522056
1753776038.0802195
1753776038.119065
1753776038.1516547
1753776038.1926847
1753776038.2247434
1753776038.2655554
1753776038.2956188
1753776038.3370168
1753776038.3666508
1753776038.4057944
1753776038.4350233
1753776038.472867
1753776038.4970334
1753776038.5374014
1753776038.566431
1753776038.6090255
1753776038.6378953
1753776038.6854048
1753776038.7148793
1753776038.7561667
1753776038.7859523
1753776038.8248014
1753776038.8544445
1753776038.8936298
1753776038.9207363
1753776038.9577231
1753776038.997143
1753776039.0235395
1753776039.0614862
1753776039.0890205
1753776039.1190073
1753776039.1599596
1753776039.1869168
1753776039.2238085
1753776039.255805
1753776039.2968717
1753776039.3258958
1753776039.3674564
1753776039.3968031
1753776039.4430091
1753776039.4715912
1753776039.5085135
1753776039.543945
1753776039.568222
1753776039.5956736
1753776039.6344707
1753776039.6727777
1753776039.711982
1753776039.7383294
1753776039.7782354
1753776039.8054469
1753776039.8450563
1753776039.8739703
1753776039.916208
1753776039.945834
1753776039.987259
1753776040.0141306
1753776040.052832
1753776040.0795796
1753776040.117766
1753776040.1448524
1753776040.1719255
1753776040.1992116
1753776040.2310445
1753776040.241557
1753776040.2677703
1753776040.2925375
1753776040.3382747
1753776040.3603632
1753776040.3856597
1753776040.411971
1753776040.438712
1753776040.4757717
1753776040.4961667
1753776040.5222774
1753776040.5470567
1753776040.6365957
1753776040.6936822
1753776040.7395706
1753776037.8072734
1753776037.8431418
1753776037.8788548
1753776037.9021835
1753776037.9509199
1753776037.991131
1753776038.0208545
1753776038.054559
1753776038.155305
1753776038.242794
1753776038.318351
1753776038.3506832
1753776038.3988373
1753776038.4224727
1753776038.4645724
1753776038.4884672
1753776038.5310407
1753776038.5610185
1753776038.608035
1753776038.6341088
1753776038.7122333
1753776038.761115
1753776038.8411226
1753776038.8748999
1753776038.946454
1753776038.9895654
1753776039.067059
1753776039.1096113
1753776039.1818037
1753776039.2128758
1753776039.2738168
1753776039.3410916
1753776039.4249172
1753776039.4700966
1753776039.5429018
1753776039.5700297
1753776039.61547
1753776039.6359851
1753776039.6618783
1753776039.6875577
1753776039.7463186
1753776039.803604
1753776039.8496034
1753776039.899269
1753776039.9280126
1753776039.9686346
1753776039.9929495
1753776040.0192277
1753776040.0558803
1753776040.0781753
1753776040.1178384
1753776040.1414192
1753776040.1677923
1753776040.1755908
1753776040.1998022
1753776040.2229335
1753776040.2454784
1753776040.2692897
1753776040.305951
1753776040.3267572
1753776040.3530457
1753776040.3771076
1753776040.4022996
1753776040.426138
1753776040.464119
1753776040.485003
1753776040.5084434
1753776040.5345042
1753776040.5811384
1753776040.606774
1753776040.6507218
1753776040.678579
1753776040.718355
1753776040.7401597
1753776040.775952
1753776040.798576
1753776040.8452542
1753776040.8686595
1753776040.9084156
1753776040.9371645
1753776040.9761372
1753776041.0075328
1753776719.4442782
1753776719.5045404
1753776719.5419855
1753776719.5900052
1753776719.624868
1753776719.6730216
1753776719.7093298
1753776719.7574081
1753776719.7920246
1753776719.838694
1753776719.8851619
1753776719.9201791
1753776719.9581723
1753776720.010658
1753776720.0442045
1753776720.0911086
1753776720.1204002
1753776720.1689026
1753776720.20159
1753776720.2476022
1753776720.2778137
1753776720.3225992
1753776720.3500836
1753776717.450229
1753776717.4863658
1753776717.5316784
1753776717.563923
1753776717.6124477
1753776717.6434739
1753776717.6945488
1753776717.729805
1753776717.7799969
1753776717.8049037
1753776717.8469634
1753776717.8760295
1753776717.9185047
1753776717.9440134
1753776717.9886596
1753776718.0145924
1753776718.047776
1753776718.0816228
1753776718.1300464
1753776718.1581964
1753776718.2074094
1753776718.2379887
1753776718.2729745
1753776718.3213167
1753776718.3456779
1753776718.390943
1753776718.417981
1753776718.4510043
1753776718.5052824
1753776718.5324106
1753776718.5599108
1753776718.613982
1753776718.6477838
1753776718.698296
1753776718.7283258
1753776718.7873518
1753776718.8178384
1753776718.8547916
1753776718.904356
1753776718.925254
1753776718.979476
1753776719.0070367
1753776719.0389333
1753776719.0654404
1753776719.0950665
1753776719.1517766
1753776719.180798
1753776719.233551
1753776719.26584
1753776719.2984996
1753776719.3486013
1753776719.3791795
1753776719.412377
1753776719.458777
1753776719.4932342
1753776719.547912
1753776719.578746
1753776719.6084096
1753776719.6527936
1753776719.6808336
1753776719.7267294
1753776719.756035
1753776719.8036215
1753776719.8409464
1753776719.8884187
1753776719.921044
1753776719.9582393
1753776719.9919024
1753776720.0225737
1753776720.031442
1753776720.0767286
1753776720.1048198
1753776720.1364543
1753776720.1833398
1753776720.21614
1753776720.2486718
1753776720.2995505
1753776720.3336418
1753776720.3685033
1753776720.401867
1753776720.4353633
1753776720.4682047
1753776720.510237
1753776720.54494
1753776720.5929477
1753776720.625967
1753776720.6737058
1753776720.7074244
1753776720.756665
1753776720.7898643
1753776720.8390915
1753776720.8734999
1753776720.924498
1753776720.959848
1753776721.0050569
1753776721.0395544
1753776721.0866177
1753776721.120497
1753776721.1647813
1753776721.1947458
1753776721.2475348
1753776721.2841892
1753776721.3313637
1753776721.363655
1753776721.406206
1753776721.438657
1753776721.4835262
1753776721.5318658
1753776721.5667493
1753776721.6181285
1753776721.6544042
1753776721.6895745
1753776721.7367945
1753776721.7767885
1753776721.8091266
1753776721.8447824
1753776721.8884943
1753776721.9225905
1753776721.9720745
1753776722.0084057
1753776722.0585222
1753776722.0943975
1753776722.1410513
1753776722.1802185
1753776722.2351754
1753776722.2779896
1753776722.3368576
1753776722.3718235
1753776722.4160988
1753776722.4458616
1753776722.4924982
1753776722.5272617
1753776722.5753214
1753776722.6111107
1753776722.6701083
1753776722.7055757
1753776722.7504227
1753776722.784238
1753776722.8307054
1753776722.8665435
1753776722.9095984
1753776722.943506
1753776722.9894903
1753776723.0361488
1753776723.0694242
1753776723.1118064
1753776723.1465418
1753776723.1810734
1753776723.226693
1753776723.2606804
1753776723.3070347
1753776723.3457308
1753776723.3926644
1753776723.427552
1753776723.4770122
1753776723.5167675
1753776723.5803292
1753776723.6202068
1753776723.6704924
1753776723.7143023
1753776723.745816
1753776723.7801583
1753776723.8253665
1753776723.8596706
1753776723.9012823
1753776723.9330084
1753776723.9792068
1753776724.0157862
1753776724.0649107
1753776724.096887
1753776724.1433556
1753776724.1753352
1753776724.2189183
1753776724.251296
1753776724.2979414
1753776724.3314438
1753776724.3776317
1753776724.409527
1753776724.445858
1753776724.483364
1753776724.5241442
1753776724.535147
1753776724.56294
1753776724.5923862
1753776724.6410306
1753776724.668765
1753776724.700597
1753776724.7324815
1753776724.7670457
1753776724.808781
1753776724.8354876
1753776724.8683136
1753776724.9008102
1753776724.9450555
1753776724.9785912
1753776725.022899
1753776725.0548627
1753776725.0902576
1753776725.1347454
1753776725.162899
1753776725.2037184
1753776725.231025
1753776725.2581086
1753776725.2869911
1753776725.3297207
1753776725.356868
1753776725.3994563
1753776725.4268324
1753776725.4704218
1753776725.4945772
1753776725.5331473
1753776725.5575936
1753776725.6001365
1753776725.6256282
1753776725.6705816
1753776725.6994154
1753776725.7432904
1753776725.7675924
1753776725.8110967
1753776725.8308682
1753776725.8741312
1753776725.9025662
1753776725.9485395
1753776725.9713633
1753776726.0116403
1753776726.0363305
1753776726.080236
1753776726.1058419
1753776726.153347
1753776726.1789966
1753776726.225263
1753776726.2475216
1753776726.2924142
1753776726.3161058
1753776726.34472
1753776726.3725946
1753776726.422699
1753776726.449443
1753776726.4801497
1753776726.5234866
1753776726.550125
1753776726.594183
1753776726.623028
1753776726.6546378
1753776726.7020197
1753776726.732231
1753776726.7858374
1753776726.8137963
1753776726.843933
1753776726.8522317
1753776726.8804243
1753776726.906675
1753776726.9356499
1753776726.9623902
1753776727.007316
1753776727.0323315
1753776727.060153
1753776727.08808
1753776727.1201377
1753776727.1498027
1753776727.1960957
1753776727.2198768
1753776727.247081
1753776727.2751853
1753776727.3232427
1753776727.3494325
1753776727.4105644
1753776727.4821522
1753776727.548875
1753776727.5866158
1753776727.6348894
1753776727.6673903
1753776727.7137825
1753776727.7437184
1753776727.803312
1753776727.8434029
1753776727.897559
1753776727.9306955
1753777528.2746875
1753777528.329479
1753777528.360668
1753777528.4032273
1753777528.4315271
1753777528.470315
1753777528.5069876
1753777528.5618575
1753777528.5957098
1753777528.6441703
1753777528.68738
1753777528.7157154
1753777528.7473872
1753777528.7898705
1753777528.8169115
1753777528.8546596
1753777528.8789964
1753777528.918189
1753777528.9430385
1753777528.9826634
1753777529.0070534
1753777529.0453606
1753777529.0664299
1753777529.1018922
1753777529.1270313
1753777529.1682281
1753777529.1927173
1753777529.2301714
1753777529.253875
1753777529.2926283
1753777529.3145363
1753777529.354141
1753777529.373292
1753777529.4094248
1753777529.432204
1753777529.470036
1753777529.490404
1753777529.525988
1753777529.5476382
1753777529.5748336
1753777529.6007824
1753777529.6466844
1753777529.6711519
1753777529.7179923
1753777529.7465935
1753777529.7737336
1753777529.8109148
1753777529.8320642
1753777529.8719404
1753777529.8935199
1753777529.918188
1753777529.9582841
1753777529.9795246
1753777530.0045571
1753777530.0503814
1753777530.076755
1753777530.1219282
1753777530.1434824
1753777530.1866605
1753777530.211259
1753777530.2388282
1753777530.2777848
1753777530.2942612
1753777530.333699
1753777530.3560894
1753777530.3830388
1753777530.40827
1753777530.4336312
1753777530.4735818
1753777530.4938178
1753777530.5335097
1753777530.558782
1753777530.5903265
1753777530.6377068
1753777530.663911
1753777530.6900132
1753777530.7297707
1753777530.7578542
1753777530.7991168
1753777530.8257627
1753777530.8555017
1753777530.8987002
1753777530.9284356
1753777530.9733994
1753777531.0039554
1753777531.053031
1753777531.0825267
1753777531.123395
1753777531.1491191
1753777531.177757
1753777531.2057939
1753777531.2335925
1753777531.24146
1753777531.2820058
1753777531.3055434
1753777531.3320615
1753777531.36914
1753777531.393385
1753777531.4233363
1753777531.462999
1753777531.4907026
1753777531.5170155
1753777531.5444949
1753777531.5755615
1753777531.6035056
1753777531.6397998
1753777531.666588
1753777531.705297
1753777531.7323306
1753777531.770483
1753777531.7973654
1753777531.8392217
1753777531.8708708
1753777531.918775
1753777531.951823
1753777532.0019019
1753777532.03444
1753777532.0815122
1753777532.1187806
1753777532.1597984
1753777532.1884203
1753777532.2292063
1753777532.2578218
1753777532.3015766
1753777532.3353102
1753777532.3919365
1753777532.4575853
1753777532.5250902
1753777532.5679662
1753777532.626025
1753777532.682232
1753777532.722009
1753777532.7789948
1753777532.8140116
1753777532.858457
1753777532.909113
1753777532.9466913
1753777532.9800205
1753777533.013378
1753777533.0563762
1753777533.0905552
1753777533.1346238
1753777533.1636763
1753777533.2019162
1753777533.2333083
1753777533.2910156
1753777533.3252254
1753777533.3758163
1753777533.415994
1753777533.468835
1753777533.506537
1753777533.5573258
1753777533.5984087
1753777533.6618838
1753777533.6987998
1753777533.7441406
1753777533.7731094
1753777533.818242
1753777533.8483965
1753777533.8924403
1753777533.9281898
1753777533.9756165
1753777534.009895
1753777534.0584652
1753777534.088794
1753777534.129077
1753777534.1680877
1753777534.1939762
1753777534.2319224
1753777534.2643044
1753777534.2982502
1753777534.3380332
1753777534.3658059
1753777534.4025195
1753777534.4330034
1753777534.4701831
1753777534.4983833
1753777534.5364401
1753777534.5660222
1753777534.6123896
1753777534.6406145
1753777534.6794672
1753777534.7145195
1753777534.7391438
1753777534.7707448
1753777534.8166337
1753777534.847912
1753777534.8896646
1753777534.916775
1753777534.9613032
1753777534.9914613
1753777535.033429
1753777535.0642242
1753777535.1144822
1753777535.1524484
1753777535.198796
1753777535.231803
1753777535.2795737
1753777535.3228712
1753777535.3833961
1753777535.4209635
1753777535.4624114
1753777535.4969625
1753777535.5413241
1753777535.556226
1753777535.586714
1753777535.6149597
1753777535.6676981
1753777535.690565
1753777535.7224405
1753777535.752949
1753777535.78672
1753777535.832903
1753777535.857297
1753777535.889316
1753777535.9196124
1753777535.9666057
1753777535.993636
1753777536.040061
1753777536.0659256
1753777536.0938787
1753777536.132301
1753777536.1554682
1753777536.190275
1753777536.214473
1753777536.243032
1753777536.2718036
1753777536.320265
1753777536.3486605
1753777536.3959916
1753777536.426169
1753777536.4793482
1753777536.5236394
1753777536.599418
1753777536.6303265
1753777536.6762686
1753777536.7035341
1753777536.7575788
1753777536.7857747
1753777536.8335366
1753777536.8534114
1753777536.8929183
1753777536.9104686
1753777536.9492242
1753777536.972335
1753777537.0079515
1753777537.0279286
1753777537.0659761
1753777537.0887544
1753777537.1401412
1753777537.1636484
1753777537.2069747
1753777537.2243931
1753777537.259089
1753777537.2779326
1753777537.3158615
1753777537.3345132
1753777537.3597233
1753777537.3828642
1753777537.424315
1753777537.4496934
1753777537.4810154
1753777537.524696
1753777537.5509639
1753777537.5940201
1753777537.6235719
1753777537.6547825
1753777537.7078524
1753777537.734332
1753777537.772571
1753777537.7939844
1753777537.8188286
1753777537.827403
1753777537.8528416
1753777537.875016
1753777537.899559
1753777537.923204
1753777537.9628224
1753777537.988022
1753777538.0157297
1753777538.041482
1753777538.0671039
1753777538.090764
1753777538.1287165
1753777538.1528268
1753777538.1841245
1753777538.2128932
1753777538.2529762
1753777538.2755613
1753777538.3121452
1753777538.3356273
1753777538.370984
1753777538.3930068
1753777538.4274092
1753777538.4509366
1753777538.4908857
1753777538.5135326
1753777538.549322
1753777538.5726569
1753777538.6074355
1753777538.632754
