1753774180.9533129
1753774180.9991844
1753774181.0291395
1753774181.0815098
1753774181.1162598
1753774181.1694713
1753774181.2024376
1753774181.2503057
1753774181.2763796
1753774181.3149438
1753774181.3419685
1753774181.3809667
1753774181.4074621
1753774181.452527
1753774181.4800172
1753774181.5248284
1753774181.5790753
1753774181.6096044
1753774181.652704
1753774181.6788077
1753774181.7309833
1753774181.7655003
1753774181.7959907
1753774181.8216453
1753774181.8610263
1753774181.8995812
1753774181.9262445
1753774181.9660404
1753774181.9924498
1753774182.034607
1753774182.0688155
1753774182.1190348
1753774182.1435025
1753774182.180679
1753774182.2141562
1753774182.236577
1753774182.2739387
1753774182.3130717
1753774182.3376327
1753774182.3782034
1753774182.4063013
1753774182.4487734
1753774182.4763315
1753774182.5179603
1753774182.543928
1753774182.5866802
1753774182.625459
1753774182.6534703
1753774182.6945672
1753774182.7348313
1753774182.7665713
1753774182.7965133
1753774182.8037317
1753774182.8307822
1753774182.866357
1753774182.8923094
1753774182.9281075
1753774182.958025
1753774182.999215
1753774183.0249362
1753774183.052592
1753774183.103313
1753774183.1338458
1753774183.1753764
1753774183.2151368
1753774183.2355552
1753774183.2736273
1753774183.2986324
1753774183.3394132
1753774183.3672233
1753774183.4099393
1753774183.4400315
1753774183.4789793
1753774183.5240312
1753774183.5585659
1753774183.589494
1753774183.6191611
1753774183.6506627
1753774183.6800988
1753774183.7069633
1753774183.7481863
1753774183.7767732
1753774183.8059144
1753774183.832451
1753774183.863178
1753774183.8913362
1753774183.9181325
1753774183.9442337
1753774183.9685252
1753774184.0064454
1753774184.027392
1753774184.0657525
1753774184.092316
1753774184.1356204
1753774184.1553967
1753774184.1926124
1753774184.216095
1753774184.2549028
1753774184.276052
1753774184.3099408
1753774184.3312647
1753774184.3658888
1753774184.384704
1753774184.4225852
1753774184.455121
1753774184.5039997
1753774184.5277429
1753774184.56861
1753774184.5911665
1753774184.6155822
1753774184.6521022
1753774184.6712875
1753774184.7057707
1753774184.724908
1753774184.7465246
1753774184.7809114
1753774184.7994618
1753774184.8314097
1753774184.8470738
1753774184.879674
1753774184.8956456
1753774184.9293594
1753774184.9456594
1753774184.9824185
1753774184.9966137
1753774185.0274627
1753774185.0462978
1753774185.0804026
1753774185.0979474
1753774185.1181166
1753774185.1351733
1753774185.151823
1753774185.1687043
1753774185.1856112
1753774185.2029576
1753774185.2325819
1753774185.24628
1753774185.2757566
1753774185.2908733
1753774185.325779
1753774185.3414826
1753774185.3775291
1753774185.396306
1753774185.4249778
1753774185.4490063
1753774185.4856489
1753774185.504734
1753774185.5263002
1753774185.549241
1753774185.5872698
1753774185.6061285
1753774185.6306841
1753774185.7107186
1753774185.7487378
1753774185.760746
1753774185.8052447
1753774185.845109
1753774185.860636
1753774185.883893
1753774185.9098976
1753774185.9374871
1753774185.9638262
1753774186.0020127
1753774186.0248957
1753774186.0619686
1753774186.0846753
1753774186.1096544
1753774186.1464036
1753774186.17087
1753774186.2086806
1753774186.2353137
1753774186.272973
1753774186.3127673
1753774186.3381622
1753774186.378053
1753774186.418238
1753774186.4428277
1753774186.4783683
1753774186.5028043
1753774186.5464013
1753774186.5713136
1753774186.610251
1753774186.6330469
1753774186.669952
1753774186.6897178
1753774186.7264519
1753774186.7645373
1753774186.7879505
1753774186.834962
1753774186.8601432
1753774186.88917
1753774186.9276836
1753774186.94889
1753774186.9863658
1753774187.0111399
1753774187.038155
1753774187.0639696
1753774187.10129
1753774187.1295552
1753774187.1738658
1753774187.2043977
1753774187.2454643
1753774187.2713869
1753774187.3104298
1753774187.3488798
1753774187.3765693
1753774187.4032724
1753774187.4394655
1753774187.4709427
1753774187.5132136
1753774187.5415215
1753774187.5774117
1753774187.605126
1753774187.6446807
1753774187.6808877
1753774187.7074556
1753774187.7457159
1753774187.7841716
1753774187.8146112
1753774187.861841
1753774187.904499
1753774187.9281626
1753774187.965325
1753774188.0040169
1753774188.032696
1753774188.0681195
1753774188.0930893
1753774188.117733
1753774188.155121
1753774188.1807342
1753774188.2173615
1753774188.2428615
1753774188.2688892
1753774188.3065655
1753774188.343416
1753774188.3690357
1753774188.394858
1753774188.4207335
1753774188.4444103
1753774188.4822743
1753774188.5102017
1753774188.5534394
1753774188.5798578
1753774188.6179516
1753774188.6272485
1753774188.66012
1753774188.7057185
1753774188.753043
1753774188.7894332
1753774188.8120015
1753774188.8369443
1753774188.8712492
1753774188.8922646
1753774188.9276137
1753774188.950388
1753774188.9757533
1753774189.014035
1753774189.035907
1753774189.0720534
1753774189.1376636
1753774189.1832774
1753774189.2440119
1753774189.2720032
1753774189.3223338
1753774189.3800766
1753774189.4033024
1753774189.4435234
1753774189.4850788
1753774189.5298069
1753774189.579211
1753774189.6067867
1753774189.6491563
1753774189.674884
1753774189.7017436
1753774189.7225442
1753774189.7642393
1753774189.804278
1753774189.8333757
1753774189.878034
1753774189.9054875
1753774189.9324062
1753774189.9765823
1753774190.0031624
1753774190.0449355
1753774190.0721262
1753774190.1142077
1753774190.142363
1753774190.180415
1753774190.2068176
1753774190.2437856
1753774190.2699466
1753774190.3145874
1753774190.3397202
1753774190.377832
1753774190.4031923
1753774190.4288366
1753774190.4690742
1753774190.496515
1753774190.5224242
1753774190.5651011
1753774190.5919557
1753775534.7200103
1753775534.7680378
1753775534.7973197
1753775534.8461206
1753775534.870144
1753775534.9111054
1753775534.9379065
1753775534.97929
1753775535.0084414
1753775535.0466073
1753775535.0720875
1753775535.108916
1753775535.1346216
1753775535.1771233
1753775535.2032437
1753775535.2411454
1753775535.27967
1753775535.3051934
1753775535.3481169
1753775535.3757734
1753775535.4191008
1753775535.4466763
1753775535.4769983
1753775535.5091963
1753775535.5630672
1753775535.6178677
1753775535.659252
1753775535.7004154
1753775535.7354934
1753775535.7773786
1753775535.8039336
1753775535.8530312
1753775535.88071
1753775535.9223049
1753775535.9736488
1753775536.000715
1753775536.0536463
1753775536.1002626
1753775536.127291
1753775536.1670358
1753775536.196117
1753775536.236781
1753775536.2661216
1753775536.3103702
1753775536.3404856
1753775536.3971481
1753775536.4427245
1753775536.4738095
1753775536.5215576
1753775536.5787914
1753775536.608837
1753775536.6415205
1753775536.6542704
1753775536.6922188
1753775536.7360113
1753775536.767415
1753775536.808102
1753775536.844091
1753775536.8928192
1753775536.921622
1753775536.9504895
1753775536.9899118
1753775537.0181348
1753775537.0711782
1753775537.1125433
1753775537.1360848
1753775537.1764555
1753775537.2002132
1753775537.2385316
1753775537.266829
1753775537.306863
1753775537.3353443
1753775537.3638272
1753775537.4096584
1753775537.4367874
1753775537.465107
1753775537.5008473
1753775537.5332427
1753775537.567055
1753775537.5961528
1753775537.637437
1753775537.6652534
1753775537.691652
1753775537.7254605
1753775537.7563794
1753775537.7866309
1753775537.8156686
1753775537.8440332
1753775537.8723803
1753775537.9159944
1753775537.9399905
1753775537.978781
1753775537.9998794
1753775538.0359669
1753775538.0531356
1753775538.0906663
1753775538.1133187
1753775538.1530364
1753775538.1756246
1753775538.2160716
1753775538.2361972
1753775538.2723136
1753775538.2936637
1753775538.329964
1753775538.3507607
1753775538.3877234
1753775538.409513
1753775538.448438
1753775538.471563
1753775538.4967024
1753775538.5360327
1753775535.598557
1753775535.6355364
1753775535.655924
1753775535.6778483
1753775535.7159498
1753775535.733289
1753775535.7639177
1753775535.7810822
1753775535.8185835
1753775535.8407056
1753775535.8768275
1753775535.8940237
1753775535.9259017
1753775535.9405706
1753775535.9720204
1753775535.9947639
1753775536.0542145
1753775536.0708144
1753775536.091209
1753775536.1105673
1753775536.1318526
1753775536.1513462
1753775536.170676
1753775536.1937065
1753775536.2278807
1753775536.2430758
1753775536.2746537
1753775536.2902427
1753775536.327377
1753775536.34282
1753775536.376936
1753775536.3971438
1753775536.420163
1753775536.4431117
1753775536.4784303
1753775536.4977212
1753775536.5230105
1753775536.5475142
1753775536.5856557
1753775536.6047258
1753775536.629733
1753775536.6695716
1753775536.6940231
1753775536.7035549
1753775536.7401717
1753775536.7729046
1753775536.7863412
1753775536.8097227
1753775536.8351398
1753775536.8592947
1753775536.8873057
1753775536.922924
1753775536.9457893
1753775536.9803064
1753775537.0035431
1753775537.029481
1753775537.070897
1753775537.0950303
1753775537.1316803
1753775537.1574597
1753775537.1939266
1753775537.2307599
1753775537.2546773
1753775537.293439
1753775537.333457
1753775537.355759
1753775537.3916051
1753775537.4172714
1753775537.4558687
1753775537.478745
1753775537.515018
1753775537.5390925
1753775537.5740843
1753775537.596084
1753775537.6349156
1753775537.6758857
1753775537.7018175
1753775537.7398756
1753775537.764236
1753775537.7930355
1753775537.8352296
1753775537.8587232
1753775537.9013495
1753775537.928044
1753775537.9557586
1753775537.9835057
1753775538.02784
1753775538.0637596
1753775538.104191
1753775538.1321042
1753775538.1973596
1753775538.2567253
1753775538.318615
1753775538.378855
1753775538.4229548
1753775538.4595385
1753775538.5180755
1753775538.5500023
1753775538.5936465
1753775538.623189
1753775538.668088
1753775538.6974475
1753775538.7398124
1753775538.7861378
1753775538.8125267
1753775538.8519952
1753775538.9123075
1753775538.9390798
1753775538.9792402
1753775539.0198498
1753775539.0456038
1753775539.0836773
1753775539.1223533
1753775539.1495402
1753775539.1877034
1753775539.2145154
1753775539.2418163
1753775539.28152
1753775539.308718
1753775539.3474371
1753775539.3784854
1753775539.406705
1753775539.446516
1753775539.483746
1753775539.5112915
1753775539.538327
1753775539.5655994
1753775539.5918837
1753775539.6358082
1753775539.6633017
1753775539.703019
1753775539.7288313
1753775539.7565715
1753775539.765323
1753775539.7970605
1753775539.8355572
1753775539.8613918
1753775539.8879154
1753775539.916047
1753775539.945031
1753775539.9897106
1753775540.012646
1753775540.0490253
1753775540.0732868
1753775540.0989978
1753775540.1365983
1753775540.1594296
1753775540.1856074
1753775540.2215104
1753775540.2431033
1753775540.2809308
1753775540.3015704
1753775540.339485
1753775540.3808913
1753775540.3987453
1753775540.4257088
1753775540.4567382
1753775540.4898276
1753775540.5314019
1753775540.5570762
1753775540.597372
1753775540.6239567
1753775540.6579087
1753775540.6859884
1753775540.7329729
1753775540.7759
1753775540.803918
1753775540.8423853
1753775540.8680074
1753775540.8946102
1753775540.9401984
1753775540.9770179
1753775541.0129254
1753775541.03918
1753775541.0767872
1753775541.107951
1753775541.1461866
1753775541.1743667
1753775541.212787
1753775541.2412157
1753775541.2832747
1753775541.3086786
1753775541.3468966
1753775541.375129
1753775541.404824
1753775541.4443505
1753775541.4725025
1753775541.501839
1753775541.5404541
1753775541.5657957
1753776251.368673
1753776251.743492
1753776251.8642352
1753776251.9367785
1753776251.9939609
1753776252.0699818
1753776252.1105425
1753776252.1786008
1753776252.2343893
1753776252.3008356
1753776252.3621087
1753776252.4175153
1753776252.4541936
1753776252.5194569
1753776252.5549328
1753776252.631523
1753776252.696926
1753776252.7317238
1753776252.7821195
1753776252.8181493
1753776252.868064
1753776252.912656
1753776252.9472551
1753776252.9809058
1753776253.0349774
1753776253.0803263
1753776253.1094668
1753776253.1571608
1753776253.1895065
1753776253.2371438
1753776253.2697642
1753776253.3099022
1753776253.3472354
1753776253.4073377
1753776253.4531374
1753776253.4839237
1753776253.5278604
1753776253.5801945
1753776253.6073675
1753776253.6479676
1753776253.6746187
1753776253.7155418
1753776253.7558794
1753776253.802295
1753776253.834229
1753776253.8831027
1753776253.9420457
1753776253.9712708
1753776254.0183537
1753776254.0691454
1753776254.1035783
1753776254.1372917
1753776254.1468232
1753776254.1752
1753776254.213143
1753776254.242985
1753776254.2977843
1753776254.3357873
1753776254.3750436
1753776254.4018464
1753776254.457575
1753776254.5749643
1753776254.613916
1753776254.6693883
1753776254.709468
1753776254.7339807
1753776254.7795305
1753776254.8085337
1753776254.8486197
1753776254.8759446
1753776254.928001
1753776254.9726775
1753776255.0088606
1753776255.0649595
1753776255.1028824
1753776255.130331
1753776255.157965
1753776255.2023582
1753776255.2358794
1753776255.271612
1753776255.3169212
1753776255.3509092
1753776255.3948126
1753776255.4219491
1753776255.452187
1753776255.4874804
1753776255.5252256
1753776255.562986
1753776255.6070852
1753776255.659471
1753776255.6864443
1753776255.7299047
1753776255.755809
1753776255.7961352
1753776255.8190055
1753776255.8583422
1753776255.8821805
1753776255.922237
1753776255.9457579
1753776255.9955142
1753776256.0267584
1753776256.0660188
1753776256.0880048
1753776256.1292708
1753776256.1546252
1753776256.197693
1753776256.2252202
1753776256.2781188
1753776256.3069162
1753776256.3320258
1753776256.3764524
1753776256.4045465
1753776256.4426627
1753776256.4619634
1753776256.4827974
1753776256.521417
1753776256.5508022
1753776256.5950053
1753776256.617303
1753776256.6644068
1753776256.6864579
1753776256.7237873
1753776256.7493782
1753776256.7816765
1753776256.795756
1753776256.82703
1753776256.8440862
1753776256.8820467
1753776256.8986433
1753776256.929233
1753776256.9470022
1753776256.9655402
1753776256.9840531
1753776257.002378
1753776257.022787
1753776257.0556502
1753776257.072596
1753776257.1154308
1753776257.1333094
1753776257.169281
1753776257.1861851
1753776257.221684
1753776257.2426603
1753776257.2767725
1753776257.301193
1753776257.3396857
1753776257.3609362
1753776257.3890135
1753776257.4191847
1753776257.4716756
1753776257.496338
1753776257.5213373
1753776257.5603201
1753776257.583158
1753776257.5919106
1753776257.62873
1753776257.6755865
1753776257.6910398
1753776257.7163103
1753776257.745401
1753776257.7737377
1753776257.8007884
1753776257.8462176
1753776257.8712106
1753776257.9083946
1753776257.9334998
1753776257.9634802
1753776258.0078037
1753776258.0499861
1753776258.091752
1753776258.118371
1753776258.1690402
1753776258.222059
1753776258.2558475
1753776258.2944598
1753776258.3341582
1753776258.3637128
1753776258.405407
1753776258.4383318
1753776258.4806244
1753776258.5057843
1753776258.5501924
1753776258.5751567
1753776258.6179023
1753776258.643988
1753776258.685617
1753776258.7266886
1753776258.755191
1753776258.8148847
1753776258.8488815
1753776258.8874125
1753776258.9413102
1753776258.9702208
1753776259.0223026
1753776259.0500543
1753776259.0786462
1753776259.1126385
1753776259.1659038
1753776259.2135134
1753776259.2996807
1753776259.3446567
1753776259.3966422
1753776259.4314644
1753776259.487957
1753776259.5423484
1753776259.573536
1753776259.6089864
1753776259.6502724
1753776259.6797755
1753776259.7215629
1753776259.7561069
1753776259.7999918
1753776259.8330686
1753776259.8794906
1753776259.924483
1753776259.9634566
1753776260.0028803
1753776260.042708
1753776260.0754762
1753776260.1168323
1753776260.1722388
1753776260.2026923
1753776260.2541962
1753776260.3063498
1753776260.3414764
1753776260.3918777
1753776260.4198139
1753776260.4476833
1753776260.4881244
1753776260.5177963
1753776260.5653658
1753776260.5950685
1753776260.6245623
1753776260.6629083
1753776260.705393
1753776260.739894
1753776260.766548
1753776260.7931404
1753776260.822329
1753776260.864683
1753776260.9012501
1753776260.9446254
1753776260.9709797
1753776260.9975595
1753776261.0070007
1753776261.0392292
1753776261.0898333
1753776261.1172094
1753776261.1446338
1753776261.170996
1753776261.1997128
1753776261.2417574
1753776261.272157
1753776261.3111405
1753776261.3378158
1753776261.363332
1753776261.4010642
1753776261.4364064
1753776261.468728
1753776261.5193586
1753776261.5459988
1753776261.5884948
1753776261.6213741
1753776261.6715684
1753776261.7263455
1753776261.7465286
1753776261.7761426
1753776261.8179984
1753776261.8471684
1753776261.8966413
1753776261.9303024
1753776261.9853718
1753776262.0195403
1753776262.0470717
1753776262.0714793
1753776262.1121945
1753776262.150934
1753776262.1832845
1753776262.2219496
1753776262.2497451
1753776262.278718
1753776262.3267279
1753776262.3658013
1753776262.4066653
1753776262.4370468
1753776262.4791224
1753776262.5123756
1753776262.5645924
1753776262.5989788
1753776262.6556227
1753776262.6946828
1753776262.7500794
1753776262.79158
1753776262.8348284
1753776262.861687
1753776262.8900685
1753776262.9442549
1753776262.9827204
1753776263.0230863
1753776263.0684044
1753776263.0959544
1753777739.3910134
1753777739.4536116
1753777739.4905956
1753777739.535657
1753777739.559696
1753777739.601014
1753777739.627091
1753777739.6714122
1753777739.7046802
1753777739.7557619
1753777739.7857199
1753777739.8310363
1753777739.8631852
1753777739.9069767
1753777739.9331112
1753777739.9711456
1753777740.011058
1753777740.0374548
1753777740.0778754
1753777740.1121116
1753777740.153373
1753777740.1799793
1753777740.2095485
1753777740.2363515
1753777740.278156
1753777740.3151307
1753777740.3403993
1753777740.3791063
1753777740.4139957
1753777740.4543881
1753777740.4865158
1753777740.5236034
1753777740.5489252
1753777740.5892828
1753777740.6241126
1753777740.6484673
1753777740.6902304
1753777740.7297246
1753777740.7556677
1753777740.7973034
1753777740.8308475
1753777740.8712506
1753777740.899511
1753777740.9392984
1753777740.965999
1753777741.0104594
1753777741.0526886
1753777741.082637
1753777741.1236858
1753777741.1612914
1753777741.188278
1753777741.2160537
1753777741.2258492
1753777741.252219
1753777741.2906656
1753777741.3198562
1753777741.3565917
1753777741.3844337
1753777741.4212277
1753777741.4474585
1753777741.4784315
1753777741.519785
1753777741.5481677
1753777741.5897186
1753777741.626307
1753777741.6497328
1753777741.692309
1753777741.7215033
1753777741.7629278
1753777741.7975523
1753777741.8414495
1753777741.86722
1753777741.8939989
1753777741.9341166
1753777741.9603083
1753777741.9872847
1753777742.016497
1753777742.0483682
1753777742.0787005
1753777742.1078029
1753777742.147884
1753777742.1727033
1753777742.1972055
1753777742.223983
1753777742.25141
1753777742.280069
1753777742.306876
1753777742.3336449
1753777742.3579323
1753777742.3976996
1753777742.4180222
1753777742.454516
1753777742.4780512
1753777742.5147529
1753777742.53171
1753777742.568987
1753777742.592333
1753777742.632813
1753777742.6557686
1753777742.6933515
1753777742.713748
1753777742.7486064
1753777742.769242
1753777742.8109584
1753777742.832239
1753777742.8699145
1753777742.8912623
1753777742.9297657
1753777742.9515495
1753777742.976916
1753777743.0121727
1753777743.0316095
1753777743.0650995
1753777743.083099
1753777743.102702
1753777743.137933
1753777743.1559083
1753777743.1872873
1753777743.2030392
1753777743.2362244
1753777743.251854
1753777743.284568
1753777743.3028588
1753777743.3361177
1753777743.3499296
1753777743.3800664
1753777743.3968565
1753777743.4288025
1753777743.4434552
1753777743.4614196
1753777743.4778795
1753777743.4975286
1753777743.5150423
1753777743.5325875
1753777743.551208
1753777743.583905
1753777743.5989602
1753777743.6305385
1753777743.64685
1753777743.6844492
1753777743.7003074
1753777743.7339478
1753777743.7533557
1753777743.777086
1753777743.8005223
1753777743.8374097
1753777743.8562608
1753777743.8794427
1753777743.903471
1753777743.9433815
1753777743.9631014
1753777743.9881985
1753777744.0246747
1753777744.0458326
1753777744.052182
1753777744.086714
1753777744.1240065
1753777744.1382418
1753777744.1623974
1753777744.187957
1753777744.2138963
1753777744.2399764
1753777744.2746677
1753777744.299255
1753777744.334941
1753777744.357165
1753777744.3824177
1753777744.4178317
1753777744.4438636
1753777744.4814553
1753777744.5059736
1753777744.5452018
1753777744.5826647
1753777744.607868
1753777744.6466243
1753777744.6850176
1753777744.707497
1753777744.7431061
1753777744.7683275
1753777744.809309
1753777744.8333528
1753777744.8699956
1753777744.8947625
1753777744.931811
1753777744.9518905
1753777744.9890444
1753777745.0282948
1753777745.0549092
1753777745.0936396
1753777745.1178448
1753777745.1443753
1753777745.1845918
1753777745.2077622
1753777745.2472582
1753777745.272682
1753777745.300709
1753777745.3286822
1753777745.3691823
1753777745.3962476
1753777745.4357467
1753777745.4655774
1753777745.5075421
1753777745.5337207
1753777745.5725107
1753777745.6108272
1753777745.6411994
1753777745.6711013
1753777745.7119327
1753777745.7409942
1753777745.7809417
1753777745.8091223
1753777745.8493323
1753777745.878196
1753777745.9150846
1753777745.9524522
1753777745.9803455
1753777746.019867
1753777746.0605094
1753777746.0867991
1753777746.1265693
1753777746.1687129
1753777746.1962504
1753777746.2366562
1753777746.2751963
1753777746.3023977
1753777746.3400924
1753777746.3676775
1753777746.395125
1753777746.4337704
1753777746.4626112
1753777746.5038145
1753777746.5326626
1753777746.5600452
1753777746.5947573
1753777746.6335213
1753777746.660007
1753777746.6856227
1753777746.7121646
1753777746.7403083
1753777746.779356
1753777746.8050327
1753777746.8463693
1753777746.8721762
1753777746.89886
1753777746.9076235
1753777746.937411
1753777746.9765315
1753777747.0019727
1753777747.0285296
1753777747.0529196
1753777747.0791984
1753777747.1169336
1753777747.139532
1753777747.1757753
1753777747.1985784
1753777747.2229798
1753777747.2573895
1753777747.279799
1753777747.306051
1753777747.3462594
1753777747.3682342
1753777747.4061449
1753777747.4279091
1753777747.4659586
1753777747.5200229
1753777747.5376852
1753777747.5648406
1753777747.5939274
1753777747.6238122
1753777747.6676555
1753777747.694055
1753777747.7344968
1753777747.7684953
1753777747.7966635
1753777747.8175995
1753777747.8549628
1753777747.8938997
1753777747.9196358
1753777747.956311
1753777747.983291
1753777748.0088143
1753777748.047628
1753777748.0753171
1753777748.1117907
1753777748.139292
1753777748.1791003
1753777748.209102
1753777748.246719
1753777748.2755084
1753777748.3186333
1753777748.3643043
1753777748.4213398
1753777748.4561763
1753777748.4986072
1753777748.53013
1753777748.5613518
1753777748.6111012
1753777748.6450303
1753777748.6784632
1753777748.7201974
1753777748.7500062
