1753183806.0075014
1753183806.027685
1753183806.0647957
1753183806.105432
1753183806.1435418
1753183806.1844513
1753183806.2169619
1753183806.2532504
1753183806.2896535
1753183806.3276083
1753183806.3670316
1753183806.4069777
1753183806.451515
1753183806.4875364
1753183806.5219762
1753183806.55599
1753183806.604508
1753183806.656836
1753183806.703387
1753183806.743023
1753183806.7791147
1753183806.8138385
1753183806.8455741
1753183806.8819907
1753183806.9239972
1753183806.9618955
1753183806.994854
1753183807.029334
1753183807.0688446
1753183807.1046207
1753183807.1366704
1753183807.1722999
1753183807.2084541
1753183807.2428663
1753183807.2728703
1753183807.3147547
1753183807.3516967
1753183807.3926952
1753183807.4264317
1753183807.4628344
1753183807.4943042
1753183807.5349295
1753183807.5738218
1753183807.6143196
1753183807.6501708
1753183807.6878548
1753183807.7294533
1753183807.7660944
1753183807.8023303
1753183807.8389258
1753183807.8765945
1753183807.915976
1753183807.9534843
1753183807.990803
1753183808.0347722
1753183808.0728498
1753183808.1046276
1753183808.1451986
1753183808.178674
1753183808.2114992
1753183808.2482095
1753183808.28446
1753183808.3178253
1753183808.3549545
1753183808.3908765
1753183808.427781
1753183808.4614072
1753183808.4977562
1753183808.534845
1753183808.5699408
1753183808.6057203
1753183808.6486576
1753183808.6863196
1753183808.7266278
1753183808.7606654
1753183808.8007617
1753183808.8422594
1753183808.9070199
1753183808.9722457
1753183809.038208
1753183809.0926464
1753183809.1436336
1753183809.1829143
1753183809.2443216
1753183809.308596
1753183809.3773522
1753183809.424195
1753183809.4839132
1753183809.542828
1753183809.6187968
1753183809.6682768
1753183809.7404768
1753183809.803051
1753183809.859089
1753183809.9111896
1753183809.963782
1753183810.0178647
1753183810.0680065
1753183810.12023
1753183810.170355
1753183810.235812
1753183810.2920203
1753183810.3408964
1753183810.454142
1753183810.5277543
1753183810.5797067
1753183810.646694
1753183810.7233078
1753183810.8068154
1753183810.861541
1753183810.9049826
1753183810.9513535
1753183811.0170982
1753183811.0639386
1753183811.1332889
1753183811.176909
1753183811.2277534
1753183811.2636132
1753183811.3086066
1753183811.3455386
1753183811.3826928
1753183811.416317
1753183811.4438791
1753183811.4874616
1753183811.5215092
1753183811.5716422
1753183811.6125598
1753183811.6561117
1753183811.6900458
1753183811.7289646
1753183811.760605
1753183811.8021574
1753183811.842608
1753183811.882756
1753183811.9144652
1753183811.959604
1753183811.9991465
1753183812.0476587
1753183812.0874312
1753183812.1290455
1753183812.1662197
1753183812.1996543
1753183812.239602
1753183812.2884061
1753183812.357502
1753183812.4197817
1753183812.4460123
1753183812.4922576
1753183812.5039463
1753183812.5437052
1753183812.561654
1753183812.5991752
1753183812.6179922
1753183812.6854613
1753183812.7338045
1753183812.7599986
1753183812.7862184
1753183812.8234878
1753183812.842167
1753183812.8795974
1753183812.8952684
1753183812.9300644
1753183812.9414191
1753183812.972905
1753183812.9843178
1753183813.0151258
1753183813.0277438
1753183813.0501454
1753183813.0797465
1753183813.0942175
1753183813.120955
1753183813.135581
1753183813.15585
1753183813.175531
1753183813.194782
1753183813.2263496
1753183813.24116
1753183813.260914
1753183813.283197
1753183813.3165944
1753183813.3325987
1753183813.361347
1753183813.3753884
1753183813.4087687
1753183813.428155
1753183813.4505694
1753183813.4723933
1753183813.4958286
1753183813.5403526
1753183813.5875354
1753183813.657317
1753183813.6787925
1753183813.7101374
1753183813.741198
1753183813.7661045
1753183813.790572
1753183813.8124175
1753183813.8339992
1753183813.852971
1753183813.8731482
1753183813.892012
1753183813.9126837
1753183813.9491029
1753183813.965724
1753183813.987057
1753183814.0104516
1753183814.0331283
1753183814.0538242
1753183814.0751462
1753183814.0977306
1753183814.1206694
1753183814.1445606
1753183814.1651785
1753183814.197847
1753183814.2262247
1753183814.252555
1753183814.277784
1753183814.3091714
1753183814.3354053
1753183814.366264
1753183814.3916767
1753183814.4244776
1753183814.4514065
1753183814.4945397
1753183814.5229635
1753183814.561762
1753183814.5881197
1753183814.627906
1753183814.672842
1753183814.723022
1753183814.7557027
1753183814.8021061
1753183814.8321853
1753183814.860553
1753183814.9034355
1753183814.9329705
1753183814.9771957
1753183815.0060067
1753183815.045183
1753183815.087172
1753183815.1225686
1753183815.1331806
1753183815.1753118
1753183815.2200062
1753183815.2605176
1753183815.3030086
1753183815.3463967
1753183815.404605
1753183815.468576
1753183815.5529866
1753183815.596318
1753183815.6386728
1753183815.69502
1753183815.7631552
1753183815.8132133
1753183815.8583317
1753183815.9449117
1753183815.9980574
1753183816.0467744
1753183816.1133811
1753183816.1562967
1753183816.1890519
1753183816.2315052
1753183816.2670856
1753183816.2991128
1753183816.3351574
1753183816.3707123
1753183816.4058957
1753183816.4370086
1753183816.477516
1753183816.5136526
1753183816.550845
1753183816.5815485
1753183816.6333053
1753183816.675721
1753183816.7139707
1753183816.7463195
1753183816.7876465
1753183816.8223178
1753183816.85977
1753183816.8889132
1753183816.9269087
1753183816.959911
1753183817.001089
1753183817.0316505
1753183817.0679986
1753183817.1047583
1753183817.1355681
1753183817.1711276
1753183817.1981978
1753183817.241908
1753183817.271615
1753183817.308361
1753183817.3374012
1753183817.3723085
1753183817.4085145
1753183817.442254
1753183817.4713714
1753183817.5045583
