1753184068.049987
1753184068.064069
1753184068.0961118
1753184068.1263056
1753184068.1471388
1753184068.1752303
1753184068.2003498
1753184068.2269335
1753184068.2513077
1753184068.2777114
1753184068.3017957
1753184068.3297725
1753184068.3566568
1753184068.385168
1753184068.424102
1753184068.4477012
1753184068.4856868
1753184068.5078325
1753184068.533557
1753184068.5415118
1753184068.5690422
1753184068.595275
1753184068.6225562
1753184068.650808
1753184068.6880898
1753184068.716434
1753184068.7423456
1753184068.77085
1753184068.7985997
1753184068.8295417
1753184068.8595853
1753184068.8909743
1753184068.920888
1753184068.959818
1753184068.9873292
1753184069.0175915
1753184069.0463364
1753184069.0731893
1753184069.1050596
1753184069.1519928
1753184069.1844413
1753184069.2179022
1753184069.2474923
1753184069.2788866
1753184069.3233285
1753184069.3397512
1753184069.3791184
1753184069.4027898
1753184069.434189
1753184069.46271
1753184069.4921045
1753184069.5216787
1753184069.5488248
1753184069.5905762
1753184069.629081
1753184069.6484509
1753184069.6803253
1753184069.7218397
1753184069.7605615
1753184069.8069499
1753184069.8920114
1753184069.9343097
1753184069.9783888
1753184070.014909
1753184070.0402322
1753184070.0687213
1753184070.110801
1753184070.1377137
1753184070.1658459
1753184070.1947036
1753184070.2317672
1753184070.278857
1753184070.3043733
1753184070.3308375
1753184070.3559268
1753184070.3811185
1753184070.4107773
1753184070.4554906
1753184070.4827676
1753184070.5123944
1753184070.5513399
1753184070.592884
1753184070.6182613
1753184070.654298
1753184070.6916728
1753184070.7611253
1753184070.798086
1753184070.839808
1753184070.8690047
1753184070.9105349
1753184070.946635
1753184070.974353
1753184071.0066745
1753184071.0438433
1753184071.0684776
1753184071.105404
1753184071.1341584
1753184071.1716125
1753184071.2060728
1753184071.2364993
1753184071.2777166
1753184071.310016
1753184071.348034
1753184071.3841176
1753184071.415512
1753184071.460901
1753184071.5024323
1753184071.5337577
1753184071.573108
1753184071.602558
1753184071.6396036
1753184071.6733065
1753184071.7108576
1753184071.7374852
1753184071.775337
1753184071.8016384
1753184071.8391232
1753184071.8644943
1753184071.898421
1753184071.930441
1753184071.9545865
1753184071.9929354
1753184072.0241957
1753184072.0637248
1753184072.0867074
1753184072.1208353
1753184072.1584742
1753184072.1858585
1753184072.2203758
1753184072.245708
1753184072.2831786
1753184072.3080924
1753184072.334996
1753184072.3610523
1753184072.398957
1753184072.4246378
1753184072.4580426
1753184072.4849672
1753184072.5240812
1753184072.549971
1753184072.5891063
1753184072.6143947
1753184072.6533082
1753184072.6806104
1753184072.7196152
1753184072.7457907
1753184072.7742805
1753184072.7998507
1753184072.8282533
1753184072.8545547
1753184072.8820841
1753184072.9135177
1753184072.9408345
1753184072.972453
1753184072.996744
1753184073.0243402
1753184073.049723
1753184073.0756793
1753184073.1039598
1753184073.1307106
1753184073.1569304
1753184073.1823988
1753184073.206323
1753184073.2307482
1753184073.2577543
1753184073.2857723
1753184073.3170269
1753184073.3416536
1753184073.3672466
1753184073.3925238
1753184073.4190922
1753184073.4451954
1753184073.470846
1753184073.5008066
1753184073.5090733
1753184073.5534546
1753184073.574848
1753184073.6124754
1753184073.6331952
1753184073.669214
1753184073.6912217
1753184073.7266583
1753184073.7631514
1753184073.7831035
1753184073.8001425
1753184073.8348947
1753184073.8720365
1753184073.8985195
1753184073.9263668
1753184073.965884
1753184073.9878247
1753184074.0116832
1753184074.0357983
1753184074.0763938
1753184074.0998528
1753184074.1234841
1753184074.1472716
1753184074.1870193
1753184074.2094133
1753184074.2450798
1753184074.2686107
1753184074.3061109
1753184074.3312788
1753184074.3723133
1753184074.397858
1753184074.439281
1753184074.474879
1753184074.5153096
1753184074.5389886
1753184074.5749228
1753184074.6125593
1753184074.6520169
1753184074.6763847
1753184074.709441
1753184074.7433105
1753184074.7815104
1753184074.8022435
1753184074.8365097
1753184074.871485
1753184074.905878
1753184074.932527
1753184074.972254
1753184075.006587
1753184075.044135
1753184075.0698936
1753184075.1085227
1753184075.1331792
1753184075.1716335
1753184075.197419
1753184075.23762
1753184075.274335
1753184075.3011024
1753184075.3392973
1753184075.3644779
1753184075.3911762
1753184075.4275522
1753184075.4516945
1753184075.4881456
1753184075.5175433
1753184075.556257
1753184075.5808835
1753184075.5892923
1753184075.6236846
1753184075.6604967
1753184075.6792142
1753184075.7163858
1753184075.750445
1753184075.7856917
1753184075.8105643
1753184075.846733
1753184075.881271
1753184075.9163105
1753184075.9436045
1753184075.9838986
1753184076.019279
1753184076.0576115
1753184076.08505
1753184076.1282384
1753184076.1634629
1753184076.201458
1753184076.2275367
1753184076.2669625
1753184076.3008592
1753184076.337829
1753184076.3635397
1753184076.4039996
1753184076.4383929
1753184076.4755785
1753184076.5010266
1753184076.541078
1753184076.5745678
1753184076.6102285
1753184076.63487
1753184076.6805046
1753184076.7124844
1753184076.7517793
1753184076.7724364
1753184076.810609
1753184076.8369133
1753184076.8750246
1753184076.8964305
1753184076.9325209
1753184076.9540606
1753184076.9883487
1753184077.0219505
1753184077.0418494
1753184077.076047
1753184077.11152
1753184077.130574
1753184077.1533988
1753184077.1785579
1753184077.216849
1753184077.2390394
1753184077.2625191
1753184077.2873235
1753184077.326526
1753184077.3482952
1753184077.3718302
1753184077.3964937
1753184077.4217925
