1752502882.3517687
1752502882.4398582
1752502882.605769
1752502882.8058598
1752502882.934778
1752502883.2620356
1752502883.4221885
1752502883.55377
1752502883.6960683
1752502883.803944
1752502883.898273
1752502883.9843547
1752502884.111084
1752502884.203087
1752502884.2965863
1752502884.3479533
1752502884.4620855
1752502884.5417154
1752502884.6519582
1752502884.7509887
1752502884.8850033
1752502884.978595
1752502885.1038363
1752502885.3542101
1752502885.5358095
1752502885.6391864
1752502885.7437098
1752502885.835165
1752502885.9439113
1752502886.050193
1752502886.1892836
1752502886.3027894
1752502886.403407
1752502886.4802022
1752502886.5701182
1752502886.6458569
1752502886.7483835
1752502886.8257332
1752502886.9246695
1752502887.0166383
1752502887.141511
1752502887.2491226
1752502887.43289
1752502887.557809
1752502887.7046812
1752502887.8388984
1752502887.9936402
1752502888.1289434
1752502888.2858558
1752502888.4148426
1752502888.5926294
1752502888.722806
1752502888.9107318
1752502889.0486646
1752502889.211195
1752502889.326211
1752502889.4675345
1752502889.578602
1752502889.700354
1752502889.8017848
1752502889.9066665
1752502890.0739872
1752502890.1843257
1752502890.276305
1752502890.39649
1752502890.484664
1752502890.5745335
1752502890.630674
1752502890.7077558
1752502890.801818
1752502890.8912363
1752502890.964117
1752502891.0629199
1752502891.142029
1752502891.2192228
1752502891.2948287
1752502891.4175074
1752502891.507676
1752502891.642819
1752502891.8018456
1752502891.936737
1752502892.0919857
1752502892.2453437
1752502892.4090807
1752502892.5541613
1752502892.6846542
1752502892.7768536
1752502892.914765
1752502893.0152156
1752502893.1684635
1752502893.3067863
1752502893.4628654
1752502893.5958893
1752502893.7719693
1752502893.9452364
1752502894.0426073
1752502894.171222
1752502894.3193352
1752502894.4942904
1752502894.6306045
1752502894.7860239
1752502894.9297793
1752502895.075729
1752502895.2018812
1752502895.389134
1752502895.5278504
1752502895.7049801
1752502895.86557
1752502896.047594
1752502896.1892145
1752502896.34806
1752502896.517414
1752502896.6833127
1752502896.845037
1752502896.9983246
1752502897.1503692
1752502897.2700663
1752502897.38786
1752502897.511297
1752502897.6737309
1752502897.8252513
1752502897.9720125
1752502898.1496382
1752502898.2751405
1752502898.4410708
1752502898.6078
1752502898.7773867
1752502898.9293149
1752502899.1102357
1752502899.279999
1752502899.462471
1752502899.5936909
1752502899.751823
1752502899.9099216
1752502900.0797782
1752502900.1995394
1752502900.385539
1752502900.5534282
1752502900.7259297
1752502900.890272
1752502901.0226638
1752502901.1808655
1752502901.3281317
1752502901.4889064
1752502901.6336722
1752502901.8045778
1752502901.9363844
1752502902.1148498
1752502902.2703838
1752502902.4752126
1752502902.6168468
1752502902.7746546
1752502902.9323857
1752502903.1238725
1752502903.2691753
1752502903.4441714
1752502903.578986
1752502903.7481134
1752502903.9484944
1752502904.1233416
1752502904.2960246
1752502904.4433002
1752502904.6331356
1752502904.771939
1752502904.96192
1752502905.0594676
1752502905.2264633
1752502905.325781
1752502905.4451182
1752502905.56441
1752502905.6906216
1752502905.813477
1752502905.9369535
1752502906.0801408
1752502906.2182045
1752502906.3611236
1752502906.452945
1752502906.5577915
1752502906.7168841
1752502906.8241415
1752502906.957111
1752502907.110077
1752502907.2842288
1752502907.414484
1752502907.5602005
1752502907.7003465
1752502907.855564
1752502908.032597
1752502908.1740823
1752502908.3230927
1752502908.46831
1752502908.630381
1752502908.7742693
1752502908.9308317
1752502909.0455503
1752502909.1128163
1752502909.2662637
1752502909.4573321
1752502909.6141965
1752502909.80682
1752502909.9668608
1752502910.1338027
1752502910.3286266
1752502910.4793124
1752502910.6269708
1752502910.7755048
1752502910.9176414
1752502911.0449803
1752502911.1537292
1752502911.2984893
1752502911.4718554
1752502911.6121445
1752502911.8035686
1752502911.94384
1752502912.1311142
1752502912.2813315
1752502912.4211023
1752502912.5710437
1752502912.731355
1752502912.8958473
1752502913.0618076
1752502913.200381
1752502913.350527
1752502913.4972055
1752502913.659645
1752502913.7856717
1752502913.928458
1752502914.0695271
1752502914.2330997
1752502914.3997061
1752502914.5468547
1752502914.7126803
1752502914.844832
1752502914.9812813
1752502915.1473362
1752502915.3339627
1752502915.482022
1752502915.629868
1752502915.8023508
1752502915.955559
1752502916.1211357
1752502916.2852738
1752502916.460795
1752502916.6079173
1752502916.7745235
1752502916.921678
1752502917.0745108
1752502917.2604675
1752502917.4100182
1752502917.5569348
1752502917.7117376
1752502917.8444154
1752502918.023324
1752502918.1845055
1752502918.351168
1752502918.4889219
1752502918.6578481
1752502918.7959318
1752502918.9703152
1752502919.1047032
1752502919.2589068
1752502919.3969653
1752502919.5206547
1752502919.67411
1752502919.8139822
1752502919.931347
1752502920.0592227
1752502920.207278
1752502920.36905
1752502920.4974823
1752502920.6348825
1752502920.7592015
1752502920.9233313
1752502921.0391488
1752502921.168544
1752502921.3022344
1752502921.449352
1752502921.6016269
1752502921.7541564
1752502921.8788667
1752502922.0243087
1752502922.1759174
1752502922.340496
1752502922.5060363
1752502922.67459
1752502922.803153
1752502922.9620175
1752502923.075743
1752502923.2374759
1752502923.37808
1752502923.550735
1752502923.7022178
1752502923.885154
1752502924.0282176
1752502924.200431
1752502924.3654835
1752502924.5481155
1752502924.6714535
1752502924.8237607
1752502924.9713044
1752502925.1226857
1752502925.2507539
1752502925.3787544
1752502925.530215
1752502925.6890924
1752502925.8258011
1752502925.9947011
1752502926.1291318
1752502926.2699475
1752502926.394269
1752502926.5596254
1752502926.6998441
1752502926.8346846
1752502926.9193835
1752502926.9968257
1752502927.079719
1752502927.186836
1752502927.174348
1752502927.282275
1752502927.3626573
1752502927.4857688
1752502927.629348
1752502927.7829885
1752502927.915017
1752502928.0694647
1752502928.1982381
1752502928.3236406
1752502928.4382715
1752502928.577018
1752502928.7011664
1752502928.8641436
1752502928.9639583
1752502929.0804245
1752502929.179664
1752502929.2880592
1752502929.4170463
1752502929.5697808
1752502929.7079208
1752502929.8678358
1752502930.0054216
1752502930.1726623
1752502930.3491895
1752502930.4840963
1752502930.6398203
