1753769202.453838
1753769202.5332527
1753769202.5958369
1753769202.6482503
1753769202.668983
1753769202.699059
1753769202.7201078
1753769202.7515361
1753769202.7814255
1753769202.8160515
1753769202.8404422
1753769202.8830647
1753769202.909154
1753769202.9349203
1753769202.9743466
1753769203.0006864
1753769203.0592704
1753769203.0926821
1753769203.1309628
1753769203.1490235
1753769203.1782572
1753769203.1996603
1753769203.2227144
1753769203.2509913
1753769203.2862759
1753769203.3229609
1753769203.3455918
1753769203.3795445
1753769203.4190588
1753769203.453839
1753769203.4742239
1753769203.5162623
1753769203.5396698
1753769203.5719652
1753769203.586878
1753769203.6353407
1753769203.6534777
1753769203.6779935
1753769203.6998937
1753769203.729288
1753769203.746295
1753769203.761926
1753769203.7891774
1753769203.8456705
1753769203.859168
1753769203.8714848
1753769203.895198
1753769203.938704
1753769203.9516647
1753769203.9843302
1753769204.0013447
1753769204.0327935
1753769204.0499177
1753769204.075855
1753769204.0897968
1753769204.116863
1753769204.1353397
1753769204.1533647
1753769204.1850533
1753769204.2001946
1753769204.2230818
1753769204.2387846
1753769204.2711272
1753769204.2892325
1753769204.313812
1753769204.3415084
1753769204.3600569
1753769204.3916376
1753769204.4097936
1753769204.4377124
1753769204.4563634
1753769204.4897995
1753769204.5085554
1753769204.5275984
1753769204.5642796
1753769204.5826795
1753769204.614049
1753769204.6296413
1753769204.6713452
1753769204.6905048
1753769204.716036
1753769204.7360094
1753769204.7685473
1753769204.804562
1753769204.8274002
1753769204.8474703
1753769204.8908067
1753769204.9145052
1753769204.9524195
1753769204.977043
1753769205.003799
1753769205.0324407
1753769205.0584714
1753769205.0825028
1753769205.1134033
1753769205.137911
1753769205.1732953
1753769205.2052298
1753769205.2390764
1753769205.2672207
1753769205.308248
1753769205.3333678
1753769205.3869555
1753769205.4256752
1753769205.466752
1753769205.5020163
1753769205.5360978
1753769205.5670245
1753769205.6161609
1753769205.6504705
1753769205.6852534
1753769205.7311492
1753769205.7638013
1753769205.7983878
1753769205.8448942
1753769205.887257
1753769205.9242165
1753769205.958048
1753769205.9939194
1753769206.028867
1753769206.0815074
1753769206.1180713
1753769206.1592991
1753769206.1971285
1753769206.2433107
1753769206.2785964
1753769206.321218
1753769206.3654208
1753769206.4022415
1753769206.4445944
1753769206.4779432
1753769206.5265722
1753769206.570408
1753769206.6112542
1753769206.6511672
1753769206.6931677
1753769206.7358418
1753769206.7710736
1753769206.804986
1753769206.8406727
1753769206.8736727
1753769206.9093876
1753769206.9739265
1753769207.0197227
1753769207.0600338
1753769207.109094
1753769207.1620266
1753769207.2735393
1753769207.3178859
1753769207.3555179
1753769207.389843
1753769207.4177122
1753769207.4286547
1753769207.491697
1753769207.5366209
1753769207.577965
1753769207.6151829
1753769207.6562617
1753769207.7004344
1753769207.742853
1753769207.7778232
1753769207.8294508
1753769207.8710089
1753769207.9129686
1753769207.9452095
1753769207.9940026
1753769208.0378895
1753769208.0740037
1753769208.1147478
1753769208.1569717
1753769208.1956685
1753769208.2264874
1753769208.263106
1753769208.2933276
1753769208.3477297
1753769208.377557
1753769208.417738
1753769208.4598057
1753769208.4991312
1753769208.539262
1753769208.5744152
1753769208.6139565
1753769208.6506531
1753769208.6805778
1753769208.718023
1753769208.7604268
1753769208.7997847
1753769208.8423467
1753769208.8808985
1753769208.9224272
1753769208.9615204
1753769208.9924254
1753769209.033904
1753769209.0712736
1753769209.1086607
1753769209.145093
1753769209.1808662
1753769209.2173007
1753769209.2564409
1753769209.290453
1753769209.338179
1753769209.3725426
1753769209.410369
1753769209.4526742
1753769209.490548
1753769209.524271
1753769209.5607479
1753769209.6093655
1753769209.6471996
1753769209.6574585
1753769209.6947374
1753769209.7177718
1753769209.7530086
1753769209.7832031
1753769209.8275974
1753769209.8497345
1753769209.88554
1753769209.910052
1753769209.9335208
1753769209.9586303
1753769209.9995124
1753769210.0219586
1753769210.041036
1753769210.066861
1753769210.1065729
1753769210.1331003
1753769210.1576278
1753769210.182481
1753769210.211496
1753769210.2376003
1753769210.2653093
1753769210.2901082
1753769210.3195627
1753769210.3447971
1753769210.369829
1753769210.3932397
1753769210.4217975
1753769210.4465063
1753769210.472806
1753769210.4980514
