1752503130.0713902
1752503130.1794918
1752503130.3326218
1752503130.4779966
1752503130.627341
1752503130.7936537
1752503130.9517908
1752503131.0932624
1752503131.2134182
1752503131.3595576
1752503131.520729
1752503131.6713114
1752503131.8293574
1752503132.0074012
1752503132.1072156
1752503132.2652862
1752503132.3967125
1752503132.6023464
1752503132.7251127
1752503132.84706
1752503132.9850657
1752503133.0777907
1752503133.1883686
1752503133.3047442
1752503133.441007
1752503133.6048965
1752503133.7747285
1752503133.9680595
1752503134.1384032
1752503134.3255265
1752503134.4902215
1752503134.6447263
1752503134.8022754
1752503134.9653885
1752503135.0825665
1752503135.2278092
1752503135.3802366
1752503135.5597992
1752503135.750486
1752503135.8967078
1752503136.0886
1752503136.2327757
1752503136.411632
1752503136.5298688
1752503136.5824459
1752503136.6847138
1752503136.8246922
1752503136.9385126
1752503137.119666
1752503137.2096577
1752503137.3683584
1752503137.4884558
1752503137.6309764
1752503137.757873
1752503137.9131298
1752503138.0435688
1752503138.1925929
1752503138.296261
1752503138.4058921
1752503138.559358
1752503138.6718855
1752503138.8177147
1752503138.92145
1752503139.033906
1752503139.1898124
1752503139.2848053
1752503139.3918753
1752503139.4643698
1752503139.5551257
1752503139.641874
1752503139.7770715
1752503139.8999143
1752503140.0565705
1752503140.1512847
1752503140.3080478
1752503140.4087057
1752503140.5810244
1752503140.6922925
1752503140.8134906
1752503140.942732
1752503141.0754158
1752503141.1951525
1752503141.321053
1752503141.4497802
1752503141.5883508
1752503141.6791718
1752503141.8447452
1752503141.9561152
1752503142.1309562
1752503142.272373
1752503142.4658294
1752503142.6002235
1752503142.7296321
1752503142.897436
1752503143.0942023
1752503143.2458704
1752503143.4166868
1752503143.5811858
1752503143.775477
1752503143.9058554
1752503144.0598478
1752503144.2683988
1752503144.431693
1752503144.5015185
1752503144.6803663
1752503144.8689666
1752503144.9663842
1752503145.1043992
1752503145.2666502
1752503145.4350183
1752503145.585728
1752503145.7404885
1752503145.89403
1752503146.0802794
1752503146.2050817
1752503146.3262746
1752503146.4830382
1752503146.6515136
1752503146.8257267
1752503146.964949
1752503147.1448207
1752503147.323408
1752503147.4826002
1752503147.6575384
1752503147.8591044
1752503147.9977946
1752503148.1659198
1752503148.3091917
1752503148.4449813
1752503148.575416
1752503148.759352
1752503148.9138556
1752503149.0739338
1752503149.2110283
1752503149.4152184
1752503149.613927
1752503149.7903616
1752503149.9806638
1752503150.121624
1752503150.2900577
1752503150.4900692
1752503150.6643555
1752503150.851796
1752503151.0161216
1752503151.169122
1752503151.3543205
1752503151.5658836
1752503151.7603493
1752503151.952186
1752503152.1262426
1752503152.257386
1752503152.4419587
1752503152.6543174
1752503152.8617952
1752503153.0608332
1752503153.2076848
1752503153.4016998
1752503153.5723836
1752503153.7644782
1752503153.9689887
1752503154.1466415
1752503154.3198998
1752503154.5178754
1752503154.7022092
1752503154.9046013
1752503155.1289818
1752503155.3373005
1752503155.481722
1752503155.686868
1752503155.9301245
1752503156.1229517
1752503156.3277497
1752503156.5142913
1752503156.699226
1752503156.8878055
1752503157.0678306
1752503157.2573745
1752503157.4496822
1752503157.6139863
1752503157.7944903
1752503157.9945593
1752503158.1800702
1752503158.3960412
1752503158.5850048
1752503158.7346747
1752503158.9164782
1752503159.075131
1752503159.2447345
1752503159.4520426
1752503159.6226065
1752503159.8034043
1752503159.968244
1752503160.1332037
1752503160.2076116
1752503160.3681893
1752503160.5345592
1752503160.6715107
1752503160.7966468
1752503160.8894997
1752503160.9790523
1752503161.1238215
1752503161.27715
1752503161.4696796
1752503161.63323
1752503161.7975378
1752503161.9694552
1752503162.1095188
1752503162.2888918
1752503162.481733
1752503162.6067302
1752503162.7846487
1752503162.9159622
1752503163.134312
1752503163.3479407
1752503163.50066
1752503163.6603565
1752503163.8553085
1752503164.031538
1752503164.278139
1752503164.4656172
1752503164.6756384
1752503164.8559582
1752503165.027072
1752503165.1611168
1752503165.3743107
1752503165.5661275
1752503165.7288725
1752503165.9233413
1752503166.093778
1752503166.2595181
1752503166.4858325
1752503166.5139322
1752503166.6378658
1752503166.8477354
1752503167.0284362
1752503167.1446636
1752503167.2692308
1752503167.3965287
1752503167.5767353
1752503167.776216
1752503167.9838715
1752503168.1608016
1752503168.3484387
1752503168.5130968
1752503168.6751928
1752503168.8689747
1752503169.0446215
1752503169.2298272
1752503169.4290838
1752503169.6331472
1752503169.853836
1752503170.0407333
1752503170.2371576
1752503170.4401479
1752503170.605554
1752503170.7637122
1752503170.9404213
1752503171.0835793
1752503171.244087
1752503171.3939178
1752503171.5934505
1752503171.7625659
1752503171.9692795
1752503172.156739
1752503172.3630903
1752503172.5251038
1752503172.7205837
1752503172.9004297
1752503173.0914435
1752503173.2873929
1752503173.439774
1752503173.58032
1752503173.7738757
1752503173.9288983
1752503174.0700037
1752503174.207815
1752503174.3898335
1752503174.5719237
1752503174.7785313
1752503174.9242663
1752503175.0952315
1752503175.2632332
1752503175.4765759
1752503175.6487372
1752503175.7901719
1752503175.9632597
1752503176.1488879
1752503176.329196
1752503176.5177252
1752503176.678426
1752503176.8766282
1752503177.0346487
1752503177.204542
1752503177.381556
1752503177.5282974
1752503177.7656393
1752503177.8874826
1752503178.1020398
1752503178.2538688
1752503178.4343674
1752503178.6402419
1752503178.774443
1752503178.9341414
1752503179.0847454
1752503179.2358904
1752503179.43379
1752503179.5871537
1752503179.7507198
1752503179.9376357
1752503180.0836499
1752503180.2668169
1752503180.4140606
1752503180.594009
1752503180.7734041
1752503180.874865
1752503181.0231738
1752503181.1640813
1752503181.338675
1752503181.4549181
1752503181.6191754
1752503181.760315
1752503181.932825
1752503182.0967999
1752503182.2543287
1752503182.3690293
1752503182.468781
1752503182.5968301
1752503182.7225115
1752503182.8873773
1752503183.026818
1752503183.189602
1752503183.3489635
1752503183.49284
1752503183.6600664
1752503183.749377
1752503183.8440025
1752503183.9355192
1752503184.0559897
1752503184.1687264
1752503184.2709737
1752503184.3390334
1752503184.4228556
1752503184.5087922
1752503184.5801258
