1752502651.0969322
1752502651.1974316
1752502651.3305552
1752502651.460246
1752502651.58078
1752502651.7031903
1752502651.8165376
1752502651.9269583
1752502652.0134757
1752502652.1310441
1752502652.2403066
1752502652.3461068
1752502652.4506774
1752502652.5414562
1752502652.622184
1752502652.7259564
1752502652.804761
1752502652.8817325
1752502652.9818392
1752502653.0753617
1752502653.1586244
1752502653.2529798
1752502653.3463533
1752502653.429462
1752502653.5109673
1752502653.5801058
1752502653.668731
1752502653.7473178
1752502653.846184
1752502653.9433367
1752502654.029737
1752502654.1112852
1752502654.229793
1752502654.3273182
1752502654.4317877
1752502654.52106
1752502654.6040754
1752502654.689519
1752502654.7769756
1752502654.8456407
1752502654.9477696
1752502655.0321896
1752502655.1355143
1752502655.2401195
1752502655.3181064
1752502655.4304805
1752502655.5218801
1752502655.6217499
1752502655.7404907
1752502655.9060643
1752502656.0416486
1752502656.2237566
1752502656.4056654
1752502656.5761094
1752502656.751111
1752502656.9420412
1752502657.1120532
1752502657.3073835
1752502657.4843454
1752502657.630877
1752502657.814608
1752502657.9093523
1752502658.0907745
1752502658.2571461
1752502658.4630578
1752502658.6362202
1752502658.8127925
1752502658.954935
1752502659.1400263
1752502659.3136225
1752502659.475702
1752502659.613736
1752502659.7800405
1752502659.9350145
1752502660.084391
1752502660.2435994
1752502660.4265838
1752502660.6067848
1752502660.7898943
1752502660.9567838
1752502661.1262708
1752502661.2989745
1752502661.487641
1752502661.6454716
1752502661.8316882
1752502661.9822884
1752502662.1247296
1752502662.2628
1752502662.4278831
1752502662.5897498
1752502662.7613497
1752502662.8917847
1752502663.0153546
1752502663.0705001
1752502663.191889
1752502663.329368
1752502663.4732866
1752502663.6199594
1752502663.7283866
1752502663.8456326
1752502663.976415
1752502664.1161377
1752502664.2504835
1752502664.3756626
1752502664.519933
1752502664.6188617
1752502664.7882214
1752502664.8844533
1752502664.993941
1752502665.1188052
1752502665.2174408
1752502665.3313088
1752502665.4267187
1752502665.5274463
1752502665.6738126
1752502665.7888703
1752502665.9212587
1752502666.0191586
1752502666.1294084
1752502666.2416973
1752502666.3884096
1752502666.4839866
1752502666.6064763
1752502666.6977465
1752502666.8528492
1752502666.9647908
1752502667.1150637
1752502667.240329
1752502667.3961854
1752502667.5294237
1752502667.6406014
1752502667.775395
1752502667.9323447
1752502668.0622883
1752502668.207024
1752502668.3458283
1752502668.4584947
1752502668.578933
1752502668.6877086
1752502668.791475
1752502668.9340813
1752502669.061028
1752502669.1635988
1752502669.3274446
1752502669.445251
1752502669.5615065
1752502669.698432
1752502669.8367023
1752502669.9538422
1752502670.0582507
1752502670.1825273
1752502670.306435
1752502670.4157584
1752502670.5275738
1752502670.6750367
1752502670.817766
1752502670.9479113
1752502671.0911095
1752502671.2319245
1752502671.388639
1752502671.5601945
1752502671.7221692
1752502671.8723779
1752502672.0437706
1752502672.214009
1752502672.3674586
1752502672.5322297
1752502672.6569188
1752502672.8056333
1752502672.9687045
1752502673.1440578
1752502673.2922077
1752502673.4859607
1752502673.6436334
1752502673.778125
1752502673.949808
1752502674.117516
1752502674.2807486
1752502674.4600315
1752502674.6241145
1752502674.7973502
1752502674.9691288
1752502675.1518128
1752502675.3237276
1752502675.4773312
1752502675.6402934
1752502675.8401406
1752502675.9791782
1752502676.168279
1752502676.3371367
1752502676.553021
1752502676.703232
1752502676.8836188
1752502677.0658815
1752502677.264475
1752502677.4561656
1752502677.6438718
1752502677.8259296
1752502678.0111313
1752502678.165305
1752502678.3577151
1752502678.5186305
1752502678.6904433
1752502678.8375216
1752502678.9947972
1752502679.162934
1752502679.2858593
1752502679.3930335
1752502679.4982414
1752502679.592625
1752502679.6867824
1752502679.7758436
1752502679.876745
1752502679.9840987
1752502680.0858927
1752502680.2202246
1752502680.434302
1752502680.5517614
1752502680.7032273
1752502680.8819742
1752502681.0432746
1752502681.1711118
1752502681.3517475
1752502681.5093262
1752502681.6495717
1752502681.803628
1752502681.9502525
1752502682.0999348
1752502682.2459698
1752502682.427913
1752502682.5860884
1752502682.6937702
1752502682.8403118
1752502683.0250309
1752502683.194751
1752502683.3632202
1752502683.536611
1752502683.7202566
1752502683.8645453
1752502684.0210273
1752502684.205073
1752502684.3671548
1752502684.529491
1752502684.6973114
1752502684.880267
1752502685.0351312
1752502685.2140543
1752502685.363237
1752502685.5149994
1752502685.6805737
1752502685.8596678
1752502686.0203648
1752502686.2025666
1752502686.3572688
1752502686.5367563
1752502686.7073014
1752502686.8572128
1752502686.9649954
1752502687.0811784
1752502687.2174988
1752502687.352294
1752502687.5256212
1752502687.6993241
1752502687.7882266
1752502687.9438865
1752502688.105499
1752502688.2641332
1752502688.4265056
1752502688.5622492
1752502688.708601
1752502688.8514688
1752502688.9882648
1752502689.1254058
1752502689.227432
1752502689.3317966
1752502689.4613366
1752502689.5959098
1752502689.735025
1752502689.8897731
1752502690.0076866
1752502690.1557505
1752502690.2891915
1752502690.4239395
1752502690.5769355
1752502690.7576475
1752502690.8976903
1752502691.0469139
1752502691.2123253
1752502691.386733
1752502691.5040855
1752502691.6243956
1752502691.7659247
1752502691.9148433
1752502692.0701156
1752502692.2367377
1752502692.3913965
1752502692.550967
1752502692.7285125
1752502692.912753
1752502693.0943031
1752502693.2627494
1752502693.3811269
