1752551782.8481092
1752551782.8970363
1752551782.9873388
1752551783.069383
1752551783.1491299
1752551783.2292686
1752551783.3120492
1752551783.3749635
1752551783.4430275
1752551783.5280538
1752551783.5930312
1752551783.6612368
1752551783.7327409
1752551783.8060288
1752551783.8737934
1752551783.9428086
1752551784.0087578
1752551784.0765588
1752551784.138857
1752551784.2047796
1752551784.2841322
1752551784.3608084
1752551784.4234896
1752551784.505736
1752551784.5682547
1752551784.628213
1752551784.6852303
1752551784.7417939
1752551784.813595
1752551784.8727584
1752551784.92791
1752551784.9907568
1752551785.0493915
1752551785.1197982
1752551785.172829
1752551785.2320726
1752551785.2859733
1752551785.34929
1752551785.4136794
1752551785.477744
1752551785.5370486
1752551785.6115754
1752551785.6745093
1752551785.734287
1752551785.7926283
1752551785.8551025
1752551785.915012
1752551785.9734626
1752551786.0331247
1752551786.0913348
1752551786.1498935
1752551786.2125714
1752551786.2721343
1752551786.3395443
1752551786.4209025
1752551786.4830463
1752551786.547226
1752551786.6066656
1752551786.665244
1752551786.7323468
1752551786.7920644
1752551786.8510034
1752551786.9092424
1752551786.9673772
1752551787.0227222
1752551787.086952
1752551787.137028
1752551787.1961648
1752551787.2627409
1752551787.3261144
1752551787.3864887
1752551787.4418797
1752551787.5177839
1752551787.645974
1752551787.7151122
1752551787.7768757
1752551787.8531933
1752551787.9240525
1752551787.986955
1752551788.0506806
1752551788.1049829
1752551788.1636543
1752551788.222375
1752551788.2917356
1752551788.3450987
1752551788.4065802
1752551788.4808443
1752551788.5632427
1752551788.6368737
1752551788.6954036
1752551788.756606
1752551788.8186479
1752551788.8823068
1752551788.9504414
1752551789.0230443
1752551789.097989
1752551789.1701028
1752551789.2380328
1752551789.2984881
1752551789.3699088
1752551789.4769306
1752551789.5495815
1752551789.6208663
1752551789.6877074
1752551789.754241
1752551789.8259988
1752551789.8915586
1752551789.9693356
1752551790.0317514
1752551790.094517
1752551790.1513655
1752551790.2067046
1752551790.2734556
1752551790.3313394
1752551790.3922443
1752551790.4550288
1752551790.5534408
1752551790.6146133
1752551790.6798239
1752551790.7762432
1752551790.889361
1752551791.0045145
1752551791.086524
1752551791.2675385
1752551791.3315103
1752551791.4125361
1752551791.4692817
1752551791.540269
1752551791.6096814
1752551791.6997514
1752551791.8061535
1752551791.8739047
1752551791.9504457
1752551792.0065055
1752551792.06932
1752551792.136607
1752551792.223297
1752551792.2962494
1752551792.367153
1752551792.4266815
1752551792.4803941
1752551792.5365288
1752551792.590263
1752551792.632234
1752551792.6865182
1752551792.7574909
1752551792.8943734
1752551792.9420695
1752551792.972471
1752551793.0209417
1752551793.0509176
1752551793.098015
1752551793.127058
1752551793.1768622
1752551793.2289329
1752551793.283278
1752551793.3175824
1752551793.37139
1752551793.4098954
1752551793.4682999
1752551793.501966
1752551793.54341
1752551793.5872476
1752551793.6581256
1752551793.6979911
1752551793.756012
1752551793.785493
1752551793.8389084
1752551793.875475
1752551793.9242308
1752551793.960538
1752551793.9975128
1752551794.0408301
1752551794.0863013
1752551794.1366837
1752551794.1966572
1752551794.2311125
1752551794.2651074
1752551794.3094904
1752551794.3625793
1752551794.4039626
1752551794.4544592
1752551794.4890904
1752551794.5436924
1752551794.5883594
1752551794.63156
1752551794.6962998
1752551794.7404244
1752551794.801682
1752551794.8527005
1752551794.905428
1752551794.9650319
1752551795.0125122
1752551795.0760143
1752551795.1478112
1752551795.2125618
1752551795.249766
1752551795.291588
1752551795.319152
1752551795.376382
1752551795.4108803
1752551795.4685276
1752551795.5213678
1752551795.5526175
1752551795.6119952
1752551795.6537514
1752551795.7000105
1752551795.566298
1752551795.6081598
1752551795.649193
1752551795.7015443
1752551795.7457106
1752551795.7949932
1752551795.8449945
1752551795.8902848
1752551795.9499009
1752551795.9989712
1752551796.0512478
1752551796.097982
1752551796.1486473
1752551796.1995788
1752551796.250614
1752551796.2988427
1752551796.365474
1752551796.4168153
1752551796.480551
1752551796.5302923
1752551796.598697
1752551796.6400564
1752551796.7014725
1752551796.7594404
1752551796.8240075
1752551796.8738735
1752551796.9346278
1752551797.0039215
1752551797.0569763
1752551797.134684
1752551797.1867287
1752551797.2544413
1752551797.3256452
1752551797.3718796
1752551797.3986459
1752551797.4568913
1752551797.5180428
1752551797.5705624
1752551797.6278057
1752551797.686546
1752551797.7707915
1752551797.825686
1752551797.8924885
1752551797.9502013
1752551798.0197945
1752551798.088588
1752551798.1478739
1752551798.2050896
1752551798.2626605
1752551798.3189187
1752551798.3886266
1752551798.4550986
1752551798.5107396
1752551798.5740764
1752551798.6384804
1752551798.695051
1752551798.7664506
1752551798.8160808
1752551798.8795674
1752551798.948038
1752551799.0001287
1752551799.0481963
1752551799.1105635
1752551799.175701
1752551799.2349405
1752551799.3089893
1752551799.3634546
1752551799.4285247
1752551799.4869502
1752551799.5548723
1752551799.6253414
1752551799.6757433
1752551799.7443347
1752551799.7982137
1752551799.875583
1752551799.9278352
1752551799.9875858
1752551800.0471683
1752551800.1175241
1752551800.1856084
1752551800.2493103
1752551800.315283
1752551800.4214764
1752551800.4823334
1752551800.5351076
1752551800.5924344
1752551800.658139
1752551800.7102396
1752551800.7763853
1752551800.8341658
1752551800.8876595
1752551800.9631016
1752843285.688216
1752843285.7078354
1752843285.7468421
1752843285.7877445
1752843285.8267357
1752843285.8624425
1752843285.896428
1752843285.9333026
1752843285.9699075
1752843286.0058405
1752843286.0400784
1752843286.0777879
1752843286.1168487
1752843286.151946
1752843286.1858716
1752843286.221521
1752843286.2620409
1752843286.2988737
1752843286.3339853
1752843286.3707843
1752843286.4074798
1752843286.4449358
1752843286.4789739
1752843286.5185592
1752843286.557113
1752843286.594556
1752843286.6279728
1752843286.6640065
1752843286.7015955
1752843286.7365468
1752843286.7675066
1752843286.8027406
1752843286.840105
1752843286.874139
1752843286.9054317
1752843286.9408946
1752843286.9819133
1752843287.0252507
1752843287.0628743
1752843287.1019073
1752843287.134277
1752843287.1741242
1752843287.2121732
1752843287.250971
1752843287.286522
1752843287.3300955
1752843287.3711672
1752843287.4085693
1752843287.4431648
1752843287.484172
1752843287.5219824
1752843287.5653834
1752843287.6001847
1752843287.6431355
1752843287.6894093
1752843287.7271166
1752843287.7596679
1752843287.7956312
1752843287.825162
1752843287.8560605
1752843287.8908079
1752843287.9253154
1752843287.9555445
1752843287.992626
1752843288.030301
1752843288.0686047
1752843288.100222
1752843288.1347258
1752843288.1713061
1752843288.2071376
1752843288.2406309
1752843288.2760847
1752843288.310484
1752843288.3464973
1752843288.380176
1752843288.416595
1752843288.4527407
1752843288.4917917
1752843288.5270927
1752843288.5683656
1752843288.6039424
1752843288.6413665
1752843294.5731897
1752843294.6141465
1752843294.6526504
1752843294.6923325
1752843294.725516
1752843294.7602983
1752843294.7989855
1752843294.8336923
1752843288.4608629
1752843288.49766
1752843288.53241
1752843288.5692153
1752843288.6043205
1752843288.6410508
1752843288.6800323
1752843288.7230926
1752843288.763813
1752843288.803488
1752843288.8451622
1752843288.8823972
1752843288.9190922
1752843288.961689
1752843289.0032506
1752843289.0411465
1752843289.0843916
1752843289.1278203
1752843289.166801
1752843289.202497
1752843289.239942
1752843289.2823842
1752843289.323135
1752843289.355295
1752843289.3917093
1752843289.4271083
1752843289.4613726
1752843289.4933088
1752843289.5286956
1752843289.5631063
1752843289.5983984
1752843289.632593
1752843289.6606505
1752843289.699617
1752843289.7326849
1752843289.768998
1752843289.8004956
1752843289.8401928
1752843289.8712611
1752843289.9086976
1752843289.9383645
1752843289.9709122
1752843290.010279
1752843290.0466442
1752843290.0762205
1752843290.1130824
1752843290.1499262
1752843290.1842186
1752843290.215464
1752843290.2493176
1752843290.2776647
1752843290.3039718
1752843290.3326566
1752843290.362941
1752843290.3918626
1752843290.415788
1752843290.4357624
1752843290.4687052
1752843290.479299
1752843290.5078797
1752843290.520939
1752843290.5459006
1752843290.560769
1752843290.5865908
1752843290.620203
1752843290.6447632
1752843290.669806
1752843290.7033553
1752843290.7235096
1752843290.7585196
1752843290.7743156
1752843290.807008
1752843290.8189516
1752843290.8506715
1752843290.8630638
1752843290.89498
1752843290.907502
1752843290.9292107
1752843290.9566028
1752843290.971105
1752843291.0008173
1752843291.0157263
1752843291.0369067
1752843291.0577347
1752843291.0784686
1752843291.1112938
1752843291.1263885
1752843291.1472976
1752843291.16973
1752843291.2027571
1752843291.2191312
1752843291.2485929
1752843291.2631547
1752843291.2992854
1752843291.3228097
1752843291.3557367
1752843291.3783052
1752843291.410985
1752843291.4383984
1752843291.4623601
1752843291.496983
1752843291.513187
1752843291.536853
1752843291.5603182
1752843291.5821097
1752843291.6018834
1752843291.6213143
1752843291.639635
1752843291.6577423
1752843291.6766279
1752843291.6941795
1752843291.7135086
1752843291.7455804
1752843291.7623255
1752843291.78285
1752843291.8050578
1752843291.8274446
1752843291.848636
1752843291.8695767
1752843291.894272
1752843291.9180837
1752843291.942904
1752843291.9629402
1752843291.9904733
1752843292.0166588
1752843292.0433283
1752843292.0685806
1752843292.093713
1752843292.11904
1752843292.14537
1752843292.1750884
1752843292.201857
1752843292.2283714
1752843292.266527
1752843292.2953606
1752843292.3311887
1752843292.3588548
1752843292.399075
1752843292.4274094
1752843292.4687788
1752843292.4970036
1752843292.5377812
1752843292.5667171
1752843292.594883
1752843292.6350365
1752843292.6628659
1752843292.7001624
1752843292.7274823
1752843292.764291
1752843292.7984264
1752843292.826457
1752843292.835192
1752843292.868979
1752843292.9032624
1752843292.9355247
1752843292.9657815
1752843292.9961088
1752843293.0329263
1752843293.062644
1752843293.0988247
1752843293.1359234
1752843293.168851
1752843293.2069325
1752843293.241586
1752843293.271705
1752843293.3076668
1752843293.3388855
1752843293.3780398
1752843293.4076307
1752843293.448468
1752843293.4825575
1752843293.5133681
1752843293.550943
1752843293.5860443
1752843293.614368
1752843293.6503332
1752843299.5925524
1752843299.625894
1752843299.6666238
1752843299.7018988
1752843299.7367468
1752843299.770332
1752843299.7995908
1752843299.8335216
1752843293.4742997
1752843293.5115867
1752843293.5407538
1752843293.5761173
1752843293.6117287
1752843293.6490853
1752843293.6825957
1752843293.7194161
1752843293.7540278
1752843293.7885287
1752843293.8195682
1752843293.8597612
1752843293.8959954
1752843293.926075
1752843293.962104
1752843293.991633
1752843294.0297198
1752843294.0608122
1752843294.0979273
1752843294.1263726
1752843294.1549017
1752843294.1904511
1752843294.223076
1752843294.251974
1752843294.2879472
1752888973.5249956
1752888973.5422454
1752888973.5784504
1752888973.617584
1752888973.65142
1752888973.6850288
1752888973.7182057
1752888973.7534695
1752888973.7877147
1752888973.8233945
1752888973.8565245
1752888973.8933053
1752888973.931109
1752888973.964423
1752888973.997886
1752888974.0319405
1752888974.0711837
1752888974.106597
1752888974.140969
1752888974.176192
1752888974.2155337
1752888974.255476
1752888974.2879412
1752888974.3229723
1752888974.3621483
1752888974.3965528
1752888974.429133
1752888974.4634275
1752888974.5004907
1752888974.5350888
1752888974.5663552
1752888974.5999324
1752888974.6365516
1752888974.6694252
1752888974.7001252
1752888974.7364695
1752888974.7729437
1752888974.8126755
1752888974.846639
1752888974.8851433
1752888974.9161322
1752888974.9587069
1752888974.996037
1752888975.0349126
1752888975.0669708
1752888975.1056092
1752888975.141531
1752888975.1773
1752888975.2110574
1752888975.2562118
1752888975.303362
1752888975.3434885
1752888975.378197
1752888975.4164524
1752888975.4560175
1752888975.4912965
1752888975.5245373
1752888975.5607266
1752888975.5907326
1752888975.621156
1752888975.6553044
1752888975.6889715
1752888975.7182713
1752888975.7531295
1752888975.7888236
1752888975.8251636
1752888975.8555803
1752888975.8898635
1752888975.9264112
1752888975.9608126
1752888975.9928143
1752888976.0265422
1752888976.0603614
1752888976.095354
1752888976.1286614
1752888976.1644185
1752888976.199666
1752888976.238389
1752888976.2710805
1752888976.3101625
1752888976.3441572
1752888976.379855
1752888976.410408
1752888976.4478822
1752888976.4829874
1752888976.519137
1752888976.5492883
1752888976.5826728
1752888976.6202645
1752888976.6539419
1752888976.6870892
1752888976.720649
1752888976.7552931
1752888976.7895525
1752888976.8241906
1752888976.859567
1752888976.8957343
1752888976.9349012
1752888976.9704952
1752888977.0098283
1752888977.0474641
1752888977.0844038
1752888977.120237
1752888977.1600158
1752888977.1972432
1752888977.2334952
1752888977.2697833
1752888977.30872
1752888977.343056
1752888977.379762
1752888977.4173613
1752888977.4560122
1752888977.4907506
1752888977.5223575
1752888977.5572765
1752888977.5902574
1752888977.6228373
1752888977.6547277
1752888977.6884189
1752888977.7211077
1752888977.7562132
1752888977.7888021
1752888977.815678
1752888977.853169
1752888977.8837695
1752888977.9182985
1752888977.9484105
1752888977.986162
1752888978.015857
1752888978.0518498
1752888978.0803916
1752888978.1115217
1752888978.148302
1752888978.1817298
1752888978.2101572
1752888978.245325
1752888978.2804956
1752888978.3141484
1752888978.344504
1752888978.3766446
1752888978.4030433
1752888978.4274037
1752888978.4541063
1752888978.4832256
1752888978.5103998
1752888978.5336215
1752888978.552521
1752888978.5841863
1752888978.5945876
1752888978.6216726
1752888978.633103
1752888978.65702
1752888978.6717584
1752888978.6967251
1752888978.7278056
1752888978.7505891
1752888978.774036
1752888978.8063014
1752888978.8266344
1752888978.8611212
1752888978.8747501
1752888978.9051535
1752888978.915977
1752888978.9463015
1752888978.9572957
1752888978.9872425
1752888978.9998624
1752888979.0217466
1752888979.0490546
1752888979.0629277
1752888979.0903559
1752888979.1047537
1752888979.1254313
1752888979.1448975
1752888979.1642025
1752888979.196772
1752888979.2124217
1752888979.233068
1752888979.2548232
1752888979.2855113
1752888979.3006
1752888979.3285575
1752888979.3423603
1752888979.3763323
1752888979.397858
1752888979.422852
1752888979.4447033
1752888979.4699082
1752888979.4926643
1752888979.5184548
1752888979.5510664
1752888979.566311
1752888979.5885274
1752888979.6107154
1752888979.6323364
1752888979.651757
1752888979.6707916
1752888979.688363
1752888979.7060695
1752888979.7244916
1752888979.7422528
1752888979.7611172
1752888979.790584
1752888979.8053317
1752888979.8249288
1752888979.8468285
1752888979.8685274
1752888979.8884583
1752888979.9094048
1752888979.9322317
1752888979.9549863
1752888979.9793048
1752888979.9972692
1752888980.0235274
1752888980.0489306
1752888980.0753212
1752888980.0989454
1752888980.1229029
1752888980.1467588
1752888980.17139
1752888980.1979127
1752888980.2229977
1752888980.2476618
1752888980.293878
1752888980.3211749
1752888980.3572183
1752888980.3845432
1752888980.4229195
1752888980.4508421
1752888980.4895709
1752888980.5173712
1752888980.554733
1752888980.5815098
1752888980.6088092
1752888980.6448662
1752888980.6722276
1752888980.708133
1752888980.7341125
1752888980.7697957
1752888980.8023725
1752888980.8317406
1752888980.8426938
1752888980.8835003
1752888980.9165199
1752888980.9484172
1752888980.978243
1752888981.0076644
1752888981.0438797
1752888981.0743399
1752888981.1100612
1752888981.1448166
1752888981.173285
1752888981.2088182
1752888981.2408085
1752888981.2691636
1752888981.3035235
1752888981.3332658
1752888981.3689046
1752888981.3971734
1752888981.4431255
1752888981.476229
1752888981.5045717
1752888981.5405157
1752888981.5787203
1752888981.607034
1752888981.647268
1752888981.6813695
1752888981.713947
1752888981.744691
1752888981.777655
1752888981.8100202
1752888981.843601
1752888981.8719099
1752888981.9044197
1752888981.94029
1752888981.973668
1752888982.002398
1752888982.036386
1752888982.0720572
1752888982.1081202
1752888982.1363044
1752888982.171245
1752888982.2033947
1752888982.2363331
1752888982.2669353
1752888982.303552
1752888982.3370657
1752888982.368919
1752888982.4031572
1752888982.4315012
1752888982.466184
1752888982.4942935
1752888982.5286202
1752888982.5548441
1752888982.5808141
1752888982.614248
1752888982.6450047
1752888982.6728454
1752888982.7058668
1752891446.2503052
1752891446.2712867
1752891446.3181076
1752891446.3648171
1752891446.4083405
1752891446.4518828
1752891446.4924405
1752891446.5397375
1752891446.5856497
1752891446.6271741
1752891446.668463
1752891446.7119298
1752891446.7662292
1752891446.8107324
1752891446.8536243
1752891446.9028146
1752891446.9614086
1752891447.0169241
1752891447.0671682
1752891447.130299
1752891447.1840792
1752891447.2310333
1752891447.2730696
1752891447.3166516
1752891447.3650002
1752891447.4098463
1752891447.4479825
1752891447.4922183
1752891447.551708
1752891447.600952
1752891447.643223
1752891447.6817849
1752891447.7265637
1752891447.7678132
1752891447.8057086
1752891447.8529627
1752891447.8927252
1752891447.9461448
1752891447.985835
1752891448.0283728
1752891448.066075
1752891448.1120708
1752891448.1614022
1752891448.2064934
1752891448.2425096
1752891448.287216
1752891448.332385
1752891448.3778408
1752891448.415879
1752891448.4607544
1752891448.5032082
1752891448.544981
1752891448.5922446
1752891448.641469
1752891448.692732
1752891448.7362444
1752891448.7781904
1752891448.8295283
1752891448.8716102
1752891448.9160743
1752891448.9643986
1752891449.0104973
1752891449.0527716
1752891449.1061826
1752891449.1592147
1752891449.218471
1752891449.2678564
1752891449.323674
1752891449.3783832
1752891449.428722
1752891449.4765122
1752891449.528708
1752891449.5947483
1752891449.6502073
1752891449.7113688
1752891449.7768416
1752891449.8331945
1752891449.8878372
1752891449.9550884
1752891450.0083685
1752891450.0534317
1752891450.1057801
1752891450.1428401
1752891450.1922565
1752891450.2339675
1752891450.2767317
1752891450.3134909
1752891450.362901
1752891450.419889
1752891450.4638658
1752891450.5076308
1752891450.553521
1752891450.599911
1752891450.643348
1752891450.6898103
1752891450.7376754
1752891450.7794483
1752891450.8301404
1752891450.8735468
1752891450.9118552
1752891450.9586613
1752891451.010036
1752891451.0488014
1752891451.0987704
1752891451.1410115
1752891451.1854467
1752891451.2296054
1752891451.2818909
1752891451.3290396
1752891451.378573
1752891451.4246347
1752891451.4701421
1752891451.5163555
1752891451.5570486
1752891451.6035843
1752891451.645116
1752891451.6910043
1752891451.737089
1752891451.7775111
1752891451.822296
1752891451.8658717
1752891451.9041214
1752891451.9420311
1752891451.9864042
1752891452.0228767
1752891452.0680056
1752891452.112563
1752891452.1599054
1752891452.195044
1752891452.2381206
1752891452.270751
1752891452.3121047
1752891452.3556616
1752891452.3956552
1752891452.4389586
1752891452.4934425
1752891452.5403976
1752891452.5839806
1752891452.6272104
1752891452.6728065
1752891452.7081652
1752891452.7399347
1752891452.780661
1752891452.8192716
1752891452.8534038
1752891452.880573
1752891452.9029174
1752891452.94436
1752891452.9568982
1752891452.994117
1752891453.0081022
1752891453.0378354
1752891453.0554016
1752891453.087868
1752891453.144916
1752891453.1755784
1752891453.205622
1752891453.2446342
1752891453.2685914
1752891453.310035
1752891453.3267143
1752891453.3678453
1752891453.3829687
1752891453.4222527
1752891453.4372613
1752891453.476248
1752891453.491372
1752891453.5220368
1752891453.554718
1752891453.5726695
1752891453.6119437
1752891453.6293638
1752891453.6546242
1752891453.6779714
1752891453.702231
1752891453.7374172
1752891453.758248
1752891453.7805417
1752891453.8091395
1752891453.8473494
1752891453.866229
1752891453.9026911
1752891453.9185803
1752891453.9559085
1752891453.9804018
1752891454.0099063
1752891454.03844
1752891454.0644934
1752891454.0924592
1752891454.1232972
1752891454.160788
1752891454.1796887
1752891454.2063472
1752891454.2335374
1752891454.2602973
1752891454.2829514
1752891454.3046525
1752891454.3261106
1752891454.348473
1752891454.37194
1752891454.3930628
1752891454.4160783
1752891454.4557695
1752891454.4774396
1752891454.4999673
1752891454.5287702
1752891454.5533433
1752891454.5805256
1752891454.6081784
1752891452.8993304
1752891452.9301598
1752891452.961478
1752891452.982528
1752891453.0134625
1752891453.0431554
1752891453.074265
1752891453.1035314
1752891453.138032
1752891453.1698465
1752891453.202958
1752891453.2364068
1752891453.267483
1752891453.3010767
1752891453.3471847
1752891453.379633
1752891453.4236283
1752891453.4589117
1752891453.5049624
1752891453.5386136
1752891453.582562
1752891453.6179118
1752891453.6594756
1752891453.7012975
1752891453.73274
1752891453.7786982
1752891453.8162189
1752891453.8646395
1752891453.9037786
1752891453.9543588
1752891454.003881
1752891454.0443242
1752891454.055682
1752891454.0941887
1752891454.136097
1752891454.1805885
1752891454.2227485
1752891454.2583704
1752891454.2992513
1752891454.336107
1752891454.3764267
1752891454.4219792
1752891454.4558232
1752891454.4971004
1752891454.540867
1752891454.5767086
1752891454.6371062
1752891454.681451
1752891454.7241344
1752891454.757139
1752891454.797031
1752891454.8369296
1752891454.8711882
1752891454.911453
1752891454.9515786
1752891454.9877527
1752891455.0244045
1752891455.0677361
1752891455.105701
1752891455.1399412
1752891455.1780381
1752891455.2192926
1752891455.2651381
1752891455.3025947
1752891455.3459673
1752891455.3931837
1752891455.4366014
1752891455.473167
1752891455.5170708
1752891455.5561812
1752891455.5956347
1752891455.6307101
1752891455.6757143
1752891455.71662
1752891455.7573752
1752891455.7922313
1752891455.8299956
1752891455.870262
1752891455.9048018
1752891455.9512048
1752891455.9904685
1752891456.0360625
1752891456.0701215
1752891456.1147134
1752891456.1473603
1752891456.1822
1752891456.2308867
1752891456.270021
1752891456.30875
1752891456.3516023
