1752503280.2570033
1752503280.3308125
1752503280.3911605
1752503280.4574804
1752503280.51001
1752503280.5506353
1752503280.6239908
1752503280.6886625
1752503280.7565067
1752503280.8137007
1752503280.8955274
1752503280.9584203
1752503281.0439808
1752503281.120444
1752503281.1901927
1752503281.2305815
1752503281.2799046
1752503281.3355072
1752503281.4507525
1752503281.5120122
1752503281.560588
1752503281.6088257
1752503281.710632
1752503281.7846162
1752503281.8519058
1752503281.9376469
1752503282.0273788
1752503282.1061943
1752503282.1956818
1752503282.276695
1752503282.4085836
1752503282.5115118
1752503282.6024206
1752503282.6633718
1752503282.7474134
1752503282.8300047
1752503282.8890927
1752503282.9841816
1752503283.074652
1752503283.1583328
1752503283.221079
1752503283.3159893
1752503283.4253783
1752503283.5996232
1752503283.6886795
1752503283.7547846
1752503283.8533413
1752503283.923856
1752503284.0165102
1752503284.076177
1752503284.1554859
1752503284.263134
1752503284.375476
1752503284.4918582
1752503284.5921514
1752503284.6635053
1752503284.7387106
1752503284.8317726
1752503285.0161815
1752503285.1768012
1752503285.3397639
1752503285.4722612
1752503285.5470085
1752503285.6412039
1752503285.775242
1752503285.9033475
1752503286.012599
1752503286.086763
1752503286.162998
1752503286.146881
1752503286.255325
1752503286.4370508
1752503286.6276894
1752503286.7904131
1752503286.8879037
1752503286.979792
1752503287.0684872
1752503287.183799
1752503287.3034103
1752503287.42895
1752503287.6026556
1752503287.782152
1752503287.982685
1752503288.1528552
1752503288.3300402
1752503288.5125458
1752503288.6684082
1752503288.819902
1752503289.0103998
1752503289.180389
1752503289.3513963
1752503289.4467247
1752503289.5651927
1752503289.7263155
1752503289.8640256
1752503290.0063024
1752503290.1497657
1752503290.3099737
1752503290.4418416
1752503290.5718434
1752503290.71083
1752503290.873783
1752503291.0116293
1752503291.1600473
1752503291.3186243
1752503291.4594061
1752503291.614368
1752503291.7748046
1752503291.9427874
1752503292.084683
1752503292.2402174
1752503292.3928356
1752503292.56403
1752503292.7326126
1752503292.888745
1752503293.026254
1752503293.1757114
1752503293.337871
1752503293.4903104
1752503293.6473367
1752503293.811429
1752503293.9548447
1752503294.1212564
1752503294.3092675
1752503294.4610002
1752503294.6048343
1752503294.7832139
1752503294.967374
1752503295.1282816
1752503295.2094202
1752503295.3612483
1752503295.4929492
1752503295.657901
1752503295.8586528
1752503296.0090232
1752503296.1839364
1752503296.3108923
1752503296.478546
1752503296.6143277
1752503296.7712576
1752503296.943055
1752503297.1291
1752503297.2864532
1752503297.4369895
1752503297.5884616
1752503297.7471015
1752503297.9345233
1752503298.107888
1752503298.2775774
1752503298.44078
1752503298.6144266
1752503298.7913942
1752503298.973452
1752503299.1301732
1752503299.3087637
1752503299.4369283
1752503299.5845218
1752503299.7766623
1752503299.9282594
1752503300.083946
1752503300.2961707
1752503300.5010157
1752503300.6858718
1752503300.8909748
1752503301.0724478
1752503301.2712626
1752503301.4244232
1752503301.5772033
1752503301.7443688
1752503301.8988266
1752503302.0948796
1752503302.2837625
1752503302.4673316
1752503302.6105602
1752503302.7504597
1752503302.8973212
1752503303.0523713
1752503303.21926
1752503303.38702
1752503303.5200198
1752503303.6586242
1752503303.7834032
1752503303.9298263
1752503304.0616057
1752503304.2084641
1752503304.3393815
1752503304.4600112
1752503304.6153982
1752503304.7620728
1752503304.9263813
1752503305.076417
1752503305.2320008
1752503305.4010763
1752503305.5607705
1752503305.7252638
1752503305.8894308
1752503306.0299523
1752503306.1511014
1752503306.3076699
1752503306.460071
1752503306.615869
1752503306.8061435
1752503306.965837
1752503307.1224144
1752503307.2745435
1752503307.4351697
1752503307.5609465
1752503307.7291095
1752503307.8550673
1752503308.0037937
1752503308.1432467
1752503308.3035007
1752503308.454474
1752503308.5903149
1752503308.7199736
1752503308.8409014
1752503308.9943316
1752503309.1414511
1752503309.260908
1752503309.4108245
1752503309.5386841
1752503309.6845732
1752503309.7975664
