1752503698.8493278
1752503698.9277067
1752503699.0472476
1752503699.1797402
1752503699.2841322
1752503699.379089
1752503699.473894
1752503699.596105
1752503699.7114983
1752503699.8429255
1752503699.9609756
1752503700.1167476
1752503700.2282474
1752503700.3266492
1752503700.469901
1752503700.556479
1752503700.6531575
1752503700.736923
1752503700.8395038
1752503700.933081
1752503701.000639
1752503701.087353
1752503701.1647253
1752503701.224944
1752503701.2938473
1752503701.369957
1752503701.4391797
1752503701.508608
1752503701.5761476
1752503701.6765676
1752503701.7522662
1752503701.8209124
1752503701.9421978
1752503702.0219092
1752503702.1032133
1752503702.2671423
1752503702.431734
1752503702.529485
1752503702.6416218
1752503702.7465506
1752503702.8367732
1752503702.917006
1752503702.9975882
1752503703.0646179
1752503703.1471565
1752503703.2191174
1752503703.305197
1752503703.3950682
1752503703.479697
1752503703.550161
1752503703.634238
1752503703.70487
1752503703.7742624
1752503703.8518116
1752503703.9432359
1752503704.0363474
1752503704.152275
1752503704.290924
1752503704.421625
1752503704.5632813
1752503704.7006927
1752503704.8194227
1752503704.8670878
1752503704.9522934
1752503705.0290892
1752503705.171927
1752503705.2989209
1752503705.4425728
1752503705.5758219
1752503705.6838996
1752503705.8089054
1752503705.9464169
1752503706.0482574
1752503706.1593454
1752503706.231654
1752503706.288614
1752503706.3714488
1752503706.4471493
1752503706.4943705
1752503706.5496545
1752503706.5983362
1752503706.6569746
1752503706.709914
1752503706.7760036
1752503706.8700397
1752503706.939188
1752503707.0021088
1752503707.1018634
1752503707.2048292
1752503707.3118289
1752503707.400016
1752503707.473558
1752503707.5334845
1752503707.6115491
1752503707.683781
1752503707.7433238
1752503707.8161428
1752503707.8855312
1752503707.9341063
1752503707.9862072
1752503708.045968
1752503708.087972
1752503708.155753
1752503708.2525666
1752503708.3070674
1752503708.3786502
1752503708.448374
1752503708.4928088
1752503708.5519524
1752503708.619327
1752503708.662443
1752503708.7301345
1752503708.802933
1752503708.8492262
1752503708.9248903
1752503709.0010948
1752503709.0515807
1752503709.1108968
1752503709.1934006
1752503709.2781305
1752503709.3747923
1752503709.455894
1752503709.5255086
1752503709.603669
1752503709.6610706
1752503709.701986
1752503709.7684283
1752503709.834357
1752503709.8855853
1752503709.9734147
1752503710.0931485
1752503710.2008352
1752503710.3410614
1752503710.4404395
1752503710.546304
1752503710.6657038
1752503710.7675698
1752503710.8517435
1752503710.9292336
1752503710.999508
1752503711.0645704
1752503711.1267676
1752503711.1726546
1752503711.2465453
1752503711.347408
1752503711.402278
1752503711.4619918
1752503711.5259056
1752503711.5894525
1752503711.6846216
1752503711.7639906
1752503711.8344712
1752503711.909671
1752503711.967989
1752503712.0206482
1752503712.0980446
1752503712.165974
1752503712.2142413
1752503712.263879
1752503712.341314
1752503712.4155142
1752503712.497024
1752503712.5448732
1752503712.5892284
1752503712.6739886
1752503712.7280703
1752503712.775246
1752503712.844662
1752503712.9142697
1752503712.9639432
1752503713.0268636
1752503713.0927258
1752503713.1372705
1752503713.1859834
1752503713.2480183
1752503713.3117077
1752503713.4470758
1752503713.586707
1752503713.7053342
1752503713.8336627
1752503713.9349635
1752503714.0094833
1752503714.118301
1752503714.2086794
1752503714.2798429
1752503714.3772569
1752503714.4680054
1752503714.5668337
1752503714.636748
1752503714.6983142
1752503714.7570047
1752503714.843195
1752503714.9138308
1752503714.9807873
1752503715.0494874
1752503715.110836
1752503715.1669881
1752503715.2374065
1752503715.3047833
1752503715.3892293
1752503715.4641948
1752503715.528846
1752503715.6010134
1752503715.6915662
1752503715.7531729
1752503715.833802
1752503715.9011989
1752503715.949885
1752503716.00745
1752503716.0857089
1752503716.1654046
1752503716.2832997
1752503716.3847861
1752503716.4819741
1752503716.571066
1752503716.6921976
1752503716.7579572
1752503716.8252168
1752503716.8759367
1752503716.9347892
1752503717.0052266
1752503717.0832531
1752503717.1424944
1752503717.2053099
1752503717.2545013
1752503717.2989922
1752503717.357364
1752503717.4048948
1752503717.4413128
1752503717.502368
1752503717.551727
1752503717.5889745
1752503717.6568546
1752503717.7175877
