1753774214.5363114
1753774214.592135
1753774214.6213925
1753774214.6631472
1753774214.6941142
1753774214.7148821
1753774214.739943
1753774214.777431
1753774214.8030682
1753774214.8380988
1753774214.8624144
1753774214.899856
1753774214.9267352
1753774214.9723587
1753774214.9985929
1753774215.0396197
1753774215.0626101
1753774215.1003497
1753774215.12471
1753774215.1589131
1753774215.1945336
1753774215.2195668
1753774215.2482748
1753774215.2974184
1753774215.3230567
1753774215.3464568
1753774215.3706124
1753774215.4102287
1753774215.434281
1753774215.4716818
1753774215.496233
1753774215.5206165
1753774215.5480323
1753774215.5904315
1753774215.6310008
1753774215.6538782
1753774215.692083
1753774215.71829
1753774215.7443972
1753774215.7814584
1753774215.8046882
1753774215.8393912
1753774215.861183
1753774215.883935
1753774215.9057145
1753774215.9291167
1753774215.9630032
1753774215.9842882
1753774216.0189345
1753774216.0385725
1753774216.060738
1753774216.094636
1753774216.1112463
1753774216.1309755
1753774216.1507764
1753774216.1717815
1753774216.205197
1753774216.2223582
1753774216.2457247
1753774216.2961345
1753774216.3154016
1753774216.353121
1753774216.3716946
1753774216.4047906
1753774216.4390602
1753774216.450797
1753774216.4825792
1753774216.5003572
1753774216.5332959
1753774216.5508864
1753774216.5835977
1753774216.6011896
1753774216.6338646
1753774216.6494246
1753774216.6709483
1753774216.7056038
1753774216.7253013
1753774216.7605383
1753774216.7858407
1753774216.8273087
1753774216.849894
1753774216.886174
1753774216.905915
1753774216.9400067
1753774216.9783525
1753774217.0004437
1753774217.037976
1753774217.0561078
1753774217.0934176
1753774217.1132407
1753774217.1521614
1753774217.1715174
1753774217.1956217
1753774217.216089
1753774217.2312868
1753774217.2532594
1753774217.2597857
1753774217.2796724
1753774217.3014
1753774217.3355799
1753774217.3539522
1753774217.3873968
1753774217.4082901
1753774217.4427993
1753774217.460987
1753774217.4969337
1753774217.5175486
1753774217.5579917
1753774217.578825
1753774217.614995
1753774217.636718
1753774217.6692855
1753774217.6938274
1753774217.7190924
1753774217.740952
1753774217.7636418
1753774217.7855318
1753774217.8215823
1753774217.8439643
1753774217.8679664
1753774217.894968
1753774217.926438
1753774217.9547908
1753774217.9967556
1753774218.018213
1753774218.0560462
1753774218.0826569
1753774218.120673
1753774218.1478434
1753774218.1755583
1753774218.2023838
1753774218.2330248
1753774218.2733688
1753774218.3027408
1753774218.3310466
1753774218.3594887
1753774218.3969562
1753774218.4237986
1753774218.461139
1753774218.4885602
1753774218.5247438
1753774218.565947
1753774218.600104
1753774218.66729
1753774218.6980486
1753774218.7278926
1753774218.7573476
1753774218.813846
1753774218.8465436
1753774218.8798404
1753774218.9204068
1753774218.9501386
1753774218.9857097
1753774219.015397
1753774219.041562
1753774219.0814338
1753774219.117946
1753774219.147894
1753774219.183883
1753774219.2175248
1753774219.2577775
1753774219.289015
1753774219.3296604
1753774219.3611221
1753774219.3907626
1753774219.4304764
1753774219.4601119
1753774219.497683
1753774219.5274131
1753774219.5626907
1753774219.5968301
1753774219.6481843
1753774219.6843228
1753774219.7217748
1753774219.752472
1753774219.794769
1753774219.825691
1753774219.871263
1753774219.9019723
1753774219.9411805
1753774219.9717598
1753774220.0091624
1753774220.0415416
1753774220.0853376
1753774220.1167293
1753774220.1454897
1753774220.1552384
1753774220.190635
1753774220.2346635
1753774220.2667902
1753774220.2932782
1753774220.3222528
1753774220.3599312
1753774220.392351
1753774220.4285698
1753774220.4590316
1753774220.4996974
1753774220.5302262
1753774220.5685496
1753774220.6102505
1753774220.6407785
1753774220.6814215
1753774220.7145028
1753774220.7566419
1753774220.7870739
1753774220.827081
1753774220.8551865
1753774220.8927705
1753774220.9212444
1753774220.957494
1753774220.989921
1753774221.0298831
1753774221.0664682
1753774221.0974631
1753774221.1238968
1753774221.1626198
1753774221.1911592
1753774221.2380614
1753774221.267262
1753774221.3053005
1753774221.3417704
1753774221.370409
1753774221.4082723
1753774221.435096
1753774221.444369
1753774221.4796891
1753774221.5092874
1753774221.5513144
1753774221.5907924
1753774221.6206002
1753774221.6575933
1753774221.6856813
1753774221.7244048
1753774221.7617922
1753774221.7927475
1753774221.8302515
1753774221.8583126
1753774221.8921945
1753774221.9212847
1753774221.9677436
1753774221.9963849
1753774222.0395482
1753774222.071517
1753774222.1109917
1753774222.137822
1753774222.188148
1753774222.220053
1753774222.261783
1753774222.3028069
1753774222.347183
1753774222.3767257
1753774222.4157526
1753774222.4455392
1753774222.4887714
1753774222.5180535
1753774222.55838
1753774222.602664
1753774222.635998
1753774222.676296
1753774222.7064395
1753774222.749368
1753774222.7770889
1753774222.8044171
1753774222.8444278
1753774222.873617
1753774222.9174657
1753774222.9527743
1753774223.0060277
1753774223.0329518
1753774223.0596333
1753774223.0846999
1753774223.1087549
1753774223.1383877
1753774223.1643922
1753774223.186538
1753774223.2157345
1753774223.2509222
1753774223.2923746
1753774223.3193948
1753774223.352773
1753774223.3810306
1753774223.4065304
1753774223.4361236
1753774223.461286
1753774223.4879377
1753774223.5126085
1753774223.5364578
1753774223.5766
1753774223.601862
1753774223.642542
1753774223.6717324
1753774223.698203
1753774223.7264888
1753774223.7593346
1753774223.7873557
1753774223.8139153
1753774223.8531823
1753774223.8802059
1753774223.9051297
1753774223.9318836
1753774223.9582984
1753775565.2889466
1753775565.3411796
1753775565.3718114
1753775565.4138498
1753775565.449054
1753775565.4721677
1753775565.4976552
1753775565.5325868
1753775565.5594509
1753775565.595546
1753775565.6212268
1753775565.665471
1753775565.6935768
1753775565.7361608
1753775565.762354
1753775565.8032708
1753775565.8289804
1753775565.8716216
1753775565.8970568
1753775565.9341156
1753775565.971308
1753775565.9935422
1753775566.0181825
1753775566.0548596
1753775566.0779588
1753775566.1028628
1753775566.1276727
1753775566.1684115
1753775566.193707
1753775566.231036
1753775566.2568605
1753775566.283029
1753775566.3099484
1753775566.3542657
1753775566.4015462
1753775566.4245346
1753775566.4638195
1753775566.490913
1753775566.5180583
1753775566.5587935
1753775566.5834873
1753775566.620605
1753775566.6456244
1753775566.669886
1753775566.6951017
1753775566.7226815
1753775566.7618308
1753775566.7817202
1753775566.8168747
1753775566.8372204
1753775566.861834
1753775566.8989146
1753775566.9175937
1753775566.9400504
1753775566.9616368
1753775567.0109715
1753775567.0723953
1753775567.0955453
1753775567.118691
1753775567.153904
1753775567.173668
1753775567.20944
1753775567.2288837
1753775567.2626135
1753775567.2947998
1753775567.3092728
1753775567.3436794
1753775567.361139
1753775567.3953125
1753775567.414099
1753775567.446929
1753775567.4677217
1753775567.543153
1753775567.5678391
1753775567.5909138
1753775567.6299965
1753775567.6593273
1753775567.699061
1753775567.7290359
1753775567.7959974
1753775567.8277822
1753775567.8783202
1753775567.9021776
1753775567.944675
1753775567.995232
1753775568.0213535
1753775568.0687554
1753775568.093656
1753775568.1985464
1753775568.2429845
1753775568.2839603
1753775568.3042583
1753775568.3275342
1753775568.3494556
1753775568.3678749
1753775568.3913562
1753775568.3996577
1753775568.4361475
1753775568.4649336
1753775568.5076056
1753775568.5294478
1753775568.5728307
1753775568.6047604
1753775568.6436524
1753775568.6642263
1753775568.708553
1753775568.7313428
1753775568.7747993
1753775568.7985787
1753775568.8366172
1753775568.8587523
1753775568.8884332
1753775568.9130368
1753775568.9382
1753775568.9638882
1753775568.9916482
1753775569.0237107
1753775569.068963
1753775569.0957172
1753775569.1231391
1753775569.1515136
1753775569.1800196
1753775569.2098925
1753775569.2481737
1753775569.2730007
1753775569.3238766
1753775569.3601959
1753775569.4081283
1753775569.4445264
1753775569.487006
1753775569.5190492
1753775569.5555475
1753775569.61301
1753775569.6492913
1753775569.6893425
1753775569.72214
1753775569.7698758
1753775569.8072302
1753775569.8633912
1753775569.8949568
1753775569.933944
1753775569.9769592
1753775570.0222104
1753775570.066577
1753775570.0976176
1753775570.1288013
1753775570.1587
1753775570.2046738
1753775570.241326
1753775570.2743587
1753775570.3247044
1753775570.3593328
1753775570.4057026
1753775570.448338
1753775570.482027
1753775570.531996
1753775570.5753496
1753775570.610261
1753775570.6603699
1753775570.6996846
1753775570.7450979
1753775570.7847743
1753775570.8363194
1753775570.875224
1753775570.9214828
1753775570.9787102
1753775571.0242605
1753775571.0788176
1753775571.1151266
1753775571.1536667
1753775571.186574
1753775571.2313151
1753775571.2727907
1753775571.3151076
1753775571.362994
1753775571.423439
1753775571.4594867
1753775571.5074527
1753775571.5391192
1753775571.5818627
1753775571.6141627
1753775571.6543667
1753775571.6856444
1753775571.7237644
1753775571.762833
1753775571.7982461
1753775571.809846
1753775571.8551495
1753775571.9044993
1753775571.9403262
1753775571.9703312
1753775572.0031652
1753775572.0530477
1753775572.0868592
1753775572.1283474
1753775572.1622996
1753775572.2013638
1753775572.2341769
1753775572.2776566
1753775572.3177445
1753775572.35159
1753775572.3938756
1753775572.4246068
1753775572.4651568
1753775572.498274
1753775572.5385935
1753775572.5713084
1753775572.6121004
1753775572.6432602
1753775572.6917384
1753775572.7263103
1753775572.771395
1753775572.8180318
1753775572.8546212
1753775572.883436
1753775572.928017
1753775572.9599438
1753775573.0611694
1753775573.1317365
1753775573.1773894
1753775573.2238524
1753775573.2538698
1753775573.291808
1753775573.3202245
1753775573.3310971
1753775573.36795
1753775573.3987362
1753775573.4433713
1753775573.4837105
1753775573.5159807
1753775573.5635092
1753775573.602463
1753775573.6463625
1753775573.6860156
1753775573.721748
1753775573.7677913
1753775573.8027523
1753775573.8513274
1753775573.900536
1753775573.9587462
1753775573.995581
1753775574.0513215
1753775574.0866797
1753775574.1293705
1753775574.1573968
1753775574.197669
1753775574.230549
1753775574.2766078
1753775574.3075495
1753775574.3481426
1753775574.3849025
1753775574.4296901
1753775574.4638813
1753775574.5110803
1753775574.54981
1753775574.6083655
1753775574.655932
1753775574.685897
1753775574.7306972
1753775574.76535
1753775574.805962
1753775574.8335583
1753775574.8616223
1753775574.9064074
1753775574.9404552
1753775574.9814937
1753775575.0105085
1753775575.0594294
1753775575.0870373
1753775575.1163328
1753775575.1424115
1753775575.168619
1753775575.1974242
1753775575.230338
1753775575.2561667
1753775575.2818334
1753775575.3106835
1753775575.3482413
1753775575.3743577
1753775575.4031315
1753775575.4327245
1753775575.4641664
1753775575.4942684
1753775575.5236897
1753775575.5537884
1753775575.5842843
1753775575.609866
1753775575.6620514
1753775575.689736
1753775575.7300172
1753775575.7588034
1753775575.7904067
1753775575.8174162
1753775575.8445642
1753775575.8796415
1753775575.9159656
1753775575.968042
1753775576.000142
1753775576.029292
1753775576.0563717
1753775576.0831707
1753776288.8577912
1753777769.7029898
1753777769.755026
1753777769.7877088
1753777769.830703
1753777769.8633385
1753777769.885041
1753777769.9125433
1753777769.9517984
1753777769.978146
1753777770.0149736
1753777770.0421028
1753777770.0821419
1753777770.1072505
1753777770.1478121
1753777770.1722841
1753777770.2113574
1753777770.236896
1753777770.277103
1753777770.3019092
1753777770.34102
1753777770.3846447
1753777770.4087057
1753777770.438701
1753777770.4862692
1753777770.5118382
1753777770.5388203
1753777770.5680075
1753777770.6115792
1753777770.6377926
1753777770.6780844
1753777770.7056413
1753777770.7359452
1753777770.7640033
1753777770.8058076
1753777770.845911
1753777770.868061
1753777770.9094052
1753777770.9385476
1753777770.9654558
1753777771.0081205
1753777771.0330892
1753777771.071968
1753777771.104459
1753777771.1300945
1753777771.1544166
1753777771.1793044
1753777771.2155783
1753777771.2356668
1753777771.270444
1753777771.2899916
1753777771.3126547
1753777771.3489454
1753777771.3659954
1753777771.3864841
1753777771.408297
1753777771.4313118
1753777771.468038
1753777771.4866662
1753777771.5083306
1753777771.5440035
1753777771.5634375
1753777771.6002543
1753777771.6201231
1753777771.6536195
1753777771.687904
1753777771.7007804
1753777771.733544
1753777771.752588
1753777771.7890272
1753777771.808921
1753777771.8458378
1753777771.8670075
1753777771.9025
1753777771.919243
1753777771.942188
1753777771.978053
1753777771.999367
1753777772.0346918
1753777772.0579612
1753777772.0968845
1753777772.1194603
1753777772.160234
1753777772.182152
1753777772.2187643
1753777772.2564566
1753777772.2776637
1753777772.3151503
1753777772.3332138
1753777772.366389
1753777772.3854792
1753777772.4223993
1753777772.4444802
1753777772.4656544
1753777772.487171
1753777772.504768
1753777772.5272472
1753777772.5344443
1753777772.55845
1753777772.5816765
1753777772.6194549
1753777772.6431315
1753777772.6819685
1753777772.7051778
1753777772.7407765
1753777772.7615502
1753777772.798144
1753777772.8214774
1753777772.8618171
1753777772.8833754
1753777772.9179683
1753777772.9413662
1753777772.9690208
1753777772.9924212
1753777773.0159822
1753777773.0384345
1753777773.0614567
1753777773.0868208
1753777773.1237721
1753777773.1504784
1753777773.178409
1753777773.2054572
1753777773.2336242
1753777773.2633083
1753777773.3062563
1753777773.328134
1753777773.3683128
1753777773.3971517
1753777773.4375248
1753777773.4680238
1753777773.4996247
1753777773.528091
1753777773.5572371
1753777773.5986028
1753777773.6273708
1753777773.657515
1753777773.6874382
1753777773.727639
1753777773.7562122
1753777773.8006084
1753777773.8314877
1753777773.8609993
1753777773.8999949
1753777773.9304886
1753777773.97061
1753777773.9995286
1753777774.0285382
1753777774.0600827
1753777774.104134
1753777774.1343381
1753777774.1652255
1753777774.2056313
1753777774.2387843
1753777774.2782786
1753777774.3116071
1753777774.3381295
1753777774.3771098
1753777774.4162834
1753777774.4496274
1753777774.4905953
1753777774.5221205
1753777774.5625358
1753777774.5950246
1753777774.6378257
1753777774.6714087
1753777774.706657
1753777774.7469404
1753777774.7796881
1753777774.8179727
1753777774.850241
1753777774.8890517
1753777774.9233062
1753777774.9677758
1753777774.9998844
1753777775.038003
1753777775.070654
1753777775.1140244
1753777775.1481307
1753777775.1974676
1753777775.2304895
1753777775.2720463
1753777775.3030236
1753777775.3404999
1753777775.3726032
1753777775.4098194
1753777775.439493
1753777775.4681518
1753777775.4768758
1753777775.513705
1753777775.5505579
1753777775.581611
1753777775.608555
1753777775.6375115
1753777775.675961
1753777775.706509
1753777775.7426863
1753777775.773461
1753777775.8118484
1753777775.8450427
1753777775.8875697
1753777775.9265978
1753777775.9580255
1753777776.002231
1753777776.0334127
1753777776.0724022
1753777776.1039495
1753777776.144099
1753777776.17281
1753777776.2115636
1753777776.2427535
1753777776.2844179
1753777776.3144963
1753777776.3532877
1753777776.3919773
1753777776.4244905
1753777776.4524107
1753777776.494351
1753777776.5262663
1753777776.5727477
1753777776.601996
1753777776.6405177
1753777776.6787848
1753777776.7090726
1753777776.748651
1753777776.7783415
1753777776.7894344
1753777776.827807
1753777776.8580453
1753777776.8990927
1753777776.9384463
1753777776.9681387
1753777777.0075285
1753777777.0391147
1753777777.0777984
1753777777.1264064
1753777777.1640887
1753777777.2043998
1753777777.2369692
1753777777.2778609
1753777777.308215
1753777777.3456755
1753777777.3778832
1753777777.421912
1753777777.4533908
1753777777.4941545
1753777777.5216343
1753777777.5611212
1753777777.5924656
1753777777.6340814
1753777777.6662598
1753777777.70976
1753777777.749243
1753777777.808009
1753777777.8467834
1753777777.8931444
1753777777.9250581
1753777777.9686055
1753777778.0139163
1753777778.0436525
1753777778.0835207
1753777778.1139238
1753777778.1540089
1753777778.1832361
1753777778.2112203
1753777778.253904
1753777778.2819533
1753777778.3216987
1753777778.3499885
1753777778.3931475
1753777778.420979
1753777778.4497616
1753777778.4775608
1753777778.5131288
1753777778.5436516
1753777778.5713358
1753777778.596811
1753777778.623168
1753777778.6526372
1753777778.6911519
1753777778.7171612
1753777778.744748
1753777778.772393
1753777778.7981703
1753777778.8272197
1753777778.853826
1753777778.8824582
1753777778.9104297
1753777778.937311
1753777778.9787006
1753777779.0045812
1753777779.042162
1753777779.0674355
1753777779.0933995
1753777779.1213913
1753777779.1522572
1753777779.1787167
1753777779.205146
1753777779.2453103
1753777779.2729218
1753777779.2984967
1753777779.327127
1753777779.3554075
