1753774010.6952655
1753774010.7380605
1753774010.763227
1753774010.8020906
1753774010.8249302
1753774010.8608336
1753774010.8836572
1753774010.9212475
1753774010.944982
1753774010.9691658
1753774011.0066965
1753774011.0354953
1753774011.0729244
1753774011.0948374
1753774011.116106
1753774011.1388743
1753774011.174297
1753774011.1964931
1753774011.2216632
1753774011.2556436
1753774011.2787294
1753774011.3166893
1753774011.3421319
1753774011.3836825
1753774011.4089434
1753774011.4515548
1753774011.4777503
1753774011.5153446
1753774011.540689
1753774011.5795882
1753774011.6068995
1753774011.6456766
1753774011.6668277
1753774011.7068079
1753774011.7308004
1753774011.7660017
1753774011.793932
1753774011.835381
1753774011.8612309
1753774011.8910248
1753774011.9316878
1753774011.9569798
1753774011.9935744
1753774012.030521
1753774012.0539305
1753774012.0903654
1753774012.1141849
1753774012.149519
1753774012.173848
1753774012.2118373
1753774012.235325
1753774012.27414
1753774012.2982254
1753774012.3446856
1753774012.3711772
1753774012.4126022
1753774012.437918
1753774012.4769096
1753774012.503571
1753774012.5446386
1753774012.5697067
1753774012.6108794
1753774012.6447794
1753774012.6680837
1753774012.6970928
1753774012.7419245
1753774012.771185
1753774012.810764
1753774012.840883
1753774012.8703785
1753774012.9094486
1753774012.9379694
1753774012.9942489
1753774013.0207453
1753774013.047293
1753774013.0875263
1753774013.1151888
1753774013.1569989
1753774013.1831727
1753774013.2202835
1753774013.2454886
1753774013.2833612
1753774013.3094065
1753774013.3547149
1753774013.3831375
1753774013.4221406
1753774013.447927
1753774013.486852
1753774013.5148478
1753774013.553046
1753774013.5839114
1753774013.6235116
1753774013.6572642
1753774013.679355
1753774013.7145026
1753774013.7499352
1753774013.7759993
1753774013.81064
1753774013.8368976
1753774013.8726313
1753774013.906736
1753774013.9338434
1753774013.9718585
1753774014.0168335
1753774014.0539613
1753774014.0818777
1753774014.1189463
1753774014.1511936
1753774014.1789129
1753774014.2176769
1753774014.2452633
1753774014.2791116
1753774014.306554
1753774014.3438354
1753774014.3736944
1753774014.408957
1753774014.4415386
1753774014.4675276
1753774014.4939308
1753774014.530849
1753774014.5570767
1753774014.5920289
1753774014.6147137
1753774014.6488445
1753774014.684003
1753774014.7076144
1753774014.7333918
1753774014.7686496
1753774014.7916744
1753774014.81884
1753774014.847664
1753774014.8875952
1753774014.9130733
1753774014.9630623
1753774014.9948938
1753774015.0321732
1753774015.058353
1753774015.0962987
1753774015.1204693
1753774015.158639
1753774015.1824567
1753774015.2173138
1753774015.2397232
1753774015.2762775
1753774015.2984018
1753774015.3326583
1753774015.3559134
1753774015.3911774
1753774015.412748
1753774015.434883
1753774015.459371
1753774015.4878225
1753774015.4947162
1753774015.5200136
1753774015.5543404
1753774015.5789797
1753774015.6043568
1753774015.6407266
1753774015.666535
1753774015.7019937
1753774015.728074
1753774015.7688754
1753774015.7960665
1753774015.8354828
1753774015.8621998
1753774015.9009964
1753774015.9290707
1753774015.9668984
1753774015.9944377
1753774016.036093
1753774016.0646176
1753774016.1004896
1753774016.1260047
1753774016.1640728
1753774016.19314
1753774016.2340708
1753774016.2638557
1753774016.3065357
1753774016.3345416
1753774016.3772314
1753774016.41308
1753774016.452574
1753774016.475021
1753774016.5133007
1753774016.551362
1753774016.5795178
1753774016.6219776
1753774016.657452
1753774016.6874132
1753774016.7231376
1753774016.7508755
1753774016.7916129
1753774016.8195162
1753774016.857659
1753774016.884634
1753774016.9206438
1753774016.9611788
1753774016.9893959
1753774017.0263476
1753774017.064311
1753774017.096885
1753774017.132674
1753774017.154211
1753774017.1892517
1753774017.2113698
1753774017.2465672
1753774017.2716553
1753774017.3116672
1753774017.334669
1753774017.357736
1753774017.3652778
1753774017.4029562
1753774017.4335012
1753774017.4696226
1753774017.5015907
1753774017.541808
1753774017.5878267
1753774017.6307397
1753774017.6689217
1753774017.6987522
1753774017.7336826
1753774017.76367
1753774017.7956834
1753774017.8340323
1753774017.8694758
1753774017.9002795
1753774017.936093
1753774017.9673882
1753774018.0056806
1753774018.0365334
1753774018.0754006
1753774018.1117363
1753774018.1444106
1753774018.1844623
1753774018.2167168
1753774018.2516947
1753774018.2823708
1753774018.319811
1753774018.3527873
1753774018.3912678
1753774018.4241378
1753774018.46586
1753774018.501885
1753774018.5325563
1753774018.5706213
1753774018.6121185
1753774018.6434975
1753774018.686212
1753774018.7181804
1753774018.7574596
1753774018.7911031
1753774018.820963
1753774018.85812
1753774018.8973434
1753774018.9283764
1753774018.9654794
1753774019.0051355
1753774019.0364745
1753774019.0753677
1753774019.1164517
1753774019.1473236
1753774019.1861906
1753774019.219422
1753774019.2620468
1753774019.2996304
1753774019.3333504
1753774019.369219
1753774019.4032805
1753774019.4445305
1753774019.483003
1753774019.5242608
1753774019.5612223
1753774019.597558
1753774019.626299
1753774019.6600761
1753774019.6916988
1753774019.7341251
1753774019.7712457
1753774019.802682
1753774019.8400998
1753774019.8810878
1753774019.9133458
1753774019.9488928
1753774019.9798071
1753774020.0177262
1753774020.0568063
1753774020.0888643
1753774020.1272416
1753774020.160283
1753774020.1975234
1753774020.2284877
1753774020.2684546
1753774020.2995262
1753774020.3383062
1753774020.3767967
1753774020.4060688
1753774020.4413335
1753774020.478837
1753774020.5126963
1753774020.5488522
1753774020.5798793
1753774787.2159045
1753774787.27529
1753774787.3079789
1753774787.3632402
1753774787.3970118
1753774787.437078
1753774787.4675882
1753774787.5075233
1753774787.531483
1753774787.5570061
1753774787.5942864
1753774787.6182141
1753774787.6537325
1753774787.6767695
1753774787.7012885
1753774787.7266662
1753774787.763391
1753774787.7873023
1753774787.8125665
1753774787.8473675
1753774787.8683877
1753774787.903473
1753774787.9261084
1753774787.966886
1753774787.9930756
1753774788.0364678
1753774788.0648215
1753774788.1081908
1753774788.1351068
1753774788.1769786
1753774788.203167
1753774788.240236
1753774788.263603
1753774788.310872
1753774788.3458123
1753774788.3877015
1753774788.4163277
1753774788.460713
1753774788.488624
1753774788.5188997
1753774788.5641518
1753774788.587598
1753774788.6253114
1753774788.6672616
1753774788.6968956
1753774788.732725
1753774788.757664
1753774788.7922266
1753774788.8171227
1753774788.856755
1753774788.8829799
1753774788.9224632
1753774788.948314
1753774788.989454
1753774789.015668
1753774789.0587866
1753774789.0845962
1753774789.1250377
1753774789.1508288
1753774789.1887028
1753774789.2138143
1753774789.251348
1753774789.284061
1753774789.3041682
1753774789.3327885
1753774789.3730989
1753774789.3996563
1753774789.4369426
1753774789.462992
1753774789.4922743
1753774789.5291877
1753774789.5571291
1753774789.5958357
1753774789.623232
1753774789.648903
1753774789.6927414
1753774789.7192404
1753774789.760095
1753774789.7944815
1753774789.8533676
1753774789.8999054
1753774789.9469097
1753774789.9854872
1753774790.0426996
1753774790.0800529
1753774790.1338744
1753774790.1680648
1753774790.2130506
1753774790.2482915
1753774790.2953992
1753774790.325398
1753774790.368274
1753774790.4064605
1753774790.433954
1753774790.4767854
1753774790.5190723
1753774790.5485728
1753774790.5866704
1753774790.6153774
1753774790.659324
1753774790.7045336
1753774790.7392263
1753774790.7756228
1753774790.8193119
1753774790.8544488
1753774790.8831952
1753774790.919874
1753774790.9564302
1753774790.9912868
1753774791.0315082
1753774791.0626366
1753774791.099133
1753774791.127301
1753774791.1622956
1753774791.1896782
1753774791.2276833
1753774791.263514
1753774791.292641
1753774791.3206894
1753774791.3580294
1753774791.3853135
1753774791.4204478
1753774791.4432507
1753774791.4791093
1753774791.5193143
1753774791.5460005
1753774791.5753014
1753774791.6153631
1753774791.6410682
1753774791.6704626
1753774791.6983252
1753774791.737047
1753774791.7621
1753774791.799845
1753774791.8247826
1753774791.8613126
1753774791.8873718
1753774791.9237697
1753774791.948738
1753774791.989183
1753774792.0132089
1753774792.0486858
1753774792.0728397
1753774792.1145208
1753774792.1451669
1753774792.18698
1753774792.210761
1753774792.2483728
1753774792.2729087
1753774792.298435
1753774792.3235128
1753774792.350934
1753774792.3579454
1753774792.3838227
1753774792.4230409
1753774792.454506
1753774792.4884043
1753774792.542563
1753774792.5718002
1753774792.6245492
1753774792.6560135
1753774792.6998825
1753774792.7323267
1753774792.7903364
1753774792.828574
1753774792.8746414
1753774792.9044285
1753774792.9453838
1753774792.9756074
1753774793.0176594
1753774793.0497074
1753774793.094018
1753774793.1331208
1753774793.1777294
1753774793.2079506
1753774793.2505288
1753774793.2799625
1753774793.3171067
1753774793.344054
1753774793.3805532
1753774793.4083977
1753774793.4437184
1753774793.4680963
1753774793.5072834
1753774793.545967
1753774793.5754955
1753774793.6135893
1753774793.649596
1753774793.678362
1753774793.7138612
1753774793.7429624
1753774793.782611
1753774793.8110936
1753774793.8481061
1753774793.8769162
1753774793.9142687
1753774793.9548864
1753774793.9830868
1753774794.0199833
1753774794.0594828
1753774794.0993388
1753774794.1823509
1753774794.208872
1753774794.24814
1753774794.270853
1753774794.308873
1753774794.3301542
1753774794.3667603
1753774794.387026
1753774794.4117842
1753774794.421452
1753774794.4622297
1753774794.493088
1753774794.5318513
1753774794.5690153
1753774794.6090574
1753774794.6457884
1753774794.68347
1753774794.7225285
1753774794.7607052
1753774794.8152304
1753774794.8483489
1753774794.882389
1753774794.932011
1753774794.9720924
1753774795.0102358
1753774795.0568097
1753774795.0973172
1753774795.1485376
1753774795.1898432
1753774795.2300456
1753774795.2695048
1753774795.3037767
1753774795.34228
1753774795.3741388
1753774795.4151776
1753774795.4517972
1753774795.5008085
1753774795.5401695
1753774795.5852423
1753774795.6189282
1753774795.662787
1753774795.7007232
1753774795.7338402
1753774795.7806964
1753774795.827109
1753774795.8631694
1753774795.9145598
1753774795.947708
1753774795.9847953
1753774796.0207114
1753774796.0545545
1753774796.095585
1753774796.1401892
1753774796.1786344
1753774796.2197785
1753774796.2605093
1753774796.295441
1753774796.337176
1753774796.381026
1753774796.4152288
1753774796.4596121
1753774796.4966636
1753774796.5419621
1753774796.5832934
1753774796.61919
1753774796.6652334
1753774796.7076974
1753774796.7629194
1753774796.83064
1753774796.8758547
1753774796.9298763
1753774796.9644125
1753774796.995072
1753774797.030208
1753774797.0662165
1753774797.104337
1753774797.1425836
1753774797.1764162
1753774797.218313
1753774797.2623405
1753774797.2968333
1753774797.3356469
1753774797.3712833
1753774797.417503
1753774797.4587862
1753774797.4934552
1753774797.5323453
1753774797.568208
1753774797.6070986
1753774797.638574
1753774797.6786914
1753774797.7114801
1753774797.7517896
1753774797.7892096
1753774797.8202102
1753774797.8610919
1753774797.8982968
1753774797.930329
1753774797.968907
1753774797.9994075
1753775129.4875832
1753775129.5327008
1753775129.5730116
1753775129.6182935
1753775129.6451774
1753775129.6900148
1753775129.727785
1753775129.7970388
1753775129.8254097
1753775129.8537226
1753775129.8985102
1753775129.9245963
1753775129.985876
1753775130.0161355
1753775130.0496564
1753775130.0860198
1753775130.1383758
1753775130.1737444
1753775130.2128341
1753775130.2657223
1753775130.2942286
1753775130.3398316
1753775130.376283
1753775130.4306033
1753775130.4649167
1753775130.5300605
1753775130.5731914
1753775130.628932
1753775130.6631396
1753775130.7188277
1753775130.75464
1753775130.802449
1753775130.8281045
1753775130.882219
1753775130.9241564
1753775130.979668
1753775131.009962
1753775131.0504987
1753775131.0792444
1753775131.1094897
1753775131.1682866
1753775131.2021115
1753775131.2635167
1753775131.3090198
1753775131.3385684
1753775131.3886552
1753775131.4184623
1753775131.4581757
1753775131.4856718
1753775131.5415082
1753775131.574622
1753775131.6309745
1753775131.6677806
1753775131.7173452
1753775131.7548323
1753775131.8149135
1753775131.85624
1753775131.907466
1753775343.3824215
1753775343.429108
1753775343.463105
1753775343.5079532
1753775343.5335598
1753775343.572079
1753775343.6021333
1753775343.6417174
1753775343.6675134
1753775343.697821
1753775343.7411869
1753775343.7722824
1753775343.813655
1753775343.8389912
1753775343.8620129
1753775343.8872025
1753775343.9256346
1753775343.9488518
1753775343.9745033
1753775344.012403
1753775344.0382125
1753775344.0790257
1753775344.1070466
1753775344.1805172
1753775344.2271345
1753775344.2832415
1753775344.3167553
1753775344.3609512
1753775344.3881803
1753775344.4268847
1753775344.4549406
1753775344.4986484
1753775344.5215702
1753775344.5693324
1753775344.608622
1753775344.6495621
1753775344.679164
1753775344.7206697
1753775344.746353
1753775344.7763636
1753775344.8155527
1753775344.8408906
1753775344.8832686
1753775344.9281988
1753775344.9558752
1753775344.9937146
1753775345.0213602
1753775345.0628717
1753775345.089393
1753775345.13342
1753775345.1647165
1753775345.2161813
1753775345.2541084
1753775345.3042724
1753775345.342052
1753775345.40112
1753775345.438221
1753775345.4867935
1753775345.5185804
1753775345.573865
1753775345.6065958
1753775345.6544478
1753775345.6963763
1753775345.7186892
1753775345.7501907
1753775345.7936077
1753775345.8256886
1753775345.8667865
1753775345.897447
1753775345.9291544
1753775345.9736543
1753775346.0052922
1753775346.0499027
1753775346.081526
1753775346.1160576
1753775346.1566896
1753775346.185972
1753775346.226937
1753775346.2574651
1753775346.3012192
1753775346.3363793
1753775346.3780832
1753775346.4075544
1753775346.4490018
1753775346.4833355
1753775346.532481
1753775346.562102
1753775346.6043797
1753775346.6382475
1753775346.6821518
1753775346.715891
1753775346.7576392
1753775346.795285
1753775346.82503
1753775346.867588
1753775346.9084995
1753775346.9500766
1753775346.9954944
1753775347.0288663
1753775347.0710618
1753775347.1108088
1753775347.144546
1753775347.1748598
1753775347.2188225
1753775347.256946
1753775347.286492
1753775347.331889
1753775347.373846
1753775347.4100251
1753775347.4576886
1753775347.4886272
1753775347.5254319
1753775347.5571637
1753775347.5972962
1753775347.6317317
1753775347.6767323
1753775347.7277951
1753775347.7607915
1753775347.7919035
1753775347.836838
1753775347.8669736
1753775347.9071624
1753775347.9342997
1753775347.9778116
1753775348.0188856
1753775348.0492136
1753775348.0937235
1753775348.1458328
1753775348.1737568
1753775348.2059505
1753775348.2387533
1753775348.2936559
1753775348.32798
1753775348.4123287
1753775348.4594338
1753775348.51045
1753775348.5479844
1753775348.6032207
1753775348.6350265
1753775348.6888444
1753775348.7271228
1753775348.7814617
1753775348.818137
1753775348.8881583
1753775348.9214766
1753775348.975882
1753775349.012259
1753775349.0569613
1753775349.0893695
1753775349.1212716
1753775349.1595714
1753775349.2122562
1753775349.2296875
1753775349.306103
1753775349.3700786
1753775349.4105263
1753775349.4520326
1753775349.5232553
1753775349.567013
1753775349.6333468
1753775349.6756995
1753775349.7271256
1753775349.7627695
1753775349.8121984
1753775349.8485096
1753775349.8954952
1753775349.9335973
1753775349.9899776
1753775350.0346646
1753775350.0917807
1753775350.1294117
1753775350.1727397
1753775350.201882
1753775350.2420087
1753775350.2754438
1753775350.3220997
1753775350.3548594
1753775350.4106743
1753775350.4573765
1753775350.503254
1753775350.536471
1753775350.5789018
1753775350.6084027
1753775350.6573915
1753775350.7069867
1753775350.7469199
1753775350.8101084
1753775350.8588345
1753775350.8961484
1753775350.9407475
1753775350.9803998
1753775351.03034
1753775351.0664496
1753775351.110546
1753775351.1505983
1753775351.207154
1753775351.2566743
1753775351.2911317
1753775351.3348908
1753775351.377654
1753775351.4103746
1753775351.450963
1753775351.475934
1753775351.528275
1753775351.560071
1753775351.6066377
1753775351.631707
1753775351.6703546
1753775351.6932323
1753775351.7217314
1753775351.7318122
1753775351.7773852
1753775351.8110003
1753775351.8564084
1753775351.8970432
1753775351.9428675
1753775351.9798818
1753775352.022992
1753775352.070509
1753775352.107779
1753775352.1491244
1753775352.1882207
1753775352.2265234
1753775352.277284
1753775352.321464
1753775352.3576074
1753775352.3972943
1753775352.4349947
1753775352.475669
1753775352.5107057
1753775352.5585928
1753775352.6132753
1753775352.6495135
1753775352.6902113
1753775352.7290895
1753775352.7709327
1753775352.8088558
1753775352.853842
1753775352.9095998
1753775352.9782782
1753775353.0388238
1753775353.1053913
1753775353.1565385
1753775353.198382
1753775353.2566614
1753775353.3128717
1753775353.3568692
1753775353.4114463
1753775353.4488714
1753775353.493291
1753775353.5338407
1753775353.5712395
1753775353.6156116
1753775353.6645753
1753775353.7048903
1753775353.7505214
1753775353.7967114
1753775353.83414
1753775353.8779502
1753775353.9372225
1753775353.9854865
1753775354.0279977
1753775354.0702121
1753775354.116729
1753775354.1610672
1753775354.1992054
1753775354.240813
1753775354.2812514
1753775354.333297
1753775354.3829043
1753775354.4262056
1753775354.471983
1753775354.510854
1753775354.5480142
1753775354.5899472
1753775354.6256902
1753775354.668342
1753775354.7123713
1753775354.7534966
1753775354.801744
1753775354.846431
1753775354.881821
1753775354.9207222
1753775354.9582918
1753775355.0079286
1753775355.0545056
1753775355.0932825
1753775355.1385293
1753775355.1866586
1753775355.2303724
1753775355.2666998
1753775355.314479
1753775355.3553703
1753775355.4150345
1753775355.473742
1753775355.5258405
1753775355.5803022
1753775355.6274488
1753775355.6650007
1753775355.7102306
1753775355.7646992
1753776070.6328897
1753776070.6919482
1753776070.7213683
1753776070.7665467
1753776070.797641
1753776070.8383586
1753776070.8661044
1753776070.9097798
1753776070.9413517
1753776070.972572
1753776071.0195367
1753776071.0472815
1753776071.0877256
1753776071.1134994
1753776071.137572
1753776071.1636965
1753776071.2026978
1753776071.2261693
1753776071.253581
1753776071.2939835
1753776071.319479
1753776071.362705
1753776071.3905473
1753776071.4358435
1753776071.4630876
1753776071.5069964
1753776071.5357888
1753776071.580788
1753776071.6095574
1753776071.65027
1753776071.6822848
1753776071.7302842
1753776071.7553475
1753776071.797059
1753776071.8258274
1753776071.868557
1753776071.8962324
1753776071.940517
1753776071.9693465
1753776072.007015
1753776072.0636418
1753776072.0946817
1753776072.1361072
1753776072.1760514
1753776072.2021768
1753776072.245692
1753776072.2728488
1753776072.3194957
1753776072.3457394
1753776072.384962
1753776072.4117253
1753776072.4514277
1753776072.4766898
1753776072.5261745
1753776072.5575683
1753776072.6042647
1753776072.6349096
1753776072.6745942
1753776072.7026405
1753776072.7449124
1753776072.7761736
1753776072.818406
1753776072.853729
1753776072.8754034
1753776072.9073966
1753776072.9502416
1753776072.9796915
1753776073.0198853
1753776073.0482192
1753776073.0814
1753776073.1334713
1753776073.1624258
1753776073.2049546
1753776073.2347512
1753776073.264306
1753776073.304569
1753776073.3347564
1753776073.37745
1753776073.4089963
1753776073.4524035
1753776073.4879673
1753776073.5275295
1753776073.5571415
1753776073.5961475
1753776073.6254692
1753776073.6666257
1753776073.6959054
1753776073.7377462
1753776073.7724965
1753776073.8130362
1753776073.8435826
1753776073.888468
1753776073.9310908
1753776073.959273
1753776074.0069373
1753776074.0506008
1753776074.0849738
1753776074.1319368
1753776074.17623
1753776074.2236123
1753776074.2661786
1753776074.2983575
1753776074.3359196
1753776074.3767774
1753776074.4142318
1753776074.445994
1753776074.4964983
1753776074.5406394
1753776074.570299
1753776074.612135
1753776074.6420498
1753776074.6801991
1753776074.709848
1753776074.7473218
1753776074.7789674
1753776074.8242671
1753776074.8709083
1753776074.9036727
1753776074.9335012
1753776074.978098
1753776075.0107772
1753776075.0543585
1753776075.0809944
1753776075.1220894
1753776075.1673803
1753776075.1973302
1753776075.2334573
1753776075.2806876
1753776075.3181653
1753776075.348621
1753776075.378361
1753776075.4217887
1753776075.4525013
1753776075.497553
1753776075.531442
1753776075.5806236
1753776075.610063
1753776075.6572232
1753776075.684053
1753776075.7249544
1753776075.753193
1753776075.796215
1753776075.8226848
1753776075.8671758
1753776075.8996065
1753776075.947866
1753776075.9744
1753776076.0149581
1753776076.0424454
1753776076.0728073
1753776076.1044123
1753776076.1380386
1753776076.1467235
1753776076.1796155
1753776076.2277257
1753776076.2606075
1753776076.2914963
1753776076.3353803
1753776076.3689663
1753776076.417932
1753776076.4490829
1753776076.4941857
1753776076.5331683
1753776076.5864775
1753776076.6197028
1753776076.66393
1753776076.6953237
1753776076.7390451
1753776076.7686052
1753776076.809316
1753776076.8387027
1753776076.8739254
1753776076.903168
1753776076.946843
1753776076.979228
1753776077.0214076
1753776077.0556192
1753776077.1004038
1753776077.132707
1753776077.1838984
1753776077.2167928
1753776077.2574925
1753776077.2885704
1753776077.330814
1753776077.3716254
1753776077.4033375
1753776077.4447246
1753776077.485408
1753776077.5166554
1753776077.5553253
1753776077.5879357
1753776077.6315384
1753776077.662137
1753776077.7038581
1753776077.7351787
1753776077.776216
1753776077.819533
1753776077.8500285
1753776077.892235
1753776077.9355066
1753776077.9756136
1753776078.0171058
1753776078.0409439
1753776078.0832894
1753776078.1062067
1753776078.1471252
1753776078.1714087
1753776078.2106614
1753776078.232153
1753776078.2631583
1753776078.2731369
1753776078.327998
1753776078.367257
1753776078.4130664
1753776078.449965
1753776078.4921744
1753776078.5303514
1753776078.5763168
1753776078.624826
1753776078.667157
1753776078.7103202
1753776078.750058
1753776078.7873652
1753776078.8359394
1753776078.886318
1753776078.9231296
1753776078.9633284
1753776079.0031283
1753776079.0515242
1753776079.0895774
1753776079.1320333
1753776079.178573
1753776079.2148588
1753776079.2588701
1753776079.2954628
1753776079.3400319
1753776079.387057
1753776079.442577
1753776079.4833248
1753776079.5326836
1753776079.5696034
1753776079.6181579
1753776079.669324
1753776079.7060773
1753776079.7549236
1753776079.799065
1753776079.8402028
1753776079.8987858
1753776079.9353554
1753776079.9782567
1753776080.0272274
1753776080.0663347
1753776080.1295483
1753776080.1852663
1753776080.2245111
1753776080.2746663
1753776080.3285966
1753776080.370414
1753776080.4164526
1753776080.46769
1753776080.514355
1753776080.5710227
1753776080.6099293
1753776080.6650453
1753776080.710616
1753776080.7522714
1753776080.7967443
1753776080.837976
1753776080.8915586
1753776080.950655
1753776080.9898376
1753776081.039287
1753776081.0888104
1753776081.12333
1753776081.1756365
1753776081.2138345
1753776081.2651522
1753776081.3105829
1753776081.3508525
1753776081.4008758
1753776081.4529834
1753776081.4913726
1753776081.534133
1753776081.581254
1753776081.6567132
1753776081.7159564
1753776081.7628722
1753776081.8072245
1753776081.8539858
1753776081.8964179
1753776081.9375212
1753776081.992258
1753776082.0435343
1753776082.0999408
1753776082.1475215
1753776082.1848092
1753776082.2400382
1753776082.291221
1753776082.3398101
1753776082.3903456
1753776082.4289982
1753776753.7733462
1753776753.8291557
1753776753.8567965
1753776753.898662
1753776753.9231994
1753776753.9599915
1753776753.987111
1753776754.0280533
1753776754.0546114
1753776754.0840697
1753776754.1280231
1753776754.156276
1753776754.1968768
1753776754.222082
1753776754.246901
1753776754.2719047
1753776754.3093748
1753776754.3326895
1753776754.3601992
1753776754.3969316
1753776754.421596
1753776754.4606214
1753776754.485681
1753776754.530561
1753776754.5571525
1753776754.5959435
1753776754.623514
1753776754.667797
1753776754.6949124
1753776754.7373078
1753776754.76569
1753776754.8109531
1753776754.8342395
1753776754.8752942
1753776754.9029737
1753776754.9428952
1753776754.9680026
1753776755.0052147
1753776755.0315053
1753776755.0641026
1753776755.1064806
1753776755.1345143
1753776755.1755633
1753776755.2164152
1753776755.2437172
1753776755.2866716
1753776755.3129568
1753776755.3503115
1753776755.3744526
1753776755.4158409
1753776755.4521194
1753776755.4937918
1753776755.5193996
1753776755.5624135
1753776755.5916257
1753776755.635543
1753776755.6648238
1753776755.7057662
1753776755.736627
1753776755.7867923
1753776755.8218012
1753776755.8662944
1753776755.9026482
1753776755.92807
1753776755.9586673
1753776756.0004458
1753776756.0306566
1753776756.070266
1753776756.1042979
1753776756.1384885
1753776756.1836817
1753776756.215073
1753776756.264678
1753776756.2988422
1753776756.3324068
1753776756.3872876
1753776756.4161177
1753776756.4696426
1753776756.5115032
1753776756.5634341
1753776756.6055593
1753776756.6582918
1753776756.6958225
1753776756.7499902
1753776756.7917645
1753776756.846335
1753776756.8828683
1753776756.9353852
1753776756.972538
1753776757.0135455
1753776757.0495248
1753776757.0915632
1753776757.1312494
1753776757.1576982
1753776757.1981719
1753776757.2390554
1753776757.2698631
1753776757.3083084
1753776757.3396192
1753776757.380505
1753776757.4159298
1753776757.4442315
1753776757.4719095
1753776757.518122
1753776757.5558324
1753776757.587161
1753776757.628359
1753776757.6636167
1753776757.694848
1753776757.7325575
1753776757.7619
1753776757.7962818
1753776757.82924
1753776757.8788526
1753776757.908221
1753776757.9528322
1753776757.9928658
1753776758.0285904
1753776758.0608737
1753776758.1021872
1753776758.1347787
1753776758.1724474
1753776758.198261
1753776758.2419624
1753776758.2796717
1753776758.306483
1753776758.3371413
1753776758.3864167
1753776758.4141974
1753776758.4445817
1753776758.4751503
1753776758.523416
1753776758.5520065
1753776758.5927489
1753776758.620258
1753776758.6601892
1753776758.68778
1753776758.7273014
1753776758.754814
1753776758.79793
1753776758.8254004
1753776758.8656342
1753776758.8929415
1753776758.9379547
1753776758.9691763
1753776759.0131497
1753776759.0405538
1753776759.0824833
1753776759.108076
1753776759.1348631
1753776759.163573
1753776759.1997805
1753776759.2088926
1753776759.2403154
1753776759.2805135
1753776759.312356
1753776759.3423
1753776759.3843362
1753776759.4138994
1753776759.4516945
1753776759.48184
1753776759.5242314
1753776759.5594282
1753776759.6168258
1753776759.6475432
1753776759.688959
1753776759.7186644
1753776759.7640395
1753776759.7942965
1753776759.8368125
1753776759.8677855
1753776759.9072225
1753776759.9358072
1753776759.9760752
1753776760.0075688
1753776760.0511792
1753776760.0825877
1753776760.1243668
1753776760.1577952
1753776760.1956449
1753776760.2293365
1753776760.2702973
1753776760.3056207
1753776760.349304
1753776760.3934007
1753776760.4353085
1753776760.4783359
1753776760.5174258
1753776760.5515609
1753776760.600415
1753776760.6506832
1753776760.708558
1753776760.7466798
1753776760.7996778
1753776760.8415587
1753776760.900515
1753776760.964271
1753776761.011994
1753776761.0569816
1753776761.1051524
1753776761.1414325
1753776761.1858456
1753776761.2137883
1753776761.2567742
1753776761.284483
1753776761.3397424
1753776761.3671188
1753776761.4131527
1753776761.4387462
1753776761.468793
1753776761.478018
1753776761.5251577
1753776761.563894
1753776761.6081834
1753776761.6494374
1753776761.6948078
1753776761.7351751
1753776761.7818098
1753776761.8282907
1753776761.867383
1753776761.9145303
1753776761.954276
1753776761.9926786
1753776762.0394647
1753776762.0948164
1753776762.1344368
1753776762.1763554
1753776762.2127304
1753776762.2562191
1753776762.293097
1753776762.3370008
1753776762.3782322
1753776762.4255798
1753776762.4673176
1753776762.5084653
1753776762.558415
1753776762.5992806
1753776762.6423244
1753776762.681516
1753776762.723457
1753776762.7598898
1753776762.8068244
1753776762.8481445
1753776762.8863378
1753776762.9292293
1753776762.9715207
1753776763.0073853
1753776763.0545802
1753776763.0937448
1753776763.1377075
1753776763.177921
1753776763.2145355
1753776763.2583401
1753776763.2999473
1753776763.3366854
1753776763.3781178
1753776763.4190223
1753776763.455157
1753776763.4965017
1753776763.53661
1753776763.5729573
1753776763.6145957
1753776763.650202
1753776763.6939485
1753776763.7353737
1753776763.7712176
1753776763.8127296
1753776763.8510349
1753776763.8975658
1753776763.9407897
1753776763.9761498
1753776764.0175204
1753776764.0564554
1753776764.0896778
1753776764.1289937
1753776764.1645365
1753776764.2058516
1753776764.248006
1753776764.2832704
1753776764.3249907
1753776764.3655076
1753776764.40172
1753776764.4422526
1753776764.477343
1753776764.5232756
1753776764.5661106
1753776764.6016328
1753776764.6416209
1753776764.681961
1753776764.7216587
1753776764.7587986
1753776764.807921
1753776764.848828
1753776764.8942547
1753776764.9354765
1753776764.9705727
1753776765.0130668
1753776765.0521054
1753776765.0844257
1753776765.1227663
1753776765.156031
1753777562.4373248
1753777562.481097
1753777562.507497
1753777562.5484724
1753777562.572277
1753777562.6070352
1753777562.6314156
1753777562.671442
1753777562.698695
1753777562.7352927
1753777562.7818646
1753777562.8071394
1753777562.844265
1753777562.867768
1753777562.8905706
1753777562.9143436
1753777562.9507728
1753777562.9738376
1753777563.0011308
1753777563.0392253
1753777563.0636995
1753777563.1015043
1753777563.127459
1753777563.1694517
1753777563.19505
1753777563.236954
1753777563.265729
1753777563.3097231
1753777563.334979
1753777563.3737035
1753777563.400702
1753777563.4444668
1753777563.4664571
1753777563.5067954
1753777563.5346458
1753777563.5748081
1753777563.5995917
1753777563.636091
1753777563.6597438
1753777563.6886768
1753777563.7422152
1753777563.7679322
1753777563.8068597
1753777563.8452702
1753777563.868726
1753777563.9085207
1753777563.9369802
1753777563.9762905
1753777563.9991803
1753777564.0348678
1753777564.0592592
1753777564.1050546
1753777564.129928
1753777564.1700165
1753777564.1948614
1753777564.233056
1753777564.2603064
1753777564.3010015
1753777564.3276281
1753777564.3648036
1753777564.3890154
1753777564.429971
1753777564.4655726
1753777564.487226
1753777564.5165844
1753777564.5569198
1753777564.582774
1753777564.6204982
1753777564.6477985
1753777564.6777363
1753777564.7181785
1753777564.7466724
1753777564.7847228
1753777564.8138592
1753777564.8426554
1753777564.8817098
1753777564.909127
1753777564.9544675
1753777564.9835343
1753777565.0259628
1753777565.065636
1753777565.114155
1753777565.1463172
1753777565.182732
1753777565.2088716
1753777565.252716
1753777565.286598
1753777565.3301601
1753777565.3601508
1753777565.4013324
1753777565.4299967
1753777565.4670887
1753777565.5014734
1753777565.52567
1753777565.564469
1753777565.601411
1753777565.6307642
1753777565.6683085
1753777565.6962552
1753777565.7328305
1753777565.7692323
1753777565.7965558
1753777565.825151
1753777565.8629415
1753777565.9007413
1753777565.9282188
1753777565.9644353
1753777565.9973397
1753777566.0261507
1753777566.0631647
1753777566.0933368
1753777566.129041
1753777566.1579823
1753777566.195362
1753777566.2239685
1753777566.2645843
1753777566.3087428
1753777566.3491437
1753777566.3863156
1753777566.4247587
1753777566.4540164
1753777566.4924786
1753777566.5203836
1753777566.5589879
1753777566.599862
1753777566.6270773
1753777566.6555185
1753777566.698898
1753777566.7300458
1753777566.773798
1753777566.8087382
1753777566.854205
1753777566.8838794
1753777566.9242373
1753777566.9554932
1753777566.9967358
1753777567.0226645
1753777567.0640652
1753777567.090633
1753777567.1372132
1753777567.1656752
1753777567.2208643
1753777567.2476923
1753777567.2861934
1753777567.3132365
1753777567.3597913
1753777567.3886847
1753777567.4270005
1753777567.4579532
1753777567.489326
1753777567.5177977
1753777567.5475922
1753777567.5554862
1753777567.5845356
1753777567.6240852
1753777567.652253
1753777567.6801226
1753777567.7180214
1753777567.745668
1753777567.7841086
1753777567.8117955
1753777567.8553848
1753777567.8932145
1753777567.9476788
1753777567.9930422
1753777568.0518243
1753777568.0853617
1753777568.129978
1753777568.159674
1753777568.202525
1753777568.232924
1753777568.270648
1753777568.2975698
1753777568.3383002
1753777568.3687875
1753777568.410056
1753777568.4391224
1753777568.4883697
1753777568.5198355
1753777568.5706232
1753777568.6196327
1753777568.694244
1753777568.737118
1753777568.782937
1753777568.8274639
1753777568.8700342
1753777568.9335089
1753777568.9849374
1753777569.0288756
1753777569.076001
1753777569.1090949
1753777569.1493442
1753777569.1797688
1753777569.2282107
1753777569.2960763
1753777569.3765836
1753777569.4431615
1753777569.482702
1753777569.5568593
1753777569.6243384
1753777569.6795013
1753777569.7534614
1753777569.782023
1753777569.8324316
1753777569.8619153
1753777569.9108605
1753777569.9597461
1753777570.0318022
1753777570.0785685
1753777570.1327872
1753777570.1485105
1753777570.2313423
1753777570.3077757
1753777570.3874605
1753777570.4514017
1753777570.5339055
1753777570.600352
1753777570.6649418
1753777570.734776
1753777570.7968638
1753777570.8519385
1753777570.9084883
1753777570.9667034
1753777571.0472388
1753777571.1047406
1753777571.1632314
1753777571.2179923
1753777571.2708368
1753777571.3372982
1753777571.3941803
1753777571.4699104
1753777571.5307603
1753777571.588995
1753777571.6537845
1753777571.704875
1753777571.7658496
1753777571.8210692
1753777571.8876395
1753777571.9479697
1753777572.0316472
1753777572.0810127
1753777572.1493943
1753777572.2290292
1753777572.2994168
1753777572.3744438
1753777572.4370291
1753777572.5006347
1753777572.5712686
1753777572.6189382
1753777572.6940362
1753777572.7578607
1753777572.8068457
1753777572.861837
1753777572.913719
1753777572.955926
1753777573.0208216
1753777573.0867782
1753777573.1483252
1753777573.2141964
1753777573.2789319
1753777573.3222342
1753777573.3760433
1753777573.4287167
1753777573.4943123
1753777573.5403109
1753777573.5900521
1753777573.645311
1753777573.7039514
1753777573.7988734
1753777573.8713179
1753777573.9259179
1753777573.9880483
1753777574.0420442
1753777574.1061616
1753777574.1848013
1753777574.259809
1753777574.352799
1753777574.4177518
1753777574.4673195
1753777574.5399551
1753777574.6041903
1753777574.6566188
1753777574.7114317
1753777574.764169
1753777574.8247755
1753777574.9024105
1753777574.9682019
1753777575.0403306
1753777575.1080365
1753777575.1690588
1753777575.2213573
1753777575.2810073
1753777575.3348331
1753777575.3937674
1753777575.4605486
1753777575.5209763
1753777575.5820982
1753777575.6352308
1753777575.6822782
1753777575.7392476
1753777575.7829914
