1753183654.4660134
1753183654.4899583
1753183654.521304
1753183654.5597215
1753183654.5744948
1753183654.6086102
1753183654.6236176
1753183654.6591947
1753183654.6725032
1753183654.7056282
1753183654.718994
1753183654.744104
1753183654.7703488
1753183654.8088439
1753183654.8309135
1753183654.8625388
1753183654.913641
1753183654.9495983
1753183654.9699926
1753183655.004029
1753183655.0301514
1753183655.0578253
1753183655.0864108
1753183655.1120138
1753183655.137529
1753183655.1762233
1753183655.202774
1753183655.2365367
1753183655.265098
1753183655.291242
1753183655.3248608
1753183655.3641443
1753183655.3867433
1753183655.4209435
1753183655.4561865
1753183655.4826584
1753183655.5202312
1753183655.54735
1753183655.573946
1753183655.6084864
1753183655.6330314
1753183655.6663165
1753183655.688379
1753183655.7255363
1753183655.749295
1753183655.775144
1753183655.8005514
1753183655.8238866
1753183655.8528368
1753183655.8885367
1753183655.9134893
1753183655.95081
1753183655.9770558
1753183656.01644
1753183656.0419428
1753183656.0706375
1753183656.0947554
1753183656.1193466
1753183656.140591
1753183656.1606266
1753183656.1805124
1753183656.1992373
1753183656.216192
1753183656.231331
1753183656.2470002
1753183656.267131
1753183656.2904518
1753183656.317555
1753183656.3480046
1753183656.3728898
1753183656.4002483
1753183656.4237344
1753183656.4499176
1753183656.4806576
1753183656.502577
1753183656.5272722
1753183656.5644698
1753183656.5900152
1753183656.6257372
1753183656.6519113
1753183656.6843112
1753183656.7198434
1753183656.7432497
1753183656.7743118
1753183656.7951949
1753183656.8156664
1753183656.835863
1753183656.855747
1753183656.8719726
1753183656.889795
1753183656.905422
1753183656.923187
1753183656.9352934
1753183656.950999
1753183656.9685864
1753183656.9892478
1753183657.0124857
1753183657.0406845
1753183657.057225
1753183657.0860543
1753183657.1087432
1753183657.131019
1753183657.1537719
1753183657.1783597
1753183657.2041986
1753183657.2420442
1753183657.267614
1753183657.2931647
1753183657.328061
1753183657.3536673
1753183657.3807347
1753183657.407773
1753183657.4319909
1753183657.4545581
1753183657.4888318
1753183657.50854
1753183657.5378673
1753183657.5536761
1753183657.5727828
1753183657.60254
1753183657.618519
1753183657.639959
1753183657.6564436
1753183657.691139
1753183657.7113192
1753183657.7480376
1753183657.7661555
1753183657.789005
1753183657.8114133
1753183657.834489
1753183657.861565
1753183657.8862846
1753183657.9205287
1753183657.9466598
1753183657.9842842
1753183658.0117238
1753183658.0460203
1753183658.085155
1753183658.1125133
1753183658.1473634
1753183658.175957
1753183658.215217
1753183658.2439501
1753183658.2823129
1753183658.3109236
1753183658.3474967
1753183658.3750167
1753183658.4013035
1753183658.4313662
1753183658.4671361
1753183658.4942853
1753183658.5313287
1753183658.55524
1753183658.594741
1753183658.6296043
1753183658.660251
1753183658.7002063
1753183658.7347474
1753183658.7635128
1753183658.8000627
1753183658.8291457
1753183658.8697248
1753183658.9037492
1753183658.9326997
1753183658.9685202
1753183658.9952478
1753183659.031335
1753183659.064539
1753183659.0923395
1753183659.1303415
1753183659.1616516
1753183659.189135
1753183659.2266505
1753183659.2548335
1753183659.2895732
1753183659.3187122
1753183659.3600125
1753183659.3978434
1753183659.4284291
1753183659.4664397
1753183659.4935305
1753183659.529324
1753183659.5600111
1753183659.5877042
1753183659.6259584
1753183659.6601145
1753183659.6910686
1753183659.7273521
1753183659.7558494
1753183659.7920523
1753183659.8190904
1753183659.8560283
1753183659.8906412
1753183659.9296696
1753183659.9594293
1753183659.9967713
1753183660.0328038
1753183660.0605445
1753183660.0961158
1753183660.1239848
1753183660.1621015
1753183660.196229
1753183660.2250865
1753183660.2610624
1753183660.2881503
1753183660.3240414
1753183660.351177
1753183660.387728
1753183660.4139845
1753183660.4492295
1753183660.4828742
1753183660.5084379
1753183660.5359383
1753183660.572294
1753183660.6003983
1753183660.6362734
1753183660.6630678
1753183660.6978388
1753183660.723899
1753183660.7583332
1753183660.7844667
1753183660.8234794
1753183660.848212
1753183660.8835547
1753183660.9076126
1753183660.941061
1753183660.9660618
1753183660.9997787
1753183661.0225644
1753183661.0494125
1753183661.0749602
1753183661.1005192
1753183661.138343
1753183661.1627264
1753183661.1972106
1753183661.2225454
1753183661.2478378
1753183661.283601
1753183661.3091056
1753183661.3450072
1753183661.3704479
1753183661.3792775
1753183661.410203
1753183661.4474924
1753183661.471577
1753183661.5066
1753183661.5338922
1753183661.562651
1753183661.5988336
1753183661.6267233
1753183661.6547675
1753183661.69331
1753183661.719587
1753183661.7515395
1753183661.7849627
1753183661.824091
1753183661.8501484
1753183661.8769474
1753183661.9039395
1753183661.9435396
1753183661.969573
1753183662.0071425
1753183662.0327241
1753183662.0684419
1753183662.0942857
1753183662.1306496
1753183662.1643248
1753183662.2038012
1753183662.2299094
1753183662.2664711
1753183662.29384
1753183662.3291285
1753183662.3614733
1753183662.387092
1753183662.4198701
1753183662.4540675
1753183662.498254
1753183662.527334
1753183662.564692
1753183662.5967975
1753183662.634066
1753183662.6614223
1753183662.6870272
1753183662.7274806
1753183662.7488983
1753183662.7772841
1753183662.819989
1753183662.835794
1753183662.8629167
1753183662.890914
1753183662.9182596
1753183662.9479501
1753183662.9799073
1753183663.016043
1753183663.051728
1753183663.0890658
1753183663.1177208
1753183663.1502857
1753183663.1784008
1753183663.2140474
