1753183761.2510688
1753183761.2691758
1753183761.3084545
1753183761.3558617
1753183761.384087
1753183761.441465
1753183761.491784
1753183761.5375428
1753183761.5778816
1753183761.6869342
1753183761.7792642
1753183761.8347368
1753183761.9367287
1753183761.9848387
1753183762.0266654
1753183762.061194
1753183762.1039586
1753183762.1297956
1753183762.1560042
1753183762.1928704
1753183762.2163367
1753183762.2558367
1753183762.2853553
1753183762.322137
1753183762.3490148
1753183762.3956826
1753183762.42345
1753183762.4637406
1753183762.496863
1753183762.569006
1753183762.6134946
1753183762.677919
1753183762.7095668
1753183762.7584414
1753183762.7922819
1753183762.890312
1753183762.925929
1753183762.9724095
1753183763.004274
1753183763.0392458
1753183763.1584
1753183763.2118309
1753183763.2613559
1753183763.325117
1753183763.3764021
1753183763.457576
1753183763.5055854
1753183763.5568666
1753183763.5842485
1753183763.6219366
1753183763.644349
1753183763.685673
1753183763.712272
1753183763.75156
1753183763.7790613
1753183763.8195999
1753183763.8470058
1753183763.8833623
1753183763.907396
1753183763.945366
1753183763.9725602
1753183764.0191844
1753183764.0515816
1753183764.0731504
1753183764.1050715
1753183764.1521351
1753183764.1825535
1753183764.2262208
1753183764.2535179
1753183764.2813232
1753183764.3197815
1753183764.3541117
1753183764.395534
1753183764.4254403
1753183764.4601927
1753183764.5123115
1753183764.5522575
1753183764.5914927
1753183764.6180685
1753183764.6565824
1753183764.6836932
1753183764.7216194
1753183764.7481494
1753183764.7917209
1753183764.8201377
1753183764.8651273
1753183764.8919384
1753183764.9354846
1753183764.9775743
1753183765.0157678
1753183765.0422575
1753183765.0832024
1753183765.1156213
1753183765.1397202
1753183765.1784668
1753183765.213489
1753183765.2419164
1753183765.2808743
1753183765.3079088
1753183765.344926
1753183765.3828704
1753183765.4094603
1753183765.4351368
1753183765.470751
1753183765.5055833
1753183765.53263
1753183765.5798593
1753183765.6102223
1753183765.6377459
1753183765.6737838
1753183765.7003083
1753183765.738131
1753183765.764554
1753183765.8035755
1753183765.8313167
1753183765.8748825
1753183765.9165287
1753183765.9446692
1753183765.9845715
1753183766.023925
1753183766.0504556
1753183766.08749
1753183766.1112337
1753183766.1519582
1753183766.1878135
1753183766.2236838
1753183766.2684326
1753183766.3072443
1753183766.3318114
1753183766.3612473
1753183766.3906863
1753183766.4293044
1753183766.459717
1753183766.4986606
1753183766.5229042
1753183766.5576186
1753183766.583216
1753183766.6231844
1753183766.646265
1753183766.6815958
1753183766.715078
1753183766.7598543
1753183766.7916973
1753183766.841106
1753183766.8668482
1753183766.9069455
1753183766.9352424
1753183766.976949
1753183767.0206783
1753183767.0469363
1753183767.0722158
1753183767.1042237
1753183767.118589
1753183767.147027
1753183767.1810389
1753183767.2093232
1753183767.2367418
1753183767.2769558
1753183767.3031192
1753183767.3381765
1753183767.3639078
1753183767.4000375
1753183767.4259298
1753183767.4652455
1753183767.4934096
1753183767.5329077
1753183767.5594037
1753183767.605264
1753183767.6342201
1753183767.6779752
1753183767.7085083
1753183767.7436948
1753183767.7688057
1753183764.8696861
1753183764.8962395
1753183764.9384847
1753183764.9662125
1753183765.0037558
1753183765.0333202
1753183765.0786443
1753183765.1097107
1753183765.1505122
1753183765.176512
1753183765.222664
1753183765.2624645
1753183765.2906544
1753183765.3277695
1753183765.3611503
1753183765.3871458
1753183765.438897
1753183765.483718
1753183765.531309
1753183765.5573995
1753183765.596089
1753183765.6224422
1753183765.6564915
1753183765.6906002
1753183765.7175949
1753183765.7534468
1753183765.791565
1753183765.8177202
1753183765.8511403
1753183765.8706725
1753183765.903776
1753183765.9252524
1753183765.9575107
1753183765.9768052
1753183766.0080943
1753183766.0275402
1753183766.0498598
1753183766.0758657
1753183766.1150632
1753183766.122173
1753183766.158484
1753183766.1942487
1753183766.2314034
1753183766.2670317
1753183766.3022559
1753183766.3379726
1753183766.3734398
1753183766.404831
1753183766.434128
1753183766.4738185
1753183766.510871
1753183766.5476465
1753183766.5798094
1753183766.6193259
1753183766.6550076
1753183766.692258
1753183766.7259977
1753183766.762078
1753183766.7979047
1753183766.83188
1753183766.8655953
1753183766.9018664
1753183766.9438384
1753183766.9828212
1753183767.054118
1753183767.0943587
1753183767.1368885
1753183767.1659925
1753183767.1746762
1753183767.2136614
1753183767.254119
1753183767.295124
1753183767.3316872
1753183767.3672416
1753183767.405231
1753183767.4413607
1753183767.4780295
1753183767.5139542
1753183767.5535138
1753183767.5902045
1753183767.6241314
1753183767.6609848
1753183767.7005553
1753183767.736651
1753183767.7726681
1753183767.8081167
1753183767.850781
1753183767.8870254
1753183767.921607
1753183767.9600587
1753183768.0019894
1753183768.039623
1753183768.0746825
1753183768.1108184
1753183768.152194
1753183768.1909008
1753183768.2297404
1753183768.2671294
1753183768.3107195
1753183768.344174
1753183768.377981
1753183768.4174414
1753183768.4563057
1753183768.493313
1753183768.527563
1753183768.5670128
1753183768.60386
1753183768.6395898
1753183768.6766102
1753183768.717458
1753183768.755652
1753183768.799928
1753183768.8382304
1753183768.8790088
1753183768.921278
1753183768.9604685
1753183768.999237
1753183769.0303535
1753183769.0769286
1753183769.1185672
1753183769.161117
1753183769.196066
1753183769.2339823
1753183769.2726817
1753183769.3092952
1753183769.342535
1753183769.3799396
