1753774043.3228185
1753774043.3729591
1753774043.403939
1753774043.4436703
1753774043.4784615
1753774043.5171723
1753774043.5535493
1753774043.584521
1753774043.6250033
1753774043.6617143
1753774043.6925175
1753774043.7316194
1753774043.772371
1753774043.803236
1753774043.8431797
1753774043.8730252
1753774043.90948
1753774043.9430695
1753774043.9853144
1753774044.0165253
1753774044.05486
1753774044.0934372
1753774044.12553
1753774044.1631293
1753774044.2001042
1753774044.2332861
1753774044.2695007
1753774044.3056924
1753774044.3369045
1753774044.3772771
1753774044.4120994
1753774044.4408803
1753774044.4765632
1753774044.5167062
1753774044.5478225
1753774044.583551
1753774044.6189172
1753774044.6513157
1753774044.6930997
1753774044.731165
1753774044.7632594
1753774044.8000805
1753774044.8322651
1753774044.8709106
1753774044.9088318
1753774044.9402406
1753774044.975373
1753774045.0042956
1753774045.0407798
1753774045.0762742
1753774045.1060827
1753774045.1402044
1753774045.1699398
1753774045.2102203
1753774045.2492716
1753774045.279287
1753774045.3264573
1753774045.3789954
1753774045.4080136
1753774045.434166
1753774045.442553
1753774045.473137
1753774045.5020344
1753774045.539172
1753774045.5691879
1753774045.605105
1753774045.6409423
1753774045.6716835
1753774045.7064953
1753774045.7459369
1753774045.7780023
1753774045.8119414
1753774045.8484735
1753774045.8897634
1753774045.9266193
1753774045.957728
1753774045.9932926
1753774046.0307186
1753774046.0634737
1753774046.0966284
1753774046.125726
1753774046.1656058
1753774046.1958916
1753774046.226688
1753774046.2549675
1753774046.2978675
1753774046.3365614
1753774046.3747284
1753774046.4135103
1753774046.4504795
1753774046.485846
1753774046.5245483
1753774046.5631027
1753774046.5940595
1753774046.6362584
1753774046.6740818
1753774046.709646
1753774046.747768
1753774046.7827659
1753774046.8200135
1753774046.8614085
1753774046.8933396
1753774046.9274616
1753774046.9591088
1753774046.996542
1753774047.0258467
1753774047.0536628
1753774047.0912616
1753774047.132569
1753774047.1647074
1753774047.202207
1753774047.2388375
1753774047.2732892
1753774047.310429
1753774047.3491745
1753774047.3780942
1753774047.4155612
1753774047.451795
1753774047.4821498
1753774047.5129027
1753774047.5449488
1753774047.5810447
1753774047.6083791
1753774047.6474092
1753774047.6792884
1753774047.7184932
1753774047.7488632
1753774047.785665
1753774047.8169162
1753774047.8568935
1753774047.8857625
1753774047.9162054
1753774047.9692404
1753774048.0113144
1753774048.0401323
1753774048.079004
1753774048.1153893
1753774048.1452074
1753774048.18078
1753774048.2110178
1753774048.237052
1753774048.2606344
1753774048.2902462
1753774048.317816
1753774048.3444066
1753774048.370476
1753774048.3971536
1753774048.437561
1753774048.4599242
1753774048.4958005
1753774048.519177
1753774048.5410452
1753774048.549625
1753774048.5773678
1753774048.6005619
1753774048.6369045
1753774048.6594334
1753774048.6952813
1753774048.7195015
1753774048.7599144
1753774048.784669
1753774048.8234382
1753774048.84332
1753774048.8806622
1753774048.9000084
1753774048.9478257
1753774048.9645636
1753774048.9863186
1753774049.0084467
1753774049.0291204
1753774049.0481625
1753774049.0680215
1753774049.088153
1753774049.121445
1753774049.1392605
1753774049.1756856
1753774049.1934807
1753774049.2146134
1753774049.2391326
1753774049.2751455
1753774049.2933342
1753774049.3288448
1753774049.3437443
1753774049.3787708
1753774049.4010835
1753774049.4377575
1753774049.4598355
1753774049.4831972
1753774049.5079868
1753774049.5320134
1753774049.5581658
1753774049.5834591
1753774049.607546
1753774049.6310835
1753774049.6520596
1753774049.6741438
1753774049.695962
1753774049.7155344
1753774049.7361176
1753774049.77156
1753774049.7884853
1753774049.8080952
1753774049.8405163
1753774049.8567882
1753774049.8831713
1753774049.9133315
1753774049.93503
1753774049.9564207
1753774049.9771998
1753774049.9985697
1753774050.0204258
1753774050.0433574
1753774050.0618298
1753774050.0866218
1753774050.1109416
1753774050.1374032
1753774050.1620955
1753774050.18736
1753774050.2120051
1753774050.2377505
1753774050.2630231
1753774050.2888253
1753774050.3166246
1753774050.35607
1753774050.382508
1753774050.419144
1753774050.4446654
1753774050.4823146
1753774050.5091453
1753774050.5507438
1753774050.5775776
1753774050.6142044
1753774050.6424036
1753774050.6707113
1753774050.706597
1753774050.7326286
1753774050.769225
1753774050.7982004
1753774050.8363805
1753774050.874993
1753774050.904273
1753774050.944969
1753774050.9806468
1753774051.0073876
1753774051.0365903
1753774051.0745938
1753774051.1034076
1753774051.143295
1753774051.1750984
1753774051.2141688
1753774051.2580187
1753774051.2876537
1753774051.3309267
1753774051.3693707
1753774051.400902
1753774051.4392774
1753774051.4729595
1753774051.5114172
1753774051.540796
1753774051.582002
1753774051.6192007
1753774051.6488242
1753774051.6869867
1753774051.7297344
1753774051.759598
1753774051.8020928
1753774051.8384037
1753774051.867897
1753774051.905822
1753774051.9478004
1753774051.9758418
1753774052.0184991
1753774052.0532117
1753774052.079181
1753774052.1183493
1753774052.1641555
1753774052.1918137
1753774052.2281132
1753774052.2592292
1753774052.2958295
1753774052.3236861
1753774052.3593662
1753774052.389171
1753774052.4270573
1753774052.4686096
1753774052.4957652
1753774052.5334218
1753774052.5619283
1753774052.6031592
1753774052.6315982
1753774052.669408
1753774052.6993527
1753774052.740601
1753774052.7678068
1753774052.7980902
1753774052.8499644
1753774052.8881447
1753774052.915619
1753774052.941432
1753774052.9806335
1753774826.9561129
1753774827.0334744
1753774827.068692
1753774827.1177413
1753774827.1585336
1753774827.2017062
1753774827.2357202
1753774827.2692215
1753774827.3085587
1753774827.3497567
1753774827.3838727
1753774827.424813
1753774827.463568
1753774827.4956732
1753774827.533995
1753774827.5678124
1753774827.611181
1753774827.6495843
1753774827.6955266
1753774827.7315602
1753774827.775807
1753774827.8167844
1753774827.8607726
1753774827.9117763
1753774827.9658608
1753774828.005764
1753774828.0580943
1753774828.1115794
1753774828.154307
1753774828.205596
1753774828.2542753
1753774828.31162
1753774828.3630784
1753774828.4360337
1753774828.4944954
1753774828.557889
1753774828.6040008
1753774828.6517012
1753774828.700055
1753774828.7558985
1753774828.8061078
1753774828.8630512
1753774828.9127417
1753774828.9741294
1753774829.0293796
1753774829.0663323
1753774829.105634
1753774829.1433656
1753774829.186293
1753774829.2343955
1753774829.2701437
1753774829.3100376
1753774829.349021
1753774829.3925707
1753774829.4336174
1753774829.466981
1753774829.5089486
1753774829.559092
1753774829.5981703
1753774829.63213
1753774829.6443784
1753774826.740857
1753774826.7725952
1753774826.8205147
1753774826.8586895
1753774826.9361243
1753774826.99362
1753774827.099163
1753774827.2220695
1753774827.2804809
1753774827.3283336
1753774827.396713
1753774827.4749243
1753774827.5429525
1753774827.5905483
1753774827.6384418
1753774827.7150207
1753774827.7864182
1753774827.8492727
1753774827.9130127
1753774827.9655492
1753774828.0140803
1753774828.050304
1753774828.086578
1753774828.1168482
1753774828.1582072
1753774828.195445
1753774828.227892
1753774828.2669249
1753774828.3047643
1753774828.3363073
1753774828.375653
1753774828.4120767
1753774828.4430356
1753774828.4827545
1753774828.5315242
1753774828.563155
1753774828.6032276
1753774828.6475878
1753774828.6909115
1753774828.7336342
1753774828.772401
1753774828.811398
1753774828.8483624
1753774828.8914328
1753774828.9288795
1753774828.9643872
1753774829.0250227
1753774829.065911
1753774829.1005318
1753774829.1406753
1753774829.1942852
1753774829.2286599
1753774829.2668922
1753774829.3055735
1753774829.338635
1753774829.3809707
1753774829.4185328
1753774829.4505053
1753774829.4798882
1753774829.5103633
1753774829.551175
1753774829.5788836
1753774829.620367
1753774829.6544664
1753774829.6974776
1753774829.7296286
1753774829.7684639
1753774829.801306
1753774829.8399272
1753774829.8733525
1753774829.9087496
1753774829.957988
1753774830.0074773
1753774830.0519068
1753774830.0956576
1753774830.1394
1753774830.177999
1753774830.217025
1753774830.2462342
1753774830.2740915
1753774830.3000722
1753774830.3300965
1753774830.358759
1753774830.389959
1753774830.4179246
1753774830.444351
1753774830.484183
1753774830.508255
1753774830.5478554
1753774830.578738
1753774830.6054797
1753774830.6153002
1753774830.6452897
1753774830.6782193
1753774830.7294996
1753774830.7593307
1753774830.7960026
1753774830.8208263
1753774830.8624637
1753774830.886671
1753774830.9258084
1753774830.9462786
1753774830.9825943
1753774831.000052
1753774831.0403292
1753774831.0589294
1753774831.0836914
1753774831.105856
1753774831.1274602
1753774831.148073
1753774831.1716979
1753774831.1936018
1753774831.232618
1753774831.251665
1753774831.2868965
1753774831.3061972
1753774831.3285072
1753774831.3534467
1753774831.3946457
1753774831.4199991
1753774831.4666767
1753774831.486199
1753774831.5222256
1753774831.5436528
1753774831.5806975
1753774831.6021698
1753774831.6260538
1753774831.65254
1753774831.681083
1753774831.7076447
1753774831.7358015
1753774831.7631931
1753774831.789702
1753774831.8109446
1753774831.8326154
1753774831.8547382
1753774831.875498
1753774831.8972886
1753774831.9314795
1753774831.9496443
1753774831.9704096
1753774832.002034
1753774832.0199566
1753774832.0415542
1753774832.0672088
1753774832.0902114
1753774832.1140144
1753774832.13631
1753774832.1590557
1753774832.1837986
1753774832.2082005
1753774832.2290535
1753774832.2550313
1753774832.2814198
1753774832.3080254
1753774832.336978
1753774832.3631647
1753774832.3906739
1753774832.4169085
1753774832.4445965
1753774832.4726603
1753774832.5030484
1753774832.542862
1753774832.5699425
1753774832.6095347
1753774832.635866
1753774832.6731265
1753774832.702258
1753774832.7438557
1753774832.7718136
1753774832.8138547
1753774832.8422906
1753774832.8721905
1753774832.914833
1753774832.944027
1753774832.98384
1753774833.0124824
1753774833.0582695
1753774833.10026
1753774833.1310787
1753774833.1702945
1753774833.21062
1753774833.238118
1753774833.266183
1753774833.3050997
1753774833.336155
1753774833.3775413
1753774833.4074876
1753774833.4464576
1753774833.4925723
1753774833.5240226
1753774833.5704727
1753774833.6135538
1753774833.643859
1753774833.681472
1753774833.7116199
1753774833.753344
1753774833.7842062
1753774833.829083
1753774833.8683481
1753774833.9003015
1753774833.9392843
1753774833.9840379
1753774834.015275
1753774834.055019
1753774834.0992134
1753774834.1459332
1753774834.218773
1753774834.280601
1753774834.3135955
1753774834.3550837
1753774834.390206
1753774834.4164693
1753774834.457411
1753774834.5052798
1753774834.538138
1753774834.586478
1753774834.6236103
1753774834.6797886
1753774834.709963
1753774834.7564013
1753774834.7870848
1753774834.8262553
1753774834.8751101
1753774834.9050844
1753774834.942991
1753774834.9743934
1753774835.0189455
1753774835.0481393
1753774835.086747
1753774835.1167495
1753774835.1534889
1753774835.1820793
1753774835.2112906
1753774835.2574782
1753774835.2985034
1753774835.3367286
1753774835.366777
1753774835.4087794
1753775384.7751253
1753775385.155638
1753775385.2506218
1753775385.3607159
1753775385.4754748
1753775385.6171932
1753775385.6546965
1753775385.7118473
1753775385.8367555
1753775385.8944566
1753775385.936138
1753775385.9858706
1753775386.040711
1753775386.0774772
1753775386.117183
1753775386.1549437
1753775386.2063212
1753775386.2647712
1753775386.3267617
1753775386.3746576
1753775386.4319012
1753775386.4873936
1753775386.5367856
1753775386.5861886
1753775386.639968
1753775386.6864913
1753775386.7338552
1753775386.7813356
1753775386.8213696
1753775386.8675663
1753775386.91627
1753775386.9529402
1753775386.9952831
1753775387.0465386
1753775387.0849884
1753775387.1305509
1753775387.177198
1753775387.2201715
1753775387.2745674
1753775387.3345244
1753775387.375359
1753775387.419265
1753775387.4579868
1753775387.5024252
1753775387.544107
1753775387.5838785
1753775387.6355033
1753775387.6771865
1753775387.7241013
1753775387.766529
1753775387.802914
1753775387.8479373
1753775387.8906124
1753775387.9408906
1753775387.9874473
1753775388.0303895
1753775388.0770416
1753775388.132665
1753775388.1683924
1753775388.2035418
1753775388.215236
1753775388.2507493
1753775388.2822728
1753775388.3235784
1753775388.358604
1753775388.4078221
1753775388.473455
1753775388.5393255
1753775388.6031346
1753775388.6599224
1753775388.7111342
1753775388.7599342
1753775388.8063493
1753775388.866569
1753775388.9241695
1753775388.9703362
1753775389.0235603
1753775389.0722928
1753775389.1156995
1753775389.164642
1753775389.228857
1753775389.288811
1753775389.3321931
1753775389.4081204
1753775389.4673095
1753775389.5294828
1753775389.5906963
1753775389.6363435
1753775389.6855907
1753775389.728046
1753775389.7665236
1753775389.8141823
1753775389.8578076
1753775389.8979044
1753775389.9459653
1753775389.998822
1753775390.0450876
1753775390.0936463
1753775390.1422148
1753775390.1911345
1753775390.2386982
1753775390.2766314
1753775390.3355112
1753775390.4072292
1753775390.4718714
1753775390.5150692
1753775390.5641513
1753775390.626933
1753775390.6903975
1753775390.7422426
1753775390.8009665
1753775390.854325
1753775387.9355314
1753775387.9782116
1753775388.0213108
1753775388.057504
1753775388.0999768
1753775388.1477327
1753775388.1959748
1753775388.2347758
1753775388.2738822
1753775388.3221161
1753775388.3543084
1753775388.4009354
1753775388.4430175
1753775388.4936657
1753775388.5362985
1753775388.5828328
1753775388.618868
1753775388.66096
1753775388.6952775
1753775388.7296715
1753775388.780638
1753775388.8381999
1753775388.887713
1753775388.9545856
1753775389.0123453
1753775389.053474
1753775389.1024055
1753775389.1363082
1753775389.1693466
1753775389.2022688
1753775389.2421227
1753775389.2788827
1753775389.3175275
1753775389.3548434
1753775389.394733
1753775389.4540584
1753775389.4924276
1753775389.5580313
1753775389.6106107
1753775389.655716
1753775389.675407
1753775389.7463105
1753775389.7941952
1753775389.8525891
1753775389.8931215
1753775389.9492905
1753775389.977331
1753775390.033687
1753775390.0654244
1753775390.1068895
1753775390.134445
1753775390.184808
1753775390.2104409
1753775390.2588098
1753775390.2788901
1753775390.3054712
1753775390.3340566
1753775390.3636746
1753775390.393668
1753775390.4210124
1753775390.4528809
1753775390.4996634
1753775390.5224633
1753775390.566167
1753775390.5906734
1753775390.6170957
1753775390.6483026
1753775390.6984494
1753775390.7238321
1753775390.7669463
1753775390.7862933
1753775390.8308432
1753775390.8583274
1753775390.9054253
1753775390.9309945
1753775390.9626024
1753775390.994415
1753775391.0270467
1753775391.059691
1753775391.1021905
1753775391.1473954
1753775391.1861935
1753775391.2210457
1753775391.2548902
1753775391.2859533
1753775391.3121924
1753775391.3403654
1753775391.3847704
1753775391.4067423
1753775391.4330475
1753775391.4748273
1753775391.4964027
1753775391.5261815
1753775391.5544763
1753775391.5801113
1753775391.604991
1753775391.6288695
1753775391.6564007
1753775391.6830127
1753775391.7100465
1753775391.7317839
1753775391.7632086
1753775391.79163
1753775391.8276112
1753775391.859191
1753775391.890062
1753775391.9188504
1753775391.9538164
1753775391.9867013
1753775392.0235505
1753775392.0562608
1753775392.105625
1753775392.1377006
1753775392.1879086
1753775392.224723
1753775392.2765565
1753775392.3320215
1753775392.3954556
1753775392.4305673
1753775392.4795837
1753775392.5140555
1753775392.5508559
1753775392.603953
1753775392.6380289
1753775392.6857479
1753775392.720344
1753775392.7677808
1753775392.8151712
1753775392.8529387
1753775392.9017026
1753775392.9445076
1753775392.9786947
1753775393.0108438
1753775393.0564363
1753775393.0898163
1753775393.134283
1753775393.1737723
1753775393.2266314
1753775393.2729073
1753775393.3077998
1753775393.354997
1753775393.4001067
1753775393.4427438
1753775393.4958026
1753775393.5420442
1753775393.5863512
1753775393.6215665
1753775393.6782048
1753775393.7273602
1753775393.7657804
1753775393.8083127
1753775393.8538744
1753775393.8874917
1753775393.9309752
1753775393.972016
1753775394.0084243
1753775394.0519693
1753775394.0926797
1753775394.122446
1753775394.1659036
1753775394.207647
1753775394.2389903
1753775394.2906182
1753775394.3469236
1753775394.389822
1753775394.4404595
1753775394.4768074
1753775394.5220623
1753775394.559224
1753775394.6214
1753775394.6601872
1753775394.7143357
1753775394.766598
1753775394.800763
1753775394.843134
1753775394.8793926
1753775394.9256709
1753775394.9588563
1753775394.9999745
1753775395.0353997
1753775395.085783
1753775395.1200018
1753775395.1520374
1753775395.1969962
1753775395.2395844
1753775395.271718
1753775395.3049657
1753775395.3475623
1753776110.6976526
1753776110.7461815
1753776110.7772949
1753776110.8190856
1753776110.850741
1753776110.8991303
1753776110.9366717
1753776110.9670346
1753776111.0052927
1753776111.0414364
1753776111.073014
1753776111.1113744
1753776111.1512418
1753776111.1838262
1753776111.2281818
1753776111.260856
1753776111.303204
1753776111.3389955
1753776111.381178
1753776111.4141023
1753776111.456077
1753776111.4963505
1753776111.5278351
1753776111.5662475
1753776111.6093051
1753776111.6446264
1753776111.683164
1753776111.7186234
1753776111.7506716
1753776111.7883868
1753776111.8277886
1753776111.8569307
1753776111.8907225
1753776111.925291
1753776111.9541752
1753776111.9929283
1753776112.0306334
1753776112.0631683
1753776112.1048288
1753776112.1424708
1753776112.1737814
1753776112.2095673
1753776112.2422621
1753776112.2814183
1753776112.3191905
1753776112.351131
1753776112.3871806
1753776112.4205148
1753776112.4596121
1753776112.4967291
1753776112.5285745
1753776112.567218
1753776112.6001124
1753776112.6406782
1753776112.680142
1753776112.7117758
1753776112.7535284
1753776112.7940478
1753776112.8246028
1753776112.85503
1753776112.8643248
1753776112.897614
1753776112.9266622
1753776112.9820042
1753776113.026303
1753776113.0746412
1753776113.116847
1753776113.1503215
1753776113.1924236
1753776113.2396946
1753776113.2782311
1753776113.3321958
1753776113.368729
1753776113.4062157
1753776113.4431837
1753776113.4760835
1753776113.5120914
1753776113.5507348
1753776113.584884
1753776113.6246166
1753776113.6565425
1753776113.6961765
1753776113.7275748
1753776113.758463
1753776113.7870455
1753776113.829069
1753776113.8663554
1753776113.8990245
1753776113.9401412
1753776113.977442
1753776114.0112004
1753776114.0499475
1753776114.085818
1753776114.1177146
1753776114.1557214
1753776114.195141
1753776114.2265804
1753776114.2637017
1753776114.2947717
1753776114.3331437
1753776114.3733983
1753776114.4082682
1753776114.4506245
1753776114.4841528
1753776114.5229287
1753776114.5565767
1753776114.5887277
1753776114.6287777
1753776114.6694164
1753776114.7037444
1753776114.7426653
1753776114.7794106
1753776114.8120098
1753776114.8481467
1753776114.8866682
1753776114.9174802
1753776114.9558265
1753776114.9978418
1753776115.0300107
1753776115.0591357
1753776115.0895483
1753776115.1278362
1753776115.1546578
1753776115.1964638
1753776115.2296457
1753776115.2698362
1753776115.3009427
1753776115.3398786
1753776115.371317
1753776115.4098175
1753776115.4393215
1753776115.46761
1753776115.5073307
1753776115.548361
1753776115.5785575
1753776115.6188533
1753776115.665525
1753776115.695898
1753776115.7312753
1753776115.760973
1753776115.7895153
1753776115.8149245
1753776115.8443553
1753776115.8731844
1753776115.902333
1753776115.9266524
1753776115.953147
1753776115.9934576
1753776116.0190024
1753776116.061999
1753776116.087566
1753776116.1106226
1753776116.1195953
1753776116.1471438
1753776116.1744869
1753776116.2103481
1753776116.2332141
1753776116.2709904
1753776116.294312
1753776116.332097
1753776116.3554087
1753776116.3917654
1753776116.4137437
1753776116.45252
1753776116.4701252
1753776116.5064814
1753776116.5240905
1753776116.5493412
1753776116.5736942
1753776116.5987637
1753776116.619018
1753776116.6399143
1753776116.661924
1753776116.6990619
1753776116.7176008
1753776116.7534454
1753776116.7731953
1753776116.794895
1753776116.8198962
1753776116.8581874
1753776116.8774292
1753776116.9119465
1753776116.9279313
1753776116.9651515
1753776116.9872704
1753776117.023699
1753776117.0460527
1753776117.0707135
1753776117.0977657
1753776117.1268733
1753776117.1539586
1753776117.1815393
1753776117.207013
1753776117.2312832
1753776117.252717
1753776117.2775934
1753776117.3084488
1753776117.3314958
1753776117.3535213
1753776117.38838
1753776117.4059753
1753776117.426216
1753776117.4572356
1753776117.4739332
1753776117.494805
1753776117.5191603
1753776117.5415344
1753776117.562986
1753776117.5855615
1753776117.607369
1753776117.6306303
1753776117.6558046
1753776117.676221
1753776117.704319
1753776117.7297285
1753776117.755606
1753776117.7806847
1753776117.8055391
1753776117.8305585
1753776117.8558786
1753776117.883366
1753776117.9109657
1753776117.9408069
1753776117.9816937
1753776118.0128155
1753776118.0514874
1753776118.0810268
1753776118.1305387
1753776118.159714
1753776118.199408
1753776118.2267337
1753776118.2651868
1753776118.2946281
1753776118.3236406
1753776118.363532
1753776118.3928068
1753776118.432016
1753776118.460543
1753776118.5074658
1753776118.5459957
1753776118.5760407
1753776118.6161864
1753776118.655128
1753776118.6837418
1753776118.7139592
1753776118.7546084
1753776118.785429
1753776118.8238695
1753776118.853205
1753776118.8966393
1753776118.9369516
1753776118.9673295
1753776119.008359
1753776119.0476077
1753776119.080537
1753776119.1187763
1753776119.1489465
1753776119.1856773
1753776119.2147229
1753776119.254887
1753776119.2961218
1753776119.3279626
1753776119.367594
1753776119.408566
1753776119.4382906
1753776119.4775903
1753776119.516615
1753776119.5475237
1753776119.5846632
1753776119.6263478
1753776119.6546843
1753776119.69402
1753776119.7301753
1753776119.7586527
1753776119.7990234
1753776119.8401873
1753776119.8679411
1753776119.905342
1753776119.9352455
1753776119.975646
1753776120.0040648
1753776120.0450041
1753776120.0747764
1753776120.113321
1753776120.1581073
1753776120.1864264
1753776120.2229307
1753776120.2520974
1753776120.2934775
1753776120.3288522
1753776120.369577
1753776120.399139
1753776120.4360557
1753776120.4635055
1753776120.4932997
1753776120.5347362
1753776120.5725257
1753776120.6034455
1753776120.6311462
1753776120.673686
1753776789.8554878
1753776789.9356763
1753776789.9867442
1753776790.0437407
1753776790.0773268
1753776790.1163456
1753776790.1497016
1753776790.181003
1753776790.2215288
1753776790.2600033
1753776790.2921073
1753776790.3355315
1753776790.3766809
1753776790.4114196
1753776790.4504557
1753776790.4883044
1753776790.5291584
1753776790.5627084
1753776790.5998976
1753776790.6369224
1753776790.6867208
1753776790.737914
1753776790.771087
1753776790.8091087
1753776790.8538778
1753776790.8872745
1753776790.9268463
1753776790.9667172
1753776791.0039258
1753776791.0500734
1753776791.0986586
1753776791.1360738
1753776791.1743412
1753776791.2155755
1753776791.2487361
1753776791.287762
1753776791.3293202
1753776791.3679574
1753776791.4131823
1753776791.4520175
1753776791.4840367
1753776791.5246851
1753776791.5674548
1753776791.6206117
1753776791.6619043
1753776791.6973891
1753776791.738456
1753776791.7748685
1753776791.813912
1753776791.857698
1753776791.8933783
1753776791.9340358
1753776791.9722748
1753776792.0250087
1753776792.0775445
1753776792.1217737
1753776792.1644232
1753776792.2043126
1753776792.2360249
1753776792.2629685
1753776792.2741697
1753776792.3068032
1753776792.339071
1753776792.3823118
1753776792.4225419
1753776792.4715652
1753776792.5396879
1753776792.5802314
1753776792.6347015
1753776792.6756866
1753776792.7131999
1753776792.7587695
1753776792.8032572
1753776792.857846
1753776792.9009519
1753776792.933134
1753776792.9725606
1753776793.0119913
1753776793.0447013
1753776793.0799184
1753776793.1107838
1753776793.1574068
1753776793.1910648
1753776793.2241085
1753776793.2540176
1753776793.2999089
1753776793.339107
1753776793.3753617
1753776793.4185376
1753776793.4645665
1753776793.5041451
1753776793.5501723
1753776793.5919833
1753776793.6277857
1753776793.6692595
1753776793.7106795
1753776793.746773
1753776793.7979128
1753776793.845674
1753776793.9007146
1753776793.9687626
1753776794.021487
1753776794.0797517
1753776794.116604
1753776794.1622436
1753776794.2002888
1753776794.2359378
1753776794.2849445
1753776794.3274627
1753776794.3613183
1753776794.4028528
1753776794.445409
1753776794.4800858
1753776794.5267866
1753776794.571216
1753776794.6068237
1753776794.6484835
1753776794.6925774
1753776794.7248175
1753776794.7588813
1753776794.789897
1753776794.8336513
1753776794.8676822
1753776794.9136994
1753776794.9488888
1753776794.989175
1753776795.0238566
1753776795.0663166
1753776795.1010616
1753776795.1480575
1753776795.184029
1753776795.2191682
1753776795.2787616
1753776795.3234172
1753776795.3560789
1753776795.399891
1753776795.4446795
1753776795.4774215
1753776795.5171907
1753776795.549428
1753776795.5800033
1753776795.6142864
1753776795.652377
1753776795.6847034
1753776795.7168782
1753776795.7456317
1753776795.7766316
1753776795.8214388
1753776795.8500423
1753776795.893039
1753776795.921549
1753776795.9474468
1753776795.9557483
1753776795.9869125
1753776796.0202262
1753776796.058625
1753776796.0857196
1753776796.1318872
1753776796.1605291
1753776796.2065861
1753776796.2378087
1753776796.2845402
1753776796.3133123
1753776796.3515198
1753776796.3698921
1753776796.407514
1753776796.4257326
1753776796.4513984
1753776796.4752707
1753776796.4971046
1753776796.5182106
1753776796.541452
1753776796.5640564
1753776796.6100087
1753776796.6337736
1753776796.6717327
1753776796.6928074
1753776796.7158332
1753776796.742696
1753776796.783994
1753776796.8052955
1753776796.84075
1753776796.8567572
1753776796.896118
1753776796.9207306
1753776796.966173
1753776796.9898434
1753776797.0164206
1753776797.0430176
1753776797.068734
1753776797.0978065
1753776797.129584
1753776797.159153
1753776797.1874886
1753776797.2109735
1753776797.2340257
1753776797.2592254
1753776797.2831748
1753776797.3081102
1753776797.365151
1753776797.3987627
1753776797.4264693
1753776797.4640584
1753776797.4822855
1753776797.5074077
1753776797.5362632
1753776797.5593476
1753776797.5851223
1753776797.611555
1753776797.6382442
1753776797.6653323
1753776797.69925
1753776797.721249
1753776797.7492266
1753776797.779142
1753776797.8103807
1753776797.8378131
1753776797.8714933
1753776797.8993928
1753776797.9298127
1753776797.9612944
1753776797.9929798
1753776798.0223103
1753776798.080317
1753776798.1146896
1753776798.1546931
1753776798.1831684
1753776798.2267444
1753776798.2547643
1753776798.2988942
1753776798.326605
1753776798.3694634
1753776798.4015982
1753776798.4311101
1753776798.4761057
1753776798.5084717
1753776798.5473568
1753776798.5776062
1753776798.6207936
1753776798.662736
1753776798.6929796
1753776798.735102
1753776798.7865663
1753776798.8137188
1753776798.841681
1753776798.881499
1753776798.9104667
1753776798.9506078
1753776798.991653
1753776799.036042
1753776799.0749128
1753776799.106287
1753776799.1478493
1753776799.1915429
1753776799.2229285
1753776799.2619236
1753776799.296739
1753776799.334298
1753776799.3631344
1753776799.4097056
1753776799.4493465
1753776799.4846432
1753776799.5238361
1753776799.5626316
1753776799.5940554
1753776799.6349936
1753776799.6733549
1753776799.70313
1753776799.743107
1753776799.7856448
1753776799.8154848
1753776799.8595362
1753776799.897969
1753776799.9248192
1753776799.9639423
1753776800.0027227
1753776800.032021
1753776800.078606
1753776800.108384
1753776800.146514
1753776800.1749105
1753776800.2130418
1753776800.243747
1753776800.286733
1753776800.3263006
1753776800.3569424
1753776800.396128
1753776800.4348466
1753776800.4768088
1753776800.508911
1753776800.549644
1753776800.5804229
1753776800.6189187
1753776800.6469665
1753776800.6775095
1753776800.7235422
1753776800.766134
1753776800.795944
1753776800.8261302
1753776800.8664658
1753777609.7448232
1753777609.8099668
1753777609.8427827
1753777609.883997
1753777609.9166155
1753777609.9566252
1753777609.988655
1753777610.0183918
1753777610.0564327
1753777610.0943217
1753777610.1287315
1753777610.1693678
1753777610.2068844
1753777610.238419
1753777610.2766528
1753777610.3116188
1753777610.3504965
1753777610.3849995
1753777610.4253855
1753777610.457503
1753777610.4970338
1753777610.5348735
1753777610.5659246
1753777610.6024618
1753777610.642408
1753777610.6730592
1753777610.7101064
1753777610.7461886
1753777610.779193
1753777610.818632
1753777610.8543048
1753777610.883177
1753777610.9208145
1753777610.9585006
1753777610.9888613
1753777611.0330238
1753777611.0712786
1753777611.1061122
1753777611.1451247
1753777611.1826255
1753777611.212681
1753777611.2472305
1753777611.2791016
1753777611.323421
1753777611.3614464
1753777611.3940666
1753777611.4336383
1753777611.466467
1753777611.5062547
1753777611.5424607
1753777611.572733
1753777611.6084461
1753777611.6397352
1753777611.680794
1753777611.7183387
1753777611.7491596
1753777611.7860389
1753777611.8253233
1753777611.8529332
1753777611.8789024
1753777611.8892972
1753777611.920492
1753777611.9502718
1753777611.986302
1753777612.0151186
1753777612.0478892
1753777612.0838635
1753777612.118812
1753777612.162782
1753777612.198251
1753777612.2293077
1753777612.264431
1753777612.2934325
1753777612.334553
1753777612.3706496
1753777612.4023666
1753777612.4392793
1753777612.4773338
1753777612.5089443
1753777612.5432973
1753777612.5732737
1753777612.61519
1753777612.6467228
1753777612.678915
1753777612.7062278
1753777612.7455373
1753777612.7822082
1753777612.814198
1753777612.8516695
1753777612.8878922
1753777612.9191325
1753777612.9576619
1753777612.99381
1753777613.0266066
1753777613.0673006
1753777613.1038992
1753777613.136463
1753777613.173991
1753777613.2065272
1753777613.2465224
1753777613.2849145
1753777613.3176174
1753777613.3537812
1753777613.385886
1753777613.4208045
1753777613.4543176
1753777613.4877815
1753777613.528539
1753777613.5672197
1753777613.599986
1753777613.6378558
1753777613.675057
1753777613.707936
1753777613.744064
1753777613.780689
1753777613.8112066
1753777613.8499422
1753777613.8883486
1753777613.919979
1753777613.9519308
1753777613.9810061
1753777614.0173275
1753777614.0423715
1753777614.080686
1753777614.1123884
1753777614.1494005
1753777614.1816998
1753777614.2193198
1753777614.2511137
1753777614.2891462
1753777614.3186686
1753777614.3482518
1753777614.389207
1753777614.4286525
1753777614.460904
1753777614.5003016
1753777614.539398
1753777614.5696669
1753777614.6061754
1753777614.6345255
1753777614.661047
1753777614.6875236
1753777614.7179391
1753777614.7457724
1753777614.774226
1753777614.7992008
1753777614.8248777
1753777614.8645046
1753777614.8881707
1753777614.924449
1753777614.949926
1753777614.9755292
1753777614.982861
1753777615.009106
1753777615.036261
1753777615.0712903
1753777615.0937324
1753777615.1300566
1753777615.152506
1753777615.1907513
1753777615.2161503
1753777615.2573316
1753777615.279637
1753777615.3174624
1753777615.334968
1753777615.3714592
1753777615.3893194
1753777615.4116344
1753777615.4338956
1753777615.457161
1753777615.477451
1753777615.499237
1753777615.5214565
1753777615.5616431
1753777615.5813203
1753777615.6167123
1753777615.6357691
1753777615.6572268
1753777615.681893
1753777615.721215
1753777615.7407815
1753777615.7746937
1753777615.7894537
1753777615.8261516
1753777615.8486109
1753777615.8859296
1753777615.9085646
1753777615.9339545
1753777615.9600015
1753777615.9899702
1753777616.0158212
1753777616.0412583
1753777616.0685852
1753777616.0984046
1753777616.1220753
1753777616.144769
1753777616.169002
1753777616.1910439
1753777616.2149785
1753777616.249671
1753777616.2676353
1753777616.2887616
1753777616.320253
1753777616.3370016
1753777616.3591063
1753777616.3836875
1753777616.4051027
1753777616.4282658
1753777616.45147
1753777616.4774616
1753777616.500279
1753777616.5257165
1753777616.545748
1753777616.5746284
1753777616.6005902
1753777616.6284373
1753777616.6543157
1753777616.679681
1753777616.7059038
1753777616.7356505
1753777616.774755
1753777616.8135002
1753777616.8445222
1753777616.8870764
1753777616.9134736
1753777616.9528284
1753777616.9909332
1753777617.0439992
1753777617.080423
1753777617.1292446
1753777617.159089
1753777617.2045472
1753777617.236101
1753777617.2707944
1753777617.321004
1753777617.3695202
1753777617.416113
1753777617.4550583
1753777617.5037699
1753777617.5497851
1753777617.5831616
1753777617.6266365
1753777617.663996
1753777617.6897445
1753777617.7183034
1753777617.7597756
1753777617.7968788
1753777617.8489046
1753777617.8816948
1753777617.9262393
1753777617.9665365
1753777617.9970536
1753777618.055853
1753777618.1086187
1753777618.1507113
1753777618.198368
1753777618.236992
1753777618.2798107
1753777618.3155997
1753777618.3679748
1753777618.4161437
1753777618.4499617
1753777618.4915333
1753777618.537552
1753777618.5698168
1753777618.6110926
1753777618.6518142
1753777618.684394
1753777618.7257593
1753777618.7672374
1753777618.7955568
1753777618.8347144
1753777618.8691802
1753777618.8943532
1753777618.9347558
1753777618.9744112
1753777619.001941
1753777619.038655
1753777619.0688677
1753777619.1074142
1753777619.1397507
1753777619.195596
1753777619.229714
1753777619.2753882
1753777619.3194516
1753777619.3487978
1753777619.3864791
1753777619.416925
1753777619.4591694
1753777619.4883382
1753777616.5617046
1753777616.5924919
1753777616.6414547
1753777616.6694975
1753777616.6966498
1753777616.7329652
1753777616.773115
1753777616.801547
1753777616.829413
1753777622.0753102
