1753769292.002577
1753769292.1023343
1753769292.1692557
1753769292.2558975
1753769292.2985978
1753769292.3357189
1753769292.3806517
1753769292.4051173
1753769292.4485073
1753769292.4740076
1753769292.524851
1753769292.5701008
1753769292.6123445
1753769292.6366837
1753769292.682994
1753769292.7091043
1753769292.7502878
1753769292.7740102
1753769292.8284454
1753769292.85619
1753769292.8976276
1753769292.941467
1753769292.9820907
1753769293.0057495
1753769293.0538266
1753769293.0997555
1753769293.1432278
1753769293.1679344
1753769293.2189698
1753769293.2606845
1753769293.3032446
1753769293.327632
1753769293.3663955
1753769293.391506
1753769293.4453654
1753769293.471002
1753769293.5125988
1753769293.5567708
1753769293.5987122
1753769293.622441
1753769293.672114
1753769293.7177832
1753769293.758423
1753769293.7887406
1753769293.8282218
1753769293.880801
1753769293.9224064
1753769293.9489884
1753769293.9877598
1753769294.0409157
1753769294.0888872
1753769294.121889
1753769294.1758683
1753769294.2192924
1753769294.2607958
1753769294.2854223
1753769294.3230119
1753769294.3463752
1753769294.3717697
1753769294.3816168
1753769294.4239824
1753769294.4604971
1753769294.5018737
1753769294.526906
1753769294.567945
1753769294.605869
1753769294.655943
1753769294.6835308
1753769294.729829
1753769294.7811687
1753769294.8244386
1753769294.8555841
1753769294.8967037
1753769294.9428926
1753769294.9791563
1753769295.0014324
1753769295.040472
1753769295.0834804
1753769295.1210113
1753769295.1431046
1753769295.1815886
1753769295.218653
1753769295.2827997
1753769295.3109348
1753769295.3554761
1753769295.382206
1753769295.4333913
1753769295.4749796
1753769295.5204442
1753769295.5444648
1753769295.6113346
1753769295.6564043
1753769295.7084432
1753769295.732796
1753769295.7711024
1753769295.8118448
1753769295.8512425
1753769295.8755867
1753769295.914448
1753769295.9558635
1753769296.0111423
1753769296.0444453
1753769296.1040168
1753769296.1458383
1753769296.1866817
1753769296.2124298
1753769296.2488637
1753769296.2992759
1753769296.3743916
1753769296.40317
1753769296.4480932
1753769296.486613
1753769296.5250125
1753769296.546835
1753769296.5838234
1753769296.620646
1753769296.687082
1753769296.7141008
1753769296.7559378
1753769296.7936413
1753769296.8320115
1753769296.8540432
1753769296.891034
1753769296.9292805
1753769297.0077963
1753769297.038194
1753769297.0817385
1753769297.1208293
1753769297.1605523
1753769297.183778
1753769297.2227833
1753769297.2614667
1753769297.3342023
1753769297.360089
1753769297.402658
1753769297.44246
1753769297.4920163
1753769297.5165894
1753769297.5565886
1753769297.5950243
1753769297.632969
1753769297.655869
1753769297.711801
1753769297.754819
1753769297.798067
1753769297.8243787
1753769297.8753402
1753769297.919328
1753769297.9606082
1753769297.9840295
1753769298.0317936
1753769298.074815
1753769298.1173346
1753769298.1407797
1753769298.188821
1753769298.2300308
1753769298.293127
1753769298.3173268
1753769298.3679094
1753769298.4146125
1753769298.4564173
1753769298.4803534
1753769298.5217881
1753769298.5595486
1753769298.596959
1753769298.6219134
1753769298.6644151
1753769298.7008696
1753769298.7377028
1753769298.760803
1753769298.8010523
1753769298.8376088
1753769298.8740065
1753769298.8980792
1753769298.9407406
1753769298.9790826
1753769299.0186844
1753769299.0444772
1753769299.0895383
1753769299.13173
1753769299.1707687
1753769299.2007062
1753769299.2464302
1753769299.2872858
1753769299.3253908
1753769299.3500676
1753769299.392149
1753769299.4308076
1753769299.4691024
1753769299.4947796
1753769299.5389733
1753769299.5797038
1753769299.620478
1753769299.645199
1753769299.686758
1753769299.7531872
1753769299.7970479
1753769299.8226292
1753769299.8731458
1753769299.9150777
1753769299.9588604
1753769299.9831164
1753769300.0350695
1753769300.0774484
1753769300.1204984
1753769300.145341
1753769300.193465
1753769300.2385027
1753769300.288556
1753769300.3143866
1753769300.3700206
1753769300.4134016
1753769300.4556997
1753769300.4799242
1753769300.529714
1753769300.568022
1753769300.6071389
1753769300.6312664
1753769300.6756012
1753769300.7133813
1753769300.7543693
1753769300.7791588
1753769300.8292096
1753769300.8745956
1753769300.9158175
1753769300.9391944
1753769300.9875906
1753769301.0306094
1753769301.0732956
1753769301.1027555
1753769301.152853
1753769301.1944005
1753769301.2456393
1753769301.2694626
1753769301.317157
1753769301.3597233
1753769301.4096034
1753769301.4417324
1753769301.494174
1753769301.537638
